0.000000000000000000e+00 -1.549019599857431873e-01
8.045051609704977069e-02 -1.972147511396200315e-01
1.609010321940995414e-01 -5.808231125936048622e-01
2.413515482911492982e-01 -1.680515251625442019e+00
3.218020643881990828e-01 -2.003172201130961838e+00
4.022525804852488118e-01 -2.085948898323298994e+00
4.827030965822985964e-01 -2.524351798314417028e+00
5.631536126793483810e-01 -2.993909485888899713e+00
6.436041287763981655e-01 -3.389823686504089828e+00
7.240546448734478391e-01 -3.520255741650962555e+00
8.045051609704976237e-01 -3.534522315074980270e+00
8.849556770675472972e-01 -3.514273284789974028e+00
9.654061931645971928e-01 -3.461250932177174278e+00
1.045856709261647088e+00 -3.528348610838856203e+00
1.126307225358696762e+00 -3.578510130808392198e+00
1.206757741455746435e+00 -3.549930887307020111e+00
1.287208257552796331e+00 -3.455932842190643228e+00
1.367658773649846005e+00 -3.415914838838913337e+00
1.448109289746895678e+00 -3.413487509060415093e+00
1.528559805843945352e+00 -3.379794392448880025e+00
1.609010321940995247e+00 -3.309225129641387042e+00
1.689460838038045143e+00 -3.245810587034415384e+00
1.769911354135094594e+00 -3.213641711975041115e+00
1.850361870232144490e+00 -3.169317444391104743e+00
1.930812386329194386e+00 -3.087444857692049460e+00
2.011262902426244281e+00 -3.023766894007190231e+00
2.091713418523294177e+00 -2.983676923246350476e+00
2.172163934620343628e+00 -2.992673107135122912e+00
2.252614450717393524e+00 -3.017143004912759441e+00
2.333064966814443419e+00 -3.084287099727533121e+00
2.413515482911492871e+00 -3.176940763374341614e+00
2.493965999008542767e+00 -3.215738755204346155e+00
2.574416515105592662e+00 -3.273713447735066229e+00
2.654867031202642558e+00 -3.293742328426778165e+00
2.735317547299692009e+00 -3.292210703755262369e+00
2.815768063396741905e+00 -3.311733709063249265e+00
2.896218579493791356e+00 -3.308969219211416846e+00
2.976669095590841252e+00 -3.322911390780942664e+00
3.057119611687890703e+00 -3.346477576000090881e+00
3.137570127784940599e+00 -3.397092214468028448e+00
3.218020643881990495e+00 -3.424426197011811723e+00
3.298471159979039946e+00 -3.428679166962155911e+00
3.378921676076090286e+00 -3.429115278022789148e+00
3.459372192173139737e+00 -3.427656782343251773e+00
3.539822708270189189e+00 -3.431139883409668911e+00
3.620273224367239528e+00 -3.407762120733850431e+00
3.700723740464288980e+00 -3.330160198255232018e+00
3.781174256561339320e+00 -3.291410271553698141e+00
3.861624772658388771e+00 -3.299351400446925542e+00
3.942075288755438223e+00 -3.328811313436910169e+00
4.022525804852488562e+00 -3.336327924952207091e+00
4.102976320949538014e+00 -3.343085747271219432e+00
4.183426837046588354e+00 -3.353215724925527219e+00
4.263877353143637805e+00 -3.397583701042243831e+00
4.344327869240687257e+00 -3.425575287672890212e+00
4.424778385337737596e+00 -3.432838794516184233e+00
4.505228901434787048e+00 -3.410315186597498549e+00
4.585679417531836499e+00 -3.381456874655403233e+00
4.666129933628886839e+00 -3.362864448926618621e+00
4.746580449725936290e+00 -3.376429336879867904e+00
4.827030965822985742e+00 -3.378579653829213658e+00
4.907481481920036082e+00 -3.369089893339727748e+00
4.987931998017085533e+00 -3.357907960777459344e+00
5.068382514114135873e+00 -3.373029631519099070e+00
5.148833030211185324e+00 -3.375495996093969886e+00
5.229283546308234776e+00 -3.364642019535129869e+00
5.309734062405285115e+00 -3.349368349397451095e+00
5.390184578502334567e+00 -3.327826841993114737e+00
5.470635094599384018e+00 -3.333856697496920152e+00
5.551085610696433470e+00 -3.371764428263031022e+00
5.631536126793483810e+00 -3.401025675730272813e+00
5.711986642890533261e+00 -3.380994151326802477e+00
5.792437158987582713e+00 -3.348209279041859610e+00
5.872887675084633052e+00 -3.363887252676720063e+00
5.953338191181682504e+00 -3.399685804841187320e+00
6.033788707278731955e+00 -3.381737314761802171e+00
6.114239223375781407e+00 -3.336959313663973248e+00
6.194689739472831747e+00 -3.305524649351177402e+00
6.275140255569881198e+00 -3.298178257024429794e+00
6.355590771666931538e+00 -3.330164941379846422e+00
6.436041287763980989e+00 -3.359773914618513047e+00
6.516491803861030441e+00 -3.365138734616213156e+00
6.596942319958079892e+00 -3.348887068684340385e+00
6.677392836055131120e+00 -3.354810194854649374e+00
6.757843352152180572e+00 -3.360982570992951501e+00
6.838293868249230023e+00 -3.373467913043392663e+00
6.918744384346279475e+00 -3.400400239321041074e+00
6.999194900443328926e+00 -3.403116359996405382e+00
7.079645416540378378e+00 -3.399510172431580379e+00
7.160095932637429605e+00 -3.413902469316191901e+00
7.240546448734479057e+00 -3.458418363169985632e+00
7.320996964831528508e+00 -3.504650614406286113e+00
7.401447480928577960e+00 -3.483946969168705721e+00
7.481897997025627411e+00 -3.442966526184816800e+00
7.562348513122678639e+00 -3.434547962901708829e+00
7.642799029219728091e+00 -3.452212316041908036e+00
7.723249545316777542e+00 -3.449305354873075213e+00
7.803700061413826994e+00 -3.439881519630896278e+00
7.884150577510876445e+00 -3.445857835461811458e+00
7.964601093607927673e+00 -3.446506734557784668e+00
8.045051609704977125e+00 -3.453212799979297642e+00
8.125502125802025688e+00 -3.459687005518183867e+00
8.205952641899076028e+00 -3.457715846500591717e+00
8.286403157996124591e+00 -3.452200202310530930e+00
8.366853674093176707e+00 -3.461276957807205346e+00
8.447304190190225270e+00 -3.469401082790711133e+00
8.527754706287275610e+00 -3.453151437139648117e+00
8.608205222384324173e+00 -3.453063140934677921e+00
8.688655738481374513e+00 -3.467983815141324477e+00
8.769106254578423076e+00 -3.427955174119470261e+00
8.849556770675475192e+00 -3.402824019280455303e+00
8.930007286772523756e+00 -3.406124993852380101e+00
9.010457802869574095e+00 -3.418659072200780802e+00
9.090908318966622659e+00 -3.439097009900303981e+00
9.171358835063672998e+00 -3.471785651342640833e+00
9.251809351160723338e+00 -3.500785479125240851e+00
9.332259867257773678e+00 -3.523039066535256669e+00
9.412710383354822241e+00 -3.513865953157045752e+00
9.493160899451872581e+00 -3.506814623638476291e+00
9.573611415548921144e+00 -3.492976412619680726e+00
9.654061931645971484e+00 -3.496598666408607503e+00
9.734512447743021823e+00 -3.508246225037423560e+00
9.814962963840072163e+00 -3.531126364349855606e+00
9.895413479937120727e+00 -3.536839945894369563e+00
9.975863996034171066e+00 -3.531187085495513411e+00
1.005631451213121963e+01 -3.514160697798721866e+00
1.013676502822827175e+01 -3.493823830981131806e+00
1.021721554432532031e+01 -3.480348353926965732e+00
1.029766606042237065e+01 -3.478846333152459280e+00
