0.000000000000000000e+00 -1.549019599857431873e-01
8.045051609704977069e-02 -3.950299687520178460e-01
1.609010321940995414e-01 -1.273723288823609412e+00
2.413515482911492982e-01 -4.037383071420107328e+00
3.218020643881990828e-01 -4.505372021466634180e+00
4.022525804852488118e-01 -4.339018200074507448e+00
4.827030965822985964e-01 -4.901903633053446896e+00
5.631536126793483810e-01 -6.017216754913834897e+00
6.436041287763981655e-01 -6.767763848428782758e+00
7.240546448734478391e-01 -7.109748546429139893e+00
8.045051609704976237e-01 -7.193128364557501264e+00
8.849556770675472972e-01 -7.104465296413921216e+00
9.654061931645971928e-01 -7.121711877656418110e+00
1.045856709261647088e+00 -7.181799181328514692e+00
1.126307225358696762e+00 -7.130454547626682071e+00
1.206757741455746435e+00 -7.139215306653232673e+00
1.287208257552796331e+00 -7.125881664360049328e+00
1.367658773649846005e+00 -6.960182519943364454e+00
1.448109289746895678e+00 -6.781970212935958031e+00
1.528559805843945352e+00 -6.604858800489100012e+00
1.609010321940995247e+00 -6.490575396215561454e+00
1.689460838038045143e+00 -6.458422307461747280e+00
1.769911354135094594e+00 -6.383657933968000187e+00
1.850361870232144490e+00 -6.220570067456799634e+00
1.930812386329194386e+00 -6.001644409095200139e+00
2.011262902426244281e+00 -5.901003868402825425e+00
2.091713418523294177e+00 -5.899750318500830204e+00
2.172163934620343628e+00 -5.974111460946128993e+00
2.252614450717393524e+00 -6.055403917967612237e+00
2.333064966814443419e+00 -6.205890558620973607e+00
2.413515482911492871e+00 -6.298249091015891921e+00
2.493965999008542767e+00 -6.368529076661244126e+00
2.574416515105592662e+00 -6.414954292598409324e+00
2.654867031202642558e+00 -6.415120913385536028e+00
2.735317547299692009e+00 -6.478583723263629857e+00
2.815768063396741905e+00 -6.565270829636491001e+00
2.896218579493791356e+00 -6.590999267168363041e+00
2.976669095590841252e+00 -6.654315885845194067e+00
3.057119611687890703e+00 -6.728854660395398035e+00
3.137570127784940599e+00 -6.781188481947642011e+00
3.218020643881990495e+00 -6.770528571803624551e+00
3.298471159979039946e+00 -6.716137986441169438e+00
3.378921676076090286e+00 -6.705116458296225268e+00
3.459372192173139737e+00 -6.757978034864437156e+00
3.539822708270189189e+00 -6.734301493531035909e+00
3.620273224367239528e+00 -6.688927313558985510e+00
3.700723740464288980e+00 -6.697248703619620436e+00
3.781174256561339320e+00 -6.744619770041926365e+00
3.861624772658388771e+00 -6.739581761519184866e+00
3.942075288755438223e+00 -6.688883039545118869e+00
4.022525804852488562e+00 -6.701019234977253269e+00
4.102976320949538014e+00 -6.740839245258468004e+00
4.183426837046588354e+00 -6.797002416707087491e+00
4.263877353143637805e+00 -6.785713929301590674e+00
4.344327869240687257e+00 -6.755604189087620171e+00
4.424778385337737596e+00 -6.760543852458634539e+00
4.505228901434787048e+00 -6.726494892357274935e+00
4.585679417531836499e+00 -6.698988862533513888e+00
4.666129933628886839e+00 -6.726327653511163795e+00
4.746580449725936290e+00 -6.794457224947290541e+00
4.827030965822985742e+00 -6.820424517121096208e+00
4.907481481920036082e+00 -6.810118284573721148e+00
4.987931998017085533e+00 -6.751245775968676810e+00
5.068382514114135873e+00 -6.735417995495850185e+00
5.148833030211185324e+00 -6.729285718545558126e+00
5.229283546308234776e+00 -6.741789533058712536e+00
5.309734062405285115e+00 -6.687382776765132597e+00
5.390184578502334567e+00 -6.668215229788221343e+00
5.470635094599384018e+00 -6.734868626129841829e+00
5.551085610696433470e+00 -6.818914699305086202e+00
5.631536126793483810e+00 -6.882423950189396678e+00
5.711986642890533261e+00 -6.868064664181974699e+00
5.792437158987582713e+00 -6.775139387573695160e+00
5.872887675084633052e+00 -6.720529482123687615e+00
5.953338191181682504e+00 -6.732633237788903990e+00
6.033788707278731955e+00 -6.777718000097578077e+00
6.114239223375781407e+00 -6.733287851966986537e+00
6.194689739472831747e+00 -6.635555030620126971e+00
6.275140255569881198e+00 -6.667251026028975680e+00
6.355590771666931538e+00 -6.748645727928573201e+00
6.436041287763980989e+00 -6.789330684576063923e+00
6.516491803861030441e+00 -6.777437287676372435e+00
6.596942319958079892e+00 -6.705496142117738145e+00
6.677392836055131120e+00 -6.678298334672198244e+00
6.757843352152180572e+00 -6.736902250769920109e+00
6.838293868249230023e+00 -6.808463180115919222e+00
6.918744384346279475e+00 -6.799917026474054715e+00
6.999194900443328926e+00 -6.735001707013317684e+00
7.079645416540378378e+00 -6.693829283895667004e+00
7.160095932637429605e+00 -6.722624786084629100e+00
7.240546448734479057e+00 -6.787470937351534950e+00
7.320996964831528508e+00 -6.838035875441631717e+00
7.401447480928577960e+00 -6.874992967771965446e+00
7.481897997025627411e+00 -6.848554201351285897e+00
7.562348513122678639e+00 -6.813744072414787745e+00
7.642799029219728091e+00 -6.825689866249764925e+00
7.723249545316777542e+00 -6.844200141986287456e+00
7.803700061413826994e+00 -6.855585853474287283e+00
7.884150577510876445e+00 -6.856815432129576671e+00
7.964601093607927673e+00 -6.858615324032896865e+00
8.045051609704977125e+00 -6.835166586724246152e+00
8.125502125802025688e+00 -6.839880554172885319e+00
8.205952641899076028e+00 -6.869048478571873062e+00
8.286403157996124591e+00 -6.932442265486456812e+00
8.366853674093176707e+00 -6.924968868633632368e+00
8.447304190190225270e+00 -6.929966692957861163e+00
8.527754706287275610e+00 -6.943224039828296057e+00
8.608205222384324173e+00 -6.976898369067433769e+00
8.688655738481374513e+00 -6.955174003806755323e+00
8.769106254578423076e+00 -6.923232795954306518e+00
8.849556770675475192e+00 -6.911744404259736463e+00
8.930007286772523756e+00 -6.924936841893899242e+00
9.010457802869574095e+00 -6.941075672400406127e+00
9.090908318966622659e+00 -6.953323581142184295e+00
9.171358835063672998e+00 -6.992768734444582357e+00
9.251809351160723338e+00 -6.997642736431905597e+00
9.332259867257773678e+00 -6.971107000922521557e+00
9.412710383354822241e+00 -6.995976127307796943e+00
9.493160899451872581e+00 -7.054309259118493713e+00
9.573611415548921144e+00 -7.084045255697267507e+00
9.654061931645971484e+00 -7.032456759142114322e+00
9.734512447743021823e+00 -6.971018427033278897e+00
9.814962963840072163e+00 -6.964319553178649258e+00
9.895413479937120727e+00 -6.967936214400040740e+00
9.975863996034171066e+00 -6.974196952244318126e+00
1.005631451213121963e+01 -7.054665250050705438e+00
1.013676502822827175e+01 -7.096252164495807868e+00
1.021721554432532031e+01 -7.104585293175131433e+00
1.029766606042237065e+01 -7.071379394155052900e+00
