0.000000000000000000e+00 -1.549019599857431873e-01
8.045051609704977069e-02 -1.868711783001280047e-01
1.609010321940995414e-01 -5.015896516310238695e-01
2.413515482911492982e-01 -1.560224049586430128e+00
3.218020643881990828e-01 -2.433898944290780797e+00
4.022525804852488118e-01 -2.649408201567195587e+00
4.827030965822985964e-01 -2.799322485628456203e+00
5.631536126793483810e-01 -2.948688973189434126e+00
6.436041287763981655e-01 -3.103311489935363099e+00
7.240546448734478391e-01 -3.213281910721252022e+00
8.045051609704976237e-01 -3.333239011836289567e+00
8.849556770675472972e-01 -3.399574929331108386e+00
9.654061931645971928e-01 -3.418358487410815716e+00
1.045856709261647088e+00 -3.476710395694206923e+00
1.126307225358696762e+00 -3.536471388480193490e+00
1.206757741455746435e+00 -3.543953159908912909e+00
1.287208257552796331e+00 -3.511436202853778887e+00
1.367658773649846005e+00 -3.449733024943471893e+00
1.448109289746895678e+00 -3.386031955255467185e+00
1.528559805843945352e+00 -3.352113107919645341e+00
1.609010321940995247e+00 -3.306136524598308313e+00
1.689460838038045143e+00 -3.229437764877308048e+00
1.769911354135094594e+00 -3.095673804467074408e+00
1.850361870232144490e+00 -3.007469032054406188e+00
1.930812386329194386e+00 -2.982896505694086819e+00
2.011262902426244281e+00 -2.963372143931412683e+00
2.091713418523294177e+00 -2.924364674864379676e+00
2.172163934620343628e+00 -2.947483258042840504e+00
2.252614450717393524e+00 -3.037272737204470552e+00
2.333064966814443419e+00 -3.163110712317759088e+00
2.413515482911492871e+00 -3.236061574974177457e+00
2.493965999008542767e+00 -3.284121001313623278e+00
2.574416515105592662e+00 -3.324002199063188279e+00
2.654867031202642558e+00 -3.366375575186860480e+00
2.735317547299692009e+00 -3.387981878607171371e+00
2.815768063396741905e+00 -3.388678934634643092e+00
2.896218579493791356e+00 -3.426781954168203193e+00
2.976669095590841252e+00 -3.449900477155685596e+00
3.057119611687890703e+00 -3.400304379720564985e+00
3.137570127784940599e+00 -3.377114256523642055e+00
3.218020643881990495e+00 -3.390371399410353259e+00
3.298471159979039946e+00 -3.421473314427459833e+00
3.378921676076090286e+00 -3.453850528288572530e+00
3.459372192173139737e+00 -3.458618144457807908e+00
3.539822708270189189e+00 -3.418106507506839975e+00
3.620273224367239528e+00 -3.399973391975699588e+00
3.700723740464288980e+00 -3.384646289735597335e+00
3.781174256561339320e+00 -3.396752377243461130e+00
3.861624772658388771e+00 -3.390082858738622917e+00
3.942075288755438223e+00 -3.363317653823996167e+00
4.022525804852488562e+00 -3.377149828904391526e+00
4.102976320949538014e+00 -3.373217662313240606e+00
4.183426837046588354e+00 -3.352323859690895969e+00
4.263877353143637805e+00 -3.359541871059358087e+00
4.344327869240687257e+00 -3.359194037594138482e+00
4.424778385337737596e+00 -3.340826035311193820e+00
4.505228901434787048e+00 -3.343902371200934365e+00
4.585679417531836499e+00 -3.394368074180500017e+00
4.666129933628886839e+00 -3.421511258508733277e+00
4.746580449725936290e+00 -3.413844281205592246e+00
4.827030965822985742e+00 -3.392494238770765502e+00
4.907481481920036082e+00 -3.375498655645784218e+00
4.987931998017085533e+00 -3.367303585304091573e+00
5.068382514114135873e+00 -3.378129255275994947e+00
5.148833030211185324e+00 -3.395447110966605120e+00
5.229283546308234776e+00 -3.391604853565644451e+00
5.309734062405285115e+00 -3.399505071527492372e+00
5.390184578502334567e+00 -3.416781974445832315e+00
5.470635094599384018e+00 -3.441027012480456726e+00
5.551085610696433470e+00 -3.434205107817584146e+00
5.631536126793483810e+00 -3.390327297237488491e+00
5.711986642890533261e+00 -3.362191578383096235e+00
5.792437158987582713e+00 -3.371644644589555817e+00
5.872887675084633052e+00 -3.397143301506871715e+00
5.953338191181682504e+00 -3.399162167453355643e+00
6.033788707278731955e+00 -3.367823612114141163e+00
6.114239223375781407e+00 -3.356210096385303654e+00
6.194689739472831747e+00 -3.348844168458197768e+00
6.275140255569881198e+00 -3.365544424940301482e+00
6.355590771666931538e+00 -3.391993242454381718e+00
6.436041287763980989e+00 -3.425955176796489532e+00
6.516491803861030441e+00 -3.416773546492567704e+00
6.596942319958079892e+00 -3.390667065031716554e+00
6.677392836055131120e+00 -3.378155620196065190e+00
6.757843352152180572e+00 -3.384801011270748727e+00
6.838293868249230023e+00 -3.368637482441768416e+00
6.918744384346279475e+00 -3.371453595750113497e+00
6.999194900443328926e+00 -3.386324336461550288e+00
7.079645416540378378e+00 -3.395327041199892371e+00
7.160095932637429605e+00 -3.405759445145401187e+00
7.240546448734479057e+00 -3.376128519358091218e+00
7.320996964831528508e+00 -3.347506556659006538e+00
7.401447480928577960e+00 -3.368241636030975261e+00
7.481897997025627411e+00 -3.407324792362430355e+00
7.562348513122678639e+00 -3.451000430861963508e+00
7.642799029219728091e+00 -3.440522981702988314e+00
7.723249545316777542e+00 -3.427060982298263614e+00
7.803700061413826994e+00 -3.427128379187084573e+00
7.884150577510876445e+00 -3.444927523308342732e+00
7.964601093607927673e+00 -3.475986190600092396e+00
8.045051609704977125e+00 -3.472183303489453365e+00
8.125502125802025688e+00 -3.463224723747889477e+00
8.205952641899076028e+00 -3.473727229563464913e+00
8.286403157996124591e+00 -3.464540281008374745e+00
8.366853674093176707e+00 -3.445735454117051955e+00
8.447304190190225270e+00 -3.430479111531158587e+00
8.527754706287275610e+00 -3.434740438448335986e+00
8.608205222384324173e+00 -3.450554918681507655e+00
8.688655738481374513e+00 -3.441821719227228460e+00
8.769106254578423076e+00 -3.450347040773601215e+00
8.849556770675475192e+00 -3.443953907578575002e+00
8.930007286772523756e+00 -3.465210576584184299e+00
9.010457802869574095e+00 -3.487639672540231217e+00
9.090908318966622659e+00 -3.508333506030115956e+00
9.171358835063672998e+00 -3.521698361506896191e+00
9.251809351160723338e+00 -3.495778009145651843e+00
9.332259867257773678e+00 -3.467076951071651258e+00
9.412710383354822241e+00 -3.440357207293198716e+00
9.493160899451872581e+00 -3.448534305701011604e+00
9.573611415548921144e+00 -3.476975778142854967e+00
9.654061931645971484e+00 -3.497537269675176752e+00
9.734512447743021823e+00 -3.503051352878087332e+00
9.814962963840072163e+00 -3.497872504417667727e+00
9.895413479937120727e+00 -3.493868331514383474e+00
9.975863996034171066e+00 -3.495678116572123351e+00
1.005631451213121963e+01 -3.506155404368310968e+00
1.013676502822827175e+01 -3.530834962280340328e+00
1.021721554432532031e+01 -3.566976642384568574e+00
1.029766606042237065e+01 -3.555001048422198107e+00
