0.000000000000000000e+00 -1.549019599857431873e-01
8.045051609704977069e-02 -1.932583310077282956e-01
1.609010321940995414e-01 -5.496409423772879999e-01
2.413515482911492982e-01 -1.625953091075138746e+00
3.218020643881990828e-01 -2.549064849585841674e+00
4.022525804852488118e-01 -2.476657080575755288e+00
4.827030965822985964e-01 -2.672596893814878083e+00
5.631536126793483810e-01 -3.008974758808966588e+00
6.436041287763981655e-01 -3.215768283574217179e+00
7.240546448734478391e-01 -3.428643994056665978e+00
8.045051609704976237e-01 -3.591634400506811264e+00
8.849556770675472972e-01 -3.646954373883590783e+00
9.654061931645971928e-01 -3.693067576558866971e+00
1.045856709261647088e+00 -3.772372354420204577e+00
1.126307225358696762e+00 -3.793672209879110468e+00
1.206757741455746435e+00 -3.719789414870396715e+00
1.287208257552796331e+00 -3.588314113541691608e+00
1.367658773649846005e+00 -3.479768662215882546e+00
1.448109289746895678e+00 -3.398283475510622598e+00
1.528559805843945352e+00 -3.356333911447607399e+00
1.609010321940995247e+00 -3.311735812247942334e+00
1.689460838038045143e+00 -3.245258061898930624e+00
1.769911354135094594e+00 -3.155251111896348881e+00
1.850361870232144490e+00 -3.070723463600460779e+00
1.930812386329194386e+00 -2.985146200107888781e+00
2.011262902426244281e+00 -2.946385571776323875e+00
2.091713418523294177e+00 -2.948232118511932676e+00
2.172163934620343628e+00 -2.972661228362646568e+00
2.252614450717393524e+00 -2.935850032544913280e+00
2.333064966814443419e+00 -2.932120480642343097e+00
2.413515482911492871e+00 -3.012036287430752246e+00
2.493965999008542767e+00 -3.142933354215100117e+00
2.574416515105592662e+00 -3.211646586204845555e+00
2.654867031202642558e+00 -3.256274245629591224e+00
2.735317547299692009e+00 -3.279650094105748259e+00
2.815768063396741905e+00 -3.307182634993279358e+00
2.896218579493791356e+00 -3.335237060486975214e+00
2.976669095590841252e+00 -3.352981411836060577e+00
3.057119611687890703e+00 -3.313585534839999625e+00
3.137570127784940599e+00 -3.293390235970702573e+00
3.218020643881990495e+00 -3.307859045491059469e+00
3.298471159979039946e+00 -3.333006963462649352e+00
3.378921676076090286e+00 -3.329652547718901179e+00
3.459372192173139737e+00 -3.309036563023362909e+00
3.539822708270189189e+00 -3.275838360493976698e+00
3.620273224367239528e+00 -3.256151089946463184e+00
3.700723740464288980e+00 -3.258683872992437003e+00
3.781174256561339320e+00 -3.271659421561864178e+00
3.861624772658388771e+00 -3.300061193325274367e+00
3.942075288755438223e+00 -3.340569640444028821e+00
4.022525804852488562e+00 -3.368899502639484123e+00
4.102976320949538014e+00 -3.391505474487795269e+00
4.183426837046588354e+00 -3.378365783589113214e+00
4.263877353143637805e+00 -3.353335434853498942e+00
4.344327869240687257e+00 -3.326880636026191329e+00
4.424778385337737596e+00 -3.313806339171769810e+00
4.505228901434787048e+00 -3.294024584391050503e+00
4.585679417531836499e+00 -3.292305738212838229e+00
4.666129933628886839e+00 -3.300265964033294974e+00
4.746580449725936290e+00 -3.311311198520630494e+00
4.827030965822985742e+00 -3.321948150987141801e+00
4.907481481920036082e+00 -3.385444085085969501e+00
4.987931998017085533e+00 -3.414474020104764307e+00
5.068382514114135873e+00 -3.407589246449657772e+00
5.148833030211185324e+00 -3.396469574065362984e+00
5.229283546308234776e+00 -3.392533089686581516e+00
5.309734062405285115e+00 -3.396343432603514678e+00
5.390184578502334567e+00 -3.412147037100557334e+00
5.470635094599384018e+00 -3.410394685242199575e+00
5.551085610696433470e+00 -3.418617613081578632e+00
5.631536126793483810e+00 -3.400042158043429463e+00
5.711986642890533261e+00 -3.369858035126673812e+00
5.792437158987582713e+00 -3.327029666917927120e+00
5.872887675084633052e+00 -3.315816355962506901e+00
5.953338191181682504e+00 -3.326282943160513650e+00
6.033788707278731955e+00 -3.357910722080771571e+00
6.114239223375781407e+00 -3.359301609359341967e+00
6.194689739472831747e+00 -3.369605240764600218e+00
6.275140255569881198e+00 -3.385944139119941632e+00
6.355590771666931538e+00 -3.387552420403186382e+00
6.436041287763980989e+00 -3.377849041220335913e+00
6.516491803861030441e+00 -3.397519678246982533e+00
6.596942319958079892e+00 -3.394288642937627554e+00
6.677392836055131120e+00 -3.377856850221284013e+00
6.757843352152180572e+00 -3.364439413282132030e+00
6.838293868249230023e+00 -3.385440188672515394e+00
6.918744384346279475e+00 -3.420057113150647865e+00
6.999194900443328926e+00 -3.432173708952430680e+00
7.079645416540378378e+00 -3.403984089761223686e+00
7.160095932637429605e+00 -3.382026252423768309e+00
7.240546448734479057e+00 -3.392848304601795650e+00
7.320996964831528508e+00 -3.400644919756559137e+00
7.401447480928577960e+00 -3.383623142609606393e+00
7.481897997025627411e+00 -3.388318891672680522e+00
7.562348513122678639e+00 -3.414792483115575816e+00
7.642799029219728091e+00 -3.430511653557260843e+00
7.723249545316777542e+00 -3.436912389982916149e+00
7.803700061413826994e+00 -3.411162613789680442e+00
7.884150577510876445e+00 -3.408295829487091311e+00
7.964601093607927673e+00 -3.465290426641152166e+00
8.045051609704977125e+00 -3.490164316570670611e+00
8.125502125802025688e+00 -3.461731114031033396e+00
8.205952641899076028e+00 -3.431851061273750059e+00
8.286403157996124591e+00 -3.411663975629932288e+00
8.366853674093176707e+00 -3.404031869149989120e+00
8.447304190190225270e+00 -3.416944902326541023e+00
8.527754706287275610e+00 -3.412393426557055687e+00
8.608205222384324173e+00 -3.409295189469277343e+00
8.688655738481374513e+00 -3.421289236462469852e+00
8.769106254578423076e+00 -3.445047512021771396e+00
8.849556770675475192e+00 -3.431934273540468094e+00
8.930007286772523756e+00 -3.439994301936813770e+00
9.010457802869574095e+00 -3.456844546049864242e+00
9.090908318966622659e+00 -3.457649108266858118e+00
9.171358835063672998e+00 -3.450838039216528319e+00
9.251809351160723338e+00 -3.450293587971808407e+00
9.332259867257773678e+00 -3.453125218006340980e+00
9.412710383354822241e+00 -3.454758087393791754e+00
9.493160899451872581e+00 -3.461964791345296444e+00
9.573611415548921144e+00 -3.469388395555336402e+00
9.654061931645971484e+00 -3.481582860756678777e+00
9.734512447743021823e+00 -3.512818288583451576e+00
9.814962963840072163e+00 -3.519232209092617580e+00
9.895413479937120727e+00 -3.516212527648730379e+00
9.975863996034171066e+00 -3.512163981130354884e+00
1.005631451213121963e+01 -3.511934056998353260e+00
1.013676502822827175e+01 -3.496035739441615053e+00
1.021721554432532031e+01 -3.493496115564739934e+00
1.029766606042237065e+01 -3.515314113832891607e+00
