0.000000000000000000e+00 -1.549019599857431873e-01
8.045051609704977069e-02 -2.101385854906538120e-01
1.609010321940995414e-01 -6.512350990771170745e-01
2.413515482911492982e-01 -2.069979711591936500e+00
3.218020643881990828e-01 -1.986053310856550347e+00
4.022525804852488118e-01 -1.860714629005298049e+00
4.827030965822985964e-01 -2.138053363573991561e+00
5.631536126793483810e-01 -2.871424317079402044e+00
6.436041287763981655e-01 -3.290206850150268370e+00
7.240546448734478391e-01 -3.296878221421254640e+00
8.045051609704976237e-01 -3.277385136392700460e+00
8.849556770675472972e-01 -3.276807314477502064e+00
9.654061931645971928e-01 -3.312878164734440301e+00
1.045856709261647088e+00 -3.390514999263578577e+00
1.126307225358696762e+00 -3.470797720482869053e+00
1.206757741455746435e+00 -3.529447578714058675e+00
1.287208257552796331e+00 -3.580371700493681697e+00
1.367658773649846005e+00 -3.596084221818741433e+00
1.448109289746895678e+00 -3.566448109044052739e+00
1.528559805843945352e+00 -3.492357939665765354e+00
1.609010321940995247e+00 -3.386576650260771260e+00
1.689460838038045143e+00 -3.304326927401467273e+00
1.769911354135094594e+00 -3.176411064054586841e+00
1.850361870232144490e+00 -3.051539192582636506e+00
1.930812386329194386e+00 -2.960608115467163071e+00
2.011262902426244281e+00 -2.927909939503893444e+00
2.091713418523294177e+00 -2.978466251311303381e+00
2.172163934620343628e+00 -3.054923628616428299e+00
2.252614450717393524e+00 -3.101561807873549625e+00
2.333064966814443419e+00 -3.110595614978388213e+00
2.413515482911492871e+00 -3.085236671552677556e+00
2.493965999008542767e+00 -3.080873588757155002e+00
2.574416515105592662e+00 -3.141818480885927745e+00
2.654867031202642558e+00 -3.246265616616047289e+00
2.735317547299692009e+00 -3.314756985886350815e+00
2.815768063396741905e+00 -3.360188150507433580e+00
2.896218579493791356e+00 -3.397316338745750564e+00
2.976669095590841252e+00 -3.398169340500332147e+00
3.057119611687890703e+00 -3.380813789826312643e+00
3.137570127784940599e+00 -3.394768057088274560e+00
3.218020643881990495e+00 -3.400679737095881450e+00
3.298471159979039946e+00 -3.357219734957028745e+00
3.378921676076090286e+00 -3.365082117147898177e+00
3.459372192173139737e+00 -3.395519765040238891e+00
3.539822708270189189e+00 -3.422528956140039824e+00
3.620273224367239528e+00 -3.412947299895426667e+00
3.700723740464288980e+00 -3.395209346199576927e+00
3.781174256561339320e+00 -3.396041035944899367e+00
3.861624772658388771e+00 -3.395899620320228962e+00
3.942075288755438223e+00 -3.382379903246323760e+00
4.022525804852488562e+00 -3.381664663472249810e+00
4.102976320949538014e+00 -3.395685878822232606e+00
4.183426837046588354e+00 -3.400434957609981268e+00
4.263877353143637805e+00 -3.380253515927492902e+00
4.344327869240687257e+00 -3.384029736807753874e+00
4.424778385337737596e+00 -3.383371155316190926e+00
4.505228901434787048e+00 -3.379740386362422466e+00
4.585679417531836499e+00 -3.371718724181980598e+00
4.666129933628886839e+00 -3.356409116488501265e+00
4.746580449725936290e+00 -3.347920093872124525e+00
4.827030965822985742e+00 -3.358046988959068280e+00
4.907481481920036082e+00 -3.376902738317327124e+00
4.987931998017085533e+00 -3.391662102829662295e+00
5.068382514114135873e+00 -3.399082220344355143e+00
5.148833030211185324e+00 -3.418821929738490528e+00
5.229283546308234776e+00 -3.423486014735003025e+00
5.309734062405285115e+00 -3.408639870693888962e+00
5.390184578502334567e+00 -3.369791768340756555e+00
5.470635094599384018e+00 -3.363224319613704161e+00
5.551085610696433470e+00 -3.389747280587717349e+00
5.631536126793483810e+00 -3.422582617062196686e+00
5.711986642890533261e+00 -3.410947090452700170e+00
5.792437158987582713e+00 -3.369299175364579568e+00
5.872887675084633052e+00 -3.330124649102595757e+00
5.953338191181682504e+00 -3.335608412177960336e+00
6.033788707278731955e+00 -3.391744757700614787e+00
6.114239223375781407e+00 -3.416974216826198951e+00
6.194689739472831747e+00 -3.416115101730221593e+00
6.275140255569881198e+00 -3.429701597429649418e+00
6.355590771666931538e+00 -3.446420308389733123e+00
6.436041287763980989e+00 -3.438307091940947302e+00
6.516491803861030441e+00 -3.412140946796587748e+00
6.596942319958079892e+00 -3.374701985088997880e+00
6.677392836055131120e+00 -3.374360786218047359e+00
6.757843352152180572e+00 -3.372166247346353174e+00
6.838293868249230023e+00 -3.366740845560661555e+00
6.918744384346279475e+00 -3.366232686319658995e+00
6.999194900443328926e+00 -3.365007942421994080e+00
7.079645416540378378e+00 -3.393821439315050092e+00
7.160095932637429605e+00 -3.421586030623171126e+00
7.240546448734479057e+00 -3.422643262323604940e+00
7.320996964831528508e+00 -3.422281547983736960e+00
7.401447480928577960e+00 -3.429234039157252223e+00
7.481897997025627411e+00 -3.415818162067530750e+00
7.562348513122678639e+00 -3.404722203337773756e+00
7.642799029219728091e+00 -3.406889295526652095e+00
7.723249545316777542e+00 -3.426598998909938132e+00
7.803700061413826994e+00 -3.451815547990391586e+00
7.884150577510876445e+00 -3.488253987627175423e+00
7.964601093607927673e+00 -3.486157913758320959e+00
8.045051609704977125e+00 -3.458253481955108732e+00
8.125502125802025688e+00 -3.434223972999202346e+00
8.205952641899076028e+00 -3.407628160562933495e+00
8.286403157996124591e+00 -3.420671457021953632e+00
8.366853674093176707e+00 -3.437744190976999459e+00
8.447304190190225270e+00 -3.450553139096783184e+00
8.527754706287275610e+00 -3.439857015237531623e+00
8.608205222384324173e+00 -3.435851505084298374e+00
8.688655738481374513e+00 -3.415229460810643936e+00
8.769106254578423076e+00 -3.372006220370198815e+00
8.849556770675475192e+00 -3.387928708335898875e+00
8.930007286772523756e+00 -3.436029930663376142e+00
9.010457802869574095e+00 -3.480568322137600923e+00
9.090908318966622659e+00 -3.506675867877171004e+00
9.171358835063672998e+00 -3.504995417709401373e+00
9.251809351160723338e+00 -3.512861025952091154e+00
9.332259867257773678e+00 -3.512275587869799764e+00
9.412710383354822241e+00 -3.487781346441753527e+00
9.493160899451872581e+00 -3.459359416041003055e+00
9.573611415548921144e+00 -3.471275810997735523e+00
9.654061931645971484e+00 -3.497990367287433955e+00
9.734512447743021823e+00 -3.508041475936551912e+00
9.814962963840072163e+00 -3.522304641345310738e+00
9.895413479937120727e+00 -3.539426029854088274e+00
9.975863996034171066e+00 -3.561748218958832979e+00
1.005631451213121963e+01 -3.586116854669672893e+00
1.013676502822827175e+01 -3.587823554069835996e+00
1.021721554432532031e+01 -3.587810987353371672e+00
1.029766606042237065e+01 -3.583936855380052577e+00
