0.000000000000000000e+00 -1.549019599857431873e-01
8.045051609704977069e-02 -2.118455242069742228e-01
1.609010321940995414e-01 -6.035589065934339192e-01
2.413515482911492982e-01 -2.219891947494300410e+00
3.218020643881990828e-01 -2.450120121996228306e+00
4.022525804852488118e-01 -2.299252119329011634e+00
4.827030965822985964e-01 -2.491474880140391424e+00
5.631536126793483810e-01 -2.877929298835093963e+00
6.436041287763981655e-01 -3.222472832842151469e+00
7.240546448734478391e-01 -3.451220986127796930e+00
8.045051609704976237e-01 -3.514992769259472905e+00
8.849556770675472972e-01 -3.607478938864182361e+00
9.654061931645971928e-01 -3.679962145108213623e+00
1.045856709261647088e+00 -3.667938514643266146e+00
1.126307225358696762e+00 -3.632000115232736359e+00
1.206757741455746435e+00 -3.609537614684689366e+00
1.287208257552796331e+00 -3.585513493920990502e+00
1.367658773649846005e+00 -3.576673681570762042e+00
1.448109289746895678e+00 -3.506954917815011452e+00
1.528559805843945352e+00 -3.441008906429108283e+00
1.609010321940995247e+00 -3.382751457224220104e+00
1.689460838038045143e+00 -3.295478738096229598e+00
1.769911354135094594e+00 -3.184479573770441441e+00
1.850361870232144490e+00 -3.133911871592550025e+00
1.930812386329194386e+00 -3.093389901834517897e+00
2.011262902426244281e+00 -2.956702853833639733e+00
2.091713418523294177e+00 -2.899952478955636348e+00
2.172163934620343628e+00 -2.936491732733530924e+00
2.252614450717393524e+00 -2.999802825084386448e+00
2.333064966814443419e+00 -3.032867694593074148e+00
2.413515482911492871e+00 -3.079796476184069043e+00
2.493965999008542767e+00 -3.202974996592873325e+00
2.574416515105592662e+00 -3.311066268837491666e+00
2.654867031202642558e+00 -3.338805300566025647e+00
2.735317547299692009e+00 -3.357528510570537250e+00
2.815768063396741905e+00 -3.379568487363588059e+00
2.896218579493791356e+00 -3.401832706571934928e+00
2.976669095590841252e+00 -3.407013956013856593e+00
3.057119611687890703e+00 -3.429007341645530893e+00
3.137570127784940599e+00 -3.485982984572477683e+00
3.218020643881990495e+00 -3.507956760331303769e+00
3.298471159979039946e+00 -3.438241600472903503e+00
3.378921676076090286e+00 -3.385419344416647380e+00
3.459372192173139737e+00 -3.392265200948777704e+00
3.539822708270189189e+00 -3.401224913611438083e+00
3.620273224367239528e+00 -3.398229873554224678e+00
3.700723740464288980e+00 -3.375189784344105881e+00
3.781174256561339320e+00 -3.351320386687571595e+00
3.861624772658388771e+00 -3.315522884030760231e+00
3.942075288755438223e+00 -3.280665395436226817e+00
4.022525804852488562e+00 -3.288380638265766986e+00
4.102976320949538014e+00 -3.318885683660033781e+00
4.183426837046588354e+00 -3.333890068118792627e+00
4.263877353143637805e+00 -3.361312695931148564e+00
4.344327869240687257e+00 -3.389133786150191785e+00
4.424778385337737596e+00 -3.411588446485312787e+00
4.505228901434787048e+00 -3.433674011368753387e+00
4.585679417531836499e+00 -3.407952443289135935e+00
4.666129933628886839e+00 -3.378239040437916785e+00
4.746580449725936290e+00 -3.350991661853095493e+00
4.827030965822985742e+00 -3.322869640325374352e+00
4.907481481920036082e+00 -3.316733602373431289e+00
4.987931998017085533e+00 -3.317031436938205680e+00
5.068382514114135873e+00 -3.324429513637285449e+00
5.148833030211185324e+00 -3.338884202331564577e+00
5.229283546308234776e+00 -3.349659655443981698e+00
5.309734062405285115e+00 -3.361172589192527482e+00
5.390184578502334567e+00 -3.358000830280026161e+00
5.470635094599384018e+00 -3.343966564849660816e+00
5.551085610696433470e+00 -3.337794782617522937e+00
5.631536126793483810e+00 -3.359220424036507779e+00
5.711986642890533261e+00 -3.386486923728568410e+00
5.792437158987582713e+00 -3.443762940140142170e+00
5.872887675084633052e+00 -3.458617726391068903e+00
5.953338191181682504e+00 -3.439117962110050275e+00
6.033788707278731955e+00 -3.411152100286880984e+00
6.114239223375781407e+00 -3.394161611314725047e+00
6.194689739472831747e+00 -3.382785475025975153e+00
6.275140255569881198e+00 -3.401968819404806332e+00
6.355590771666931538e+00 -3.410672417051290317e+00
6.436041287763980989e+00 -3.429881276153759373e+00
6.516491803861030441e+00 -3.434148770640150339e+00
6.596942319958079892e+00 -3.419322104151853114e+00
6.677392836055131120e+00 -3.404095929638836004e+00
6.757843352152180572e+00 -3.422829693064457501e+00
6.838293868249230023e+00 -3.469175572705454513e+00
6.918744384346279475e+00 -3.503552506488275320e+00
6.999194900443328926e+00 -3.509306569298459078e+00
7.079645416540378378e+00 -3.492348517679583875e+00
7.160095932637429605e+00 -3.444251046246936010e+00
7.240546448734479057e+00 -3.387969410446985741e+00
7.320996964831528508e+00 -3.380049915690985785e+00
7.401447480928577960e+00 -3.414457849385268862e+00
7.481897997025627411e+00 -3.446546661563445024e+00
7.562348513122678639e+00 -3.430347891229739599e+00
7.642799029219728091e+00 -3.400033408509255839e+00
7.723249545316777542e+00 -3.403792076164451785e+00
7.803700061413826994e+00 -3.409017616141969409e+00
7.884150577510876445e+00 -3.412295720241636854e+00
7.964601093607927673e+00 -3.423734293497016079e+00
8.045051609704977125e+00 -3.442790001236187170e+00
8.125502125802025688e+00 -3.456956901663073012e+00
8.205952641899076028e+00 -3.444361116015062230e+00
8.286403157996124591e+00 -3.462810879086628102e+00
8.366853674093176707e+00 -3.501252652491756212e+00
8.447304190190225270e+00 -3.535264236837531548e+00
8.527754706287275610e+00 -3.503699423650675993e+00
8.608205222384324173e+00 -3.455012753659998381e+00
8.688655738481374513e+00 -3.431001234223873819e+00
8.769106254578423076e+00 -3.449873324474317382e+00
8.849556770675475192e+00 -3.477931209807292756e+00
8.930007286772523756e+00 -3.488672035613382683e+00
9.010457802869574095e+00 -3.485509198125747776e+00
9.090908318966622659e+00 -3.477540103514624281e+00
9.171358835063672998e+00 -3.478726224646585319e+00
9.251809351160723338e+00 -3.497903021638376408e+00
9.332259867257773678e+00 -3.500130235090930686e+00
9.412710383354822241e+00 -3.502065228767790028e+00
9.493160899451872581e+00 -3.514873634909509992e+00
9.573611415548921144e+00 -3.537027985234476812e+00
9.654061931645971484e+00 -3.547958735486778092e+00
9.734512447743021823e+00 -3.533177454667224549e+00
9.814962963840072163e+00 -3.511994160700154133e+00
9.895413479937120727e+00 -3.504296839245512274e+00
9.975863996034171066e+00 -3.511427375961770014e+00
1.005631451213121963e+01 -3.524609829345628498e+00
1.013676502822827175e+01 -3.527171916418287090e+00
1.021721554432532031e+01 -3.528467497947981979e+00
1.029766606042237065e+01 -3.534198369902758596e+00
