0.000000000000000000e+00 -1.549019599857431873e-01
8.045051609704977069e-02 -2.119683713648274626e-01
1.609010321940995414e-01 -6.414132612231531194e-01
2.413515482911492982e-01 -1.807677758981790284e+00
3.218020643881990828e-01 -1.855421317066284326e+00
4.022525804852488118e-01 -1.938158674311639240e+00
4.827030965822985964e-01 -2.412638122658440576e+00
5.631536126793483810e-01 -3.125333763616775506e+00
6.436041287763981655e-01 -3.476878279951857387e+00
7.240546448734478391e-01 -3.492898524969052065e+00
8.045051609704976237e-01 -3.402860464146868047e+00
8.849556770675472972e-01 -3.325302361549212993e+00
9.654061931645971928e-01 -3.289994910076552870e+00
1.045856709261647088e+00 -3.357119465912302925e+00
1.126307225358696762e+00 -3.467417810592031913e+00
1.206757741455746435e+00 -3.521473381623593468e+00
1.287208257552796331e+00 -3.468165467190707396e+00
1.367658773649846005e+00 -3.399094629241115051e+00
1.448109289746895678e+00 -3.334443787508559964e+00
1.528559805843945352e+00 -3.220598107221113615e+00
1.609010321940995247e+00 -3.163882845281289491e+00
1.689460838038045143e+00 -3.131604743630017840e+00
1.769911354135094594e+00 -3.121634478024826187e+00
1.850361870232144490e+00 -3.090591542986007578e+00
1.930812386329194386e+00 -3.002665048803749404e+00
2.011262902426244281e+00 -2.973235543820062166e+00
2.091713418523294177e+00 -3.011373484696338920e+00
2.172163934620343628e+00 -3.026033649156567140e+00
2.252614450717393524e+00 -3.019738273121973737e+00
2.333064966814443419e+00 -3.058298355127345047e+00
2.413515482911492871e+00 -3.122546801622292811e+00
2.493965999008542767e+00 -3.206334724864619901e+00
2.574416515105592662e+00 -3.308784984125997308e+00
2.654867031202642558e+00 -3.389160789565535126e+00
2.735317547299692009e+00 -3.376988451285954262e+00
2.815768063396741905e+00 -3.352968376134803030e+00
2.896218579493791356e+00 -3.384394900075756052e+00
2.976669095590841252e+00 -3.394505039962007142e+00
3.057119611687890703e+00 -3.399013632102471760e+00
3.137570127784940599e+00 -3.421118141383456823e+00
3.218020643881990495e+00 -3.406438395067358904e+00
3.298471159979039946e+00 -3.405570713772028135e+00
3.378921676076090286e+00 -3.385388821649566449e+00
3.459372192173139737e+00 -3.343222390571576330e+00
3.539822708270189189e+00 -3.325697563401781132e+00
3.620273224367239528e+00 -3.313932710278165938e+00
3.700723740464288980e+00 -3.336890977287085835e+00
3.781174256561339320e+00 -3.348546166767477850e+00
3.861624772658388771e+00 -3.337166950661198062e+00
3.942075288755438223e+00 -3.310213232557354779e+00
4.022525804852488562e+00 -3.287544166313794758e+00
4.102976320949538014e+00 -3.310102918166378583e+00
4.183426837046588354e+00 -3.363332007713726313e+00
4.263877353143637805e+00 -3.412909138432127509e+00
4.344327869240687257e+00 -3.402681557547079905e+00
4.424778385337737596e+00 -3.348921262720784942e+00
4.505228901434787048e+00 -3.364623129120341893e+00
4.585679417531836499e+00 -3.412562336156635290e+00
4.666129933628886839e+00 -3.406777523020240395e+00
4.746580449725936290e+00 -3.387597399917747332e+00
4.827030965822985742e+00 -3.376546260089689167e+00
4.907481481920036082e+00 -3.389324464117958069e+00
4.987931998017085533e+00 -3.392051468069785525e+00
5.068382514114135873e+00 -3.383266965949028204e+00
5.148833030211185324e+00 -3.375708087386363854e+00
5.229283546308234776e+00 -3.387780429831003026e+00
5.309734062405285115e+00 -3.404024512286635495e+00
5.390184578502334567e+00 -3.388804405248420970e+00
5.470635094599384018e+00 -3.371020834923902587e+00
5.551085610696433470e+00 -3.410941654782078114e+00
5.631536126793483810e+00 -3.458320953001506215e+00
5.711986642890533261e+00 -3.446189948944601511e+00
5.792437158987582713e+00 -3.373913223713907783e+00
5.872887675084633052e+00 -3.346180138361244616e+00
5.953338191181682504e+00 -3.383991563106310885e+00
6.033788707278731955e+00 -3.411540998539328573e+00
6.114239223375781407e+00 -3.407685973964046156e+00
6.194689739472831747e+00 -3.382307055994369538e+00
6.275140255569881198e+00 -3.391266901186587912e+00
6.355590771666931538e+00 -3.419303927956617084e+00
6.436041287763980989e+00 -3.405779729911349474e+00
6.516491803861030441e+00 -3.371579214959354420e+00
6.596942319958079892e+00 -3.358164249191644135e+00
6.677392836055131120e+00 -3.396550209890678129e+00
6.757843352152180572e+00 -3.404831171337076690e+00
6.838293868249230023e+00 -3.391007156635033493e+00
6.918744384346279475e+00 -3.390876074363606829e+00
6.999194900443328926e+00 -3.400225818728798366e+00
7.079645416540378378e+00 -3.380621800875027283e+00
7.160095932637429605e+00 -3.377495218335049731e+00
7.240546448734479057e+00 -3.406160450446455101e+00
7.320996964831528508e+00 -3.435850419954494583e+00
7.401447480928577960e+00 -3.453091519034599433e+00
7.481897997025627411e+00 -3.471839100175893922e+00
7.562348513122678639e+00 -3.462480841809937537e+00
7.642799029219728091e+00 -3.455048911938650047e+00
7.723249545316777542e+00 -3.445118638984968840e+00
7.803700061413826994e+00 -3.444130359410840114e+00
7.884150577510876445e+00 -3.474601382067826094e+00
7.964601093607927673e+00 -3.497687579170173588e+00
8.045051609704977125e+00 -3.467177469917476440e+00
8.125502125802025688e+00 -3.424445541134242710e+00
8.205952641899076028e+00 -3.436596922965974521e+00
8.286403157996124591e+00 -3.464737034260991333e+00
8.366853674093176707e+00 -3.472407637990066576e+00
8.447304190190225270e+00 -3.488669410907755175e+00
8.527754706287275610e+00 -3.510934005040347916e+00
8.608205222384324173e+00 -3.508744490717154996e+00
8.688655738481374513e+00 -3.484910613242036881e+00
8.769106254578423076e+00 -3.489071755760855265e+00
8.849556770675475192e+00 -3.526803598404873785e+00
8.930007286772523756e+00 -3.525557864531845276e+00
9.010457802869574095e+00 -3.510765448136403233e+00
9.090908318966622659e+00 -3.514798085464646338e+00
9.171358835063672998e+00 -3.527311814020553715e+00
9.251809351160723338e+00 -3.529183389143840444e+00
9.332259867257773678e+00 -3.491486849780866653e+00
9.412710383354822241e+00 -3.473492359587408096e+00
9.493160899451872581e+00 -3.463876482767853648e+00
9.573611415548921144e+00 -3.472059745438990763e+00
9.654061931645971484e+00 -3.502021691167912287e+00
9.734512447743021823e+00 -3.555564606211278456e+00
9.814962963840072163e+00 -3.554864381633996651e+00
9.895413479937120727e+00 -3.518581807932673389e+00
9.975863996034171066e+00 -3.488971853647369059e+00
1.005631451213121963e+01 -3.490857427304830729e+00
1.013676502822827175e+01 -3.501282778345858215e+00
1.021721554432532031e+01 -3.496739582206739971e+00
1.029766606042237065e+01 -3.484961314256968645e+00
