0.000000000000000000e+00 -1.549019599857431873e-01
8.045051609704977069e-02 -2.048591052828744041e-01
1.609010321940995414e-01 -6.288899354546654275e-01
2.413515482911492982e-01 -1.982078054801056588e+00
3.218020643881990828e-01 -2.094949217983354650e+00
4.022525804852488118e-01 -1.989590867503288063e+00
4.827030965822985964e-01 -2.254911253124093573e+00
5.631536126793483810e-01 -2.745672590988148087e+00
6.436041287763981655e-01 -3.170390585308306974e+00
7.240546448734478391e-01 -3.377957174006227525e+00
8.045051609704976237e-01 -3.473154518117511191e+00
8.849556770675472972e-01 -3.460673406975891986e+00
9.654061931645971928e-01 -3.435635099071865373e+00
1.045856709261647088e+00 -3.439080178214850125e+00
1.126307225358696762e+00 -3.500618505686788673e+00
1.206757741455746435e+00 -3.502851777579646608e+00
1.287208257552796331e+00 -3.461723874335774997e+00
1.367658773649846005e+00 -3.462859607151174579e+00
1.448109289746895678e+00 -3.462743934618892627e+00
1.528559805843945352e+00 -3.420019902941820344e+00
1.609010321940995247e+00 -3.312992256765980414e+00
1.689460838038045143e+00 -3.189744807799208548e+00
1.769911354135094594e+00 -3.136061669364245574e+00
1.850361870232144490e+00 -3.152455744595665799e+00
1.930812386329194386e+00 -3.090809137041860666e+00
2.011262902426244281e+00 -2.959467403210625402e+00
2.091713418523294177e+00 -2.903301569996052045e+00
2.172163934620343628e+00 -2.951324350888222092e+00
2.252614450717393524e+00 -3.019794992234762443e+00
2.333064966814443419e+00 -3.095848862390682577e+00
2.413515482911492871e+00 -3.159083688044378668e+00
2.493965999008542767e+00 -3.213524793507597455e+00
2.574416515105592662e+00 -3.243678700844345286e+00
2.654867031202642558e+00 -3.290186405506498879e+00
2.735317547299692009e+00 -3.371280828653460571e+00
2.815768063396741905e+00 -3.449831377085895934e+00
2.896218579493791356e+00 -3.443630299128314753e+00
2.976669095590841252e+00 -3.377298880209424148e+00
3.057119611687890703e+00 -3.341116100126997335e+00
3.137570127784940599e+00 -3.329873525274691826e+00
3.218020643881990495e+00 -3.319979617475223854e+00
3.298471159979039946e+00 -3.344524013659047501e+00
3.378921676076090286e+00 -3.393410743059717127e+00
3.459372192173139737e+00 -3.372550221960503691e+00
3.539822708270189189e+00 -3.289999316339667246e+00
3.620273224367239528e+00 -3.272952252547890239e+00
3.700723740464288980e+00 -3.285964657121621890e+00
3.781174256561339320e+00 -3.295760582261666016e+00
3.861624772658388771e+00 -3.310163416606656916e+00
3.942075288755438223e+00 -3.330341245711761822e+00
4.022525804852488562e+00 -3.338931693398766498e+00
4.102976320949538014e+00 -3.315814710734851900e+00
4.183426837046588354e+00 -3.303876605326906191e+00
4.263877353143637805e+00 -3.338035853378047868e+00
4.344327869240687257e+00 -3.394507268735576400e+00
4.424778385337737596e+00 -3.426607138477362202e+00
4.505228901434787048e+00 -3.448610751531253182e+00
4.585679417531836499e+00 -3.450680337476926596e+00
4.666129933628886839e+00 -3.452295567864439363e+00
4.746580449725936290e+00 -3.427392780193777799e+00
4.827030965822985742e+00 -3.411033836133869457e+00
4.907481481920036082e+00 -3.415423503103621528e+00
4.987931998017085533e+00 -3.411487238481842432e+00
5.068382514114135873e+00 -3.379194388546639782e+00
5.148833030211185324e+00 -3.364280551370705474e+00
5.229283546308234776e+00 -3.378465061418114868e+00
5.309734062405285115e+00 -3.380624638562030881e+00
5.390184578502334567e+00 -3.370837535744091173e+00
5.470635094599384018e+00 -3.374672611727356664e+00
5.551085610696433470e+00 -3.408717057713092302e+00
5.631536126793483810e+00 -3.408416861960145372e+00
5.711986642890533261e+00 -3.404011054648976575e+00
5.792437158987582713e+00 -3.411078959724835880e+00
5.872887675084633052e+00 -3.412181101769200531e+00
5.953338191181682504e+00 -3.417329020042242149e+00
6.033788707278731955e+00 -3.426355454635216180e+00
6.114239223375781407e+00 -3.440769574620517801e+00
6.194689739472831747e+00 -3.441002215256099728e+00
6.275140255569881198e+00 -3.409908113653195461e+00
6.355590771666931538e+00 -3.403780840093597604e+00
6.436041287763980989e+00 -3.411763429219481392e+00
6.516491803861030441e+00 -3.401078434782665472e+00
6.596942319958079892e+00 -3.388438451462784773e+00
6.677392836055131120e+00 -3.395461997039177060e+00
6.757843352152180572e+00 -3.417459521821526014e+00
6.838293868249230023e+00 -3.435895513010941205e+00
6.918744384346279475e+00 -3.426567712379230191e+00
6.999194900443328926e+00 -3.442976238000276634e+00
7.079645416540378378e+00 -3.469167309522269704e+00
7.160095932637429605e+00 -3.458316261959356375e+00
7.240546448734479057e+00 -3.428452745469995566e+00
7.320996964831528508e+00 -3.420516022268587086e+00
7.401447480928577960e+00 -3.416851374051525170e+00
7.481897997025627411e+00 -3.412435778843872392e+00
7.562348513122678639e+00 -3.402895846404478952e+00
7.642799029219728091e+00 -3.398401304743878359e+00
7.723249545316777542e+00 -3.403202428131706370e+00
7.803700061413826994e+00 -3.404489288650319079e+00
7.884150577510876445e+00 -3.409059509126753706e+00
7.964601093607927673e+00 -3.433071470696970273e+00
8.045051609704977125e+00 -3.469471503356744702e+00
8.125502125802025688e+00 -3.490342111221777177e+00
8.205952641899076028e+00 -3.460107112471176638e+00
8.286403157996124591e+00 -3.428311070025710894e+00
8.366853674093176707e+00 -3.424747405278891321e+00
8.447304190190225270e+00 -3.427157388930443638e+00
8.527754706287275610e+00 -3.440278425491659853e+00
8.608205222384324173e+00 -3.441116908233758931e+00
8.688655738481374513e+00 -3.460865632904251310e+00
8.769106254578423076e+00 -3.508031378357967078e+00
8.849556770675475192e+00 -3.532886844748940547e+00
8.930007286772523756e+00 -3.529777734682341794e+00
9.010457802869574095e+00 -3.507087648559507276e+00
9.090908318966622659e+00 -3.508231066812811161e+00
9.171358835063672998e+00 -3.515084611775819212e+00
9.251809351160723338e+00 -3.507854079243069023e+00
9.332259867257773678e+00 -3.508685154905936354e+00
9.412710383354822241e+00 -3.526700858501800262e+00
9.493160899451872581e+00 -3.521856626473328422e+00
9.573611415548921144e+00 -3.514746343907353854e+00
9.654061931645971484e+00 -3.503003875819957980e+00
9.734512447743021823e+00 -3.472422880505277032e+00
9.814962963840072163e+00 -3.461129973111411573e+00
9.895413479937120727e+00 -3.485851142199268615e+00
9.975863996034171066e+00 -3.509442625258291759e+00
1.005631451213121963e+01 -3.511427058406980883e+00
1.013676502822827175e+01 -3.510147124973555854e+00
1.021721554432532031e+01 -3.521786720779607638e+00
1.029766606042237065e+01 -3.539709346530180767e+00
