0.000000000000000000e+00 -1.549019599857431873e-01
8.045051609704977069e-02 -1.966926749911284966e-01
1.609010321940995414e-01 -5.476703806286281617e-01
2.413515482911492982e-01 -1.331869001073767267e+00
3.218020643881990828e-01 -1.908834807597537875e+00
4.022525804852488118e-01 -2.923839103378137239e+00
4.827030965822985964e-01 -3.492892142662468835e+00
5.631536126793483810e-01 -3.653792505560224502e+00
6.436041287763981655e-01 -3.708792056284244687e+00
7.240546448734478391e-01 -3.786106475762618828e+00
8.045051609704976237e-01 -3.894579718743058638e+00
8.849556770675472972e-01 -3.956954528006641603e+00
9.654061931645971928e-01 -3.957963860796771094e+00
1.045856709261647088e+00 -3.966687313487479827e+00
1.126307225358696762e+00 -4.013393525149894892e+00
1.206757741455746435e+00 -4.050632983819157040e+00
1.287208257552796331e+00 -4.015837351739588001e+00
1.367658773649846005e+00 -3.941856589807422484e+00
1.448109289746895678e+00 -3.868162835950914591e+00
1.528559805843945352e+00 -3.832842692603128931e+00
1.609010321940995247e+00 -3.788314093185775278e+00
1.689460838038045143e+00 -3.683490324255588533e+00
1.769911354135094594e+00 -3.610347518211901807e+00
1.850361870232144490e+00 -3.521682961659751587e+00
1.930812386329194386e+00 -3.447628517990148023e+00
2.011262902426244281e+00 -3.380024363551565436e+00
2.091713418523294177e+00 -3.321288351440012665e+00
2.172163934620343628e+00 -3.304344600584202318e+00
2.252614450717393524e+00 -3.307897292671332146e+00
2.333064966814443419e+00 -3.301274533141714596e+00
2.413515482911492871e+00 -3.310545321148639086e+00
2.493965999008542767e+00 -3.344298751936195302e+00
2.574416515105592662e+00 -3.364222930092880759e+00
2.654867031202642558e+00 -3.378889534881783341e+00
2.735317547299692009e+00 -3.379262538678237782e+00
2.815768063396741905e+00 -3.349380367781475076e+00
2.896218579493791356e+00 -3.323896937263556062e+00
2.976669095590841252e+00 -3.344392442409093391e+00
3.057119611687890703e+00 -3.362443470902459541e+00
3.137570127784940599e+00 -3.368238571219162036e+00
3.218020643881990495e+00 -3.351228631136012215e+00
3.298471159979039946e+00 -3.345165213925251013e+00
3.378921676076090286e+00 -3.348274685855428867e+00
3.459372192173139737e+00 -3.320807850887472323e+00
3.539822708270189189e+00 -3.286305801498805579e+00
3.620273224367239528e+00 -3.280615930116673074e+00
3.700723740464288980e+00 -3.283647493187864974e+00
3.781174256561339320e+00 -3.300385781286006903e+00
3.861624772658388771e+00 -3.337836203298169213e+00
3.942075288755438223e+00 -3.349736545173498392e+00
4.022525804852488562e+00 -3.344406252252242417e+00
4.102976320949538014e+00 -3.330476473081725342e+00
4.183426837046588354e+00 -3.319401628030890450e+00
4.263877353143637805e+00 -3.308022532882235467e+00
4.344327869240687257e+00 -3.305615968827837925e+00
4.424778385337737596e+00 -3.338555939341469880e+00
4.505228901434787048e+00 -3.348098888788642480e+00
4.585679417531836499e+00 -3.344653213539137138e+00
4.666129933628886839e+00 -3.367163308730042548e+00
4.746580449725936290e+00 -3.379871709697133131e+00
4.827030965822985742e+00 -3.373180191658628146e+00
4.907481481920036082e+00 -3.370789035770842546e+00
4.987931998017085533e+00 -3.381768459076690547e+00
5.068382514114135873e+00 -3.382224469518964938e+00
5.148833030211185324e+00 -3.382283681377125983e+00
5.229283546308234776e+00 -3.403734742091000687e+00
5.309734062405285115e+00 -3.419185978159953176e+00
5.390184578502334567e+00 -3.419613108492942644e+00
5.470635094599384018e+00 -3.405764225709006610e+00
5.551085610696433470e+00 -3.421712517326139569e+00
5.631536126793483810e+00 -3.440523776379688758e+00
5.711986642890533261e+00 -3.412345299599896631e+00
5.792437158987582713e+00 -3.401193789706363546e+00
5.872887675084633052e+00 -3.409204702087318406e+00
5.953338191181682504e+00 -3.410638791507485390e+00
6.033788707278731955e+00 -3.386972193445072055e+00
6.114239223375781407e+00 -3.364617010192321622e+00
6.194689739472831747e+00 -3.372456465881250587e+00
6.275140255569881198e+00 -3.344797988824433688e+00
6.355590771666931538e+00 -3.319248174844329213e+00
6.436041287763980989e+00 -3.321688610396878794e+00
6.516491803861030441e+00 -3.330014882465885062e+00
6.596942319958079892e+00 -3.350912774732907717e+00
6.677392836055131120e+00 -3.359450392951128794e+00
6.757843352152180572e+00 -3.363230793003480823e+00
6.838293868249230023e+00 -3.376391831341634120e+00
6.918744384346279475e+00 -3.379650340916249274e+00
6.999194900443328926e+00 -3.391338357305744289e+00
7.079645416540378378e+00 -3.420583671712024820e+00
7.160095932637429605e+00 -3.426581872275278329e+00
7.240546448734479057e+00 -3.420758221959729006e+00
7.320996964831528508e+00 -3.426985731379256883e+00
7.401447480928577960e+00 -3.435932996929657257e+00
7.481897997025627411e+00 -3.450243867104596962e+00
7.562348513122678639e+00 -3.447459507792134836e+00
7.642799029219728091e+00 -3.454286609555153653e+00
7.723249545316777542e+00 -3.429722440227669811e+00
7.803700061413826994e+00 -3.409890622850956454e+00
7.884150577510876445e+00 -3.417138475580072221e+00
7.964601093607927673e+00 -3.445114351666331398e+00
8.045051609704977125e+00 -3.457858636333008384e+00
8.125502125802025688e+00 -3.433504079293832945e+00
8.205952641899076028e+00 -3.408426149654970150e+00
8.286403157996124591e+00 -3.405382211961334171e+00
8.366853674093176707e+00 -3.441601758141683121e+00
8.447304190190225270e+00 -3.471622642602098630e+00
8.527754706287275610e+00 -3.477637404390576670e+00
8.608205222384324173e+00 -3.462485593396576355e+00
8.688655738481374513e+00 -3.442229420766093728e+00
8.769106254578423076e+00 -3.446565359294369912e+00
8.849556770675475192e+00 -3.466317102265583205e+00
8.930007286772523756e+00 -3.456604177955217239e+00
9.010457802869574095e+00 -3.448600704474452883e+00
9.090908318966622659e+00 -3.459868505235554004e+00
9.171358835063672998e+00 -3.485600386928085381e+00
9.251809351160723338e+00 -3.503979300868071078e+00
9.332259867257773678e+00 -3.512689384637264212e+00
9.412710383354822241e+00 -3.503854558229066996e+00
9.493160899451872581e+00 -3.499047680715093644e+00
9.573611415548921144e+00 -3.512214049549584161e+00
9.654061931645971484e+00 -3.526087015978038419e+00
9.734512447743021823e+00 -3.517981117582292150e+00
9.814962963840072163e+00 -3.508926389689019487e+00
9.895413479937120727e+00 -3.538975204066328928e+00
9.975863996034171066e+00 -3.576749108046329173e+00
1.005631451213121963e+01 -3.589444933524879922e+00
1.013676502822827175e+01 -3.569090379789435108e+00
1.021721554432532031e+01 -3.564383068722543513e+00
1.029766606042237065e+01 -3.570879926971013862e+00
