0.000000000000000000e+00 -1.549019599857431873e-01
8.045051609704977069e-02 -3.769524370023027982e-01
1.609010321940995414e-01 -1.019366972053650899e+00
2.413515482911492982e-01 -2.412448080796635086e+00
3.218020643881990828e-01 -3.475772804469451138e+00
4.022525804852488118e-01 -5.282333237041677343e+00
4.827030965822985964e-01 -6.245287677832955353e+00
5.631536126793483810e-01 -6.242084518404673155e+00
6.436041287763981655e-01 -6.573472668971239052e+00
7.240546448734478391e-01 -7.155771585689625347e+00
8.045051609704976237e-01 -7.269464234776742195e+00
8.849556770675472972e-01 -7.237461603130896037e+00
9.654061931645971928e-01 -7.526524236909806653e+00
1.045856709261647088e+00 -7.877191145901201175e+00
1.126307225358696762e+00 -7.879805438173568710e+00
1.206757741455746435e+00 -7.639754302933268626e+00
1.287208257552796331e+00 -7.420221900404256665e+00
1.367658773649846005e+00 -7.396698555366321592e+00
1.448109289746895678e+00 -7.506014690546826351e+00
1.528559805843945352e+00 -7.442162916689022190e+00
1.609010321940995247e+00 -7.285066241884202043e+00
1.689460838038045143e+00 -7.070256890755059587e+00
1.769911354135094594e+00 -6.979439078491573412e+00
1.850361870232144490e+00 -6.887454997020395098e+00
1.930812386329194386e+00 -6.800287856765441674e+00
2.011262902426244281e+00 -6.750053028567188029e+00
2.091713418523294177e+00 -6.686792808962817247e+00
2.172163934620343628e+00 -6.615734904145140760e+00
2.252614450717393524e+00 -6.559932705558322752e+00
2.333064966814443419e+00 -6.497049099962720398e+00
2.413515482911492871e+00 -6.506570783490625232e+00
2.493965999008542767e+00 -6.617518746168203236e+00
2.574416515105592662e+00 -6.778309912153748229e+00
2.654867031202642558e+00 -6.771607772079875076e+00
2.735317547299692009e+00 -6.690366168678740344e+00
2.815768063396741905e+00 -6.738952766192840116e+00
2.896218579493791356e+00 -6.817273938025071089e+00
2.976669095590841252e+00 -6.805188893185500909e+00
3.057119611687890703e+00 -6.764276630443957217e+00
3.137570127784940599e+00 -6.838681706217542455e+00
3.218020643881990495e+00 -6.832579148778325617e+00
3.298471159979039946e+00 -6.743504661919923038e+00
3.378921676076090286e+00 -6.617084647007439813e+00
3.459372192173139737e+00 -6.605106956487717618e+00
3.539822708270189189e+00 -6.610029817302227606e+00
3.620273224367239528e+00 -6.634698208589123958e+00
3.700723740464288980e+00 -6.635204490693936030e+00
3.781174256561339320e+00 -6.601891025523591416e+00
3.861624772658388771e+00 -6.602836702602791874e+00
3.942075288755438223e+00 -6.679912365004702757e+00
4.022525804852488562e+00 -6.774985990126913826e+00
4.102976320949538014e+00 -6.768321800465671778e+00
4.183426837046588354e+00 -6.694618568326542452e+00
4.263877353143637805e+00 -6.659933252212805854e+00
4.344327869240687257e+00 -6.702151419528630250e+00
4.424778385337737596e+00 -6.748730589549195358e+00
4.505228901434787048e+00 -6.686613559054115363e+00
4.585679417531836499e+00 -6.606601423803770246e+00
4.666129933628886839e+00 -6.636339336805971989e+00
4.746580449725936290e+00 -6.732288553398663389e+00
4.827030965822985742e+00 -6.778681242380519834e+00
4.907481481920036082e+00 -6.763051391310117566e+00
4.987931998017085533e+00 -6.756656792765635799e+00
5.068382514114135873e+00 -6.738311962753934736e+00
5.148833030211185324e+00 -6.680563986454902015e+00
5.229283546308234776e+00 -6.626600446423492663e+00
5.309734062405285115e+00 -6.605772176384868466e+00
5.390184578502334567e+00 -6.608448137139496303e+00
5.470635094599384018e+00 -6.643102508925742278e+00
5.551085610696433470e+00 -6.707848835835120482e+00
5.631536126793483810e+00 -6.761351378218981800e+00
5.711986642890533261e+00 -6.818504956056524513e+00
5.792437158987582713e+00 -6.843949941290512484e+00
5.872887675084633052e+00 -6.875890239628805745e+00
5.953338191181682504e+00 -6.887233860593143575e+00
6.033788707278731955e+00 -6.893805616597825647e+00
6.114239223375781407e+00 -6.833691385436473809e+00
6.194689739472831747e+00 -6.798676754780180964e+00
6.275140255569881198e+00 -6.782743835144551703e+00
6.355590771666931538e+00 -6.797531784898533935e+00
6.436041287763980989e+00 -6.805318315046410049e+00
6.516491803861030441e+00 -6.844089632392742928e+00
6.596942319958079892e+00 -6.865978813382082713e+00
6.677392836055131120e+00 -6.846780034662740988e+00
6.757843352152180572e+00 -6.872488819822060613e+00
6.838293868249230023e+00 -6.955342898907210802e+00
6.918744384346279475e+00 -6.979503991579761646e+00
6.999194900443328926e+00 -6.959669868658584946e+00
7.079645416540378378e+00 -6.916429739218171058e+00
7.160095932637429605e+00 -6.881941994903047366e+00
7.240546448734479057e+00 -6.857964198607332307e+00
7.320996964831528508e+00 -6.864638596199807097e+00
7.401447480928577960e+00 -6.869628581653832278e+00
7.481897997025627411e+00 -6.846804731124602306e+00
7.562348513122678639e+00 -6.871245788957536682e+00
7.642799029219728091e+00 -6.874311542235683525e+00
7.723249545316777542e+00 -6.892621468268620433e+00
7.803700061413826994e+00 -6.938114483696392831e+00
7.884150577510876445e+00 -6.956120284436322798e+00
7.964601093607927673e+00 -6.895380980138607008e+00
8.045051609704977125e+00 -6.791452536879770463e+00
8.125502125802025688e+00 -6.745874799608670536e+00
8.205952641899076028e+00 -6.757549870303696693e+00
8.286403157996124591e+00 -6.847018944467516910e+00
8.366853674093176707e+00 -6.893661622733246119e+00
8.447304190190225270e+00 -6.910415544836203239e+00
8.527754706287275610e+00 -6.885539502632030739e+00
8.608205222384324173e+00 -6.848764376293168255e+00
8.688655738481374513e+00 -6.826293453845321935e+00
8.769106254578423076e+00 -6.829407099047916319e+00
8.849556770675475192e+00 -6.854249179680843795e+00
8.930007286772523756e+00 -6.883239847710758141e+00
9.010457802869574095e+00 -6.901496931021805281e+00
9.090908318966622659e+00 -6.933240623030189731e+00
9.171358835063672998e+00 -6.947948936018899069e+00
9.251809351160723338e+00 -6.928737518822862818e+00
9.332259867257773678e+00 -6.929060466063428514e+00
9.412710383354822241e+00 -6.960712989602395595e+00
9.493160899451872581e+00 -6.981039679114750207e+00
9.573611415548921144e+00 -7.026687345854604416e+00
9.654061931645971484e+00 -7.084915274204115931e+00
9.734512447743021823e+00 -7.113692668746653958e+00
9.814962963840072163e+00 -7.121134581832813559e+00
9.895413479937120727e+00 -7.129106681592304540e+00
9.975863996034171066e+00 -7.146738817616525630e+00
1.005631451213121963e+01 -7.143481404541044633e+00
1.013676502822827175e+01 -7.123818770254654709e+00
1.021721554432532031e+01 -7.091807794231116624e+00
1.029766606042237065e+01 -7.055941005018274481e+00
