0.000000000000000000e+00 -1.549019599857431873e-01
8.045051609704977069e-02 -1.926752134756442858e-01
1.609010321940995414e-01 -5.307044602997780247e-01
2.413515482911492982e-01 -1.593103845439075350e+00
3.218020643881990828e-01 -2.055656465019530810e+00
4.022525804852488118e-01 -2.777646882980965515e+00
4.827030965822985964e-01 -3.114173096375621341e+00
5.631536126793483810e-01 -3.177863891519083772e+00
6.436041287763981655e-01 -3.351129972028271453e+00
7.240546448734478391e-01 -3.616858535440612865e+00
8.045051609704976237e-01 -3.797954362172269338e+00
8.849556770675472972e-01 -3.882380926220482031e+00
9.654061931645971928e-01 -3.983301236948502577e+00
1.045856709261647088e+00 -4.049663512669101628e+00
1.126307225358696762e+00 -4.027941976700898152e+00
1.206757741455746435e+00 -4.005880758146205700e+00
1.287208257552796331e+00 -3.963831988841874043e+00
1.367658773649846005e+00 -3.917497783653638876e+00
1.448109289746895678e+00 -3.825988924454152507e+00
1.528559805843945352e+00 -3.721756633982987061e+00
1.609010321940995247e+00 -3.630310613093328698e+00
1.689460838038045143e+00 -3.584148980062956902e+00
1.769911354135094594e+00 -3.553477240238915424e+00
1.850361870232144490e+00 -3.532750117928947109e+00
1.930812386329194386e+00 -3.463287528287473993e+00
2.011262902426244281e+00 -3.385585205783874674e+00
2.091713418523294177e+00 -3.359731496565573572e+00
2.172163934620343628e+00 -3.358433904913078027e+00
2.252614450717393524e+00 -3.366234109242161932e+00
2.333064966814443419e+00 -3.378884955816798819e+00
2.413515482911492871e+00 -3.384977978677584431e+00
2.493965999008542767e+00 -3.353675795808158000e+00
2.574416515105592662e+00 -3.308086961227764800e+00
2.654867031202642558e+00 -3.299273454294181285e+00
2.735317547299692009e+00 -3.329655942441831940e+00
2.815768063396741905e+00 -3.346335006829312508e+00
2.896218579493791356e+00 -3.316071847070342749e+00
2.976669095590841252e+00 -3.320963730617665810e+00
3.057119611687890703e+00 -3.326883610811276704e+00
3.137570127784940599e+00 -3.358903792414155820e+00
3.218020643881990495e+00 -3.364005419023422760e+00
3.298471159979039946e+00 -3.332310107937890287e+00
3.378921676076090286e+00 -3.277062959141995968e+00
3.459372192173139737e+00 -3.257432925013480141e+00
3.539822708270189189e+00 -3.273053722852531155e+00
3.620273224367239528e+00 -3.301701376542465649e+00
3.700723740464288980e+00 -3.299413475954679598e+00
3.781174256561339320e+00 -3.304417794650974738e+00
3.861624772658388771e+00 -3.323440054795037124e+00
3.942075288755438223e+00 -3.364561588924174007e+00
4.022525804852488562e+00 -3.416003779215803782e+00
4.102976320949538014e+00 -3.394135467776771886e+00
4.183426837046588354e+00 -3.363750423806054712e+00
4.263877353143637805e+00 -3.350116197632975190e+00
4.344327869240687257e+00 -3.371546600039950992e+00
4.424778385337737596e+00 -3.376027529616522749e+00
4.505228901434787048e+00 -3.363310298458538128e+00
4.585679417531836499e+00 -3.355533140151691018e+00
4.666129933628886839e+00 -3.362486834290097093e+00
4.746580449725936290e+00 -3.364797124360590974e+00
4.827030965822985742e+00 -3.342524330743792405e+00
4.907481481920036082e+00 -3.311257714753669479e+00
4.987931998017085533e+00 -3.325166659757582188e+00
5.068382514114135873e+00 -3.365469913288912984e+00
5.148833030211185324e+00 -3.374965700035174709e+00
5.229283546308234776e+00 -3.373600274548290034e+00
5.309734062405285115e+00 -3.370583940832724501e+00
5.390184578502334567e+00 -3.323984690806183195e+00
5.470635094599384018e+00 -3.276710325310443039e+00
5.551085610696433470e+00 -3.260776846809366969e+00
5.631536126793483810e+00 -3.289123082894710670e+00
5.711986642890533261e+00 -3.336266239998450178e+00
5.792437158987582713e+00 -3.378883543059829631e+00
5.872887675084633052e+00 -3.386024702939486097e+00
5.953338191181682504e+00 -3.406825645568052785e+00
6.033788707278731955e+00 -3.400298432360866485e+00
6.114239223375781407e+00 -3.367572006843384980e+00
6.194689739472831747e+00 -3.357543829900125676e+00
6.275140255569881198e+00 -3.382750086197061190e+00
6.355590771666931538e+00 -3.400265760708034879e+00
6.436041287763980989e+00 -3.396782659480237943e+00
6.516491803861030441e+00 -3.410055388075694971e+00
6.596942319958079892e+00 -3.441465948856630153e+00
6.677392836055131120e+00 -3.473322518121598979e+00
6.757843352152180572e+00 -3.489800669255357590e+00
6.838293868249230023e+00 -3.459604617491977674e+00
6.918744384346279475e+00 -3.432585090986428167e+00
6.999194900443328926e+00 -3.434043055827908031e+00
7.079645416540378378e+00 -3.438228246512547326e+00
7.160095932637429605e+00 -3.430877095167804036e+00
7.240546448734479057e+00 -3.433686990795567162e+00
7.320996964831528508e+00 -3.444022904730119183e+00
7.401447480928577960e+00 -3.444555430474443902e+00
7.481897997025627411e+00 -3.449558283213435939e+00
7.562348513122678639e+00 -3.460801983085593836e+00
7.642799029219728091e+00 -3.461304847331903911e+00
7.723249545316777542e+00 -3.462857241792218765e+00
7.803700061413826994e+00 -3.481471556988373184e+00
7.884150577510876445e+00 -3.487412139875280204e+00
7.964601093607927673e+00 -3.486984234594109555e+00
8.045051609704977125e+00 -3.494072912183395996e+00
8.125502125802025688e+00 -3.505251703333106317e+00
8.205952641899076028e+00 -3.505083311596400186e+00
8.286403157996124591e+00 -3.488243428542090907e+00
8.366853674093176707e+00 -3.470466104284857689e+00
8.447304190190225270e+00 -3.481183909233831475e+00
8.527754706287275610e+00 -3.496238677023846275e+00
8.608205222384324173e+00 -3.520322390730252327e+00
8.688655738481374513e+00 -3.522953384744876626e+00
8.769106254578423076e+00 -3.516858150242735181e+00
8.849556770675475192e+00 -3.508668287502101357e+00
8.930007286772523756e+00 -3.503090456131931152e+00
9.010457802869574095e+00 -3.506087362212750858e+00
9.090908318966622659e+00 -3.518692400823271615e+00
9.171358835063672998e+00 -3.511245827462912583e+00
9.251809351160723338e+00 -3.507297844059882763e+00
9.332259867257773678e+00 -3.494055866262044230e+00
9.412710383354822241e+00 -3.460586576764725031e+00
9.493160899451872581e+00 -3.460328922737004209e+00
9.573611415548921144e+00 -3.486345312403655416e+00
9.654061931645971484e+00 -3.492084591009149364e+00
9.734512447743021823e+00 -3.494952125104314078e+00
9.814962963840072163e+00 -3.523519179252948774e+00
9.895413479937120727e+00 -3.581605821670233336e+00
9.975863996034171066e+00 -3.596047142754227099e+00
1.005631451213121963e+01 -3.585321083446634027e+00
1.013676502822827175e+01 -3.569333469170792306e+00
1.021721554432532031e+01 -3.553800815179488204e+00
1.029766606042237065e+01 -3.538927759455423150e+00
