0.000000000000000000e+00 -1.549019599857431873e-01
8.045051609704977069e-02 -1.887515176302390907e-01
1.609010321940995414e-01 -4.910810946925624476e-01
2.413515482911492982e-01 -1.257285786481291856e+00
3.218020643881990828e-01 -2.090189787658698783e+00
4.022525804852488118e-01 -2.798338921296986470e+00
4.827030965822985964e-01 -3.052266723662813153e+00
5.631536126793483810e-01 -3.216699572197530443e+00
6.436041287763981655e-01 -3.345295863865140440e+00
7.240546448734478391e-01 -3.559079884247353220e+00
8.045051609704976237e-01 -3.743610738795798643e+00
8.849556770675472972e-01 -3.782326855560614209e+00
9.654061931645971928e-01 -3.746850796548556684e+00
1.045856709261647088e+00 -3.698043471221029055e+00
1.126307225358696762e+00 -3.664877441386143797e+00
1.206757741455746435e+00 -3.662199695441867853e+00
1.287208257552796331e+00 -3.674235039647630874e+00
1.367658773649846005e+00 -3.708184970266643177e+00
1.448109289746895678e+00 -3.761807015834598644e+00
1.528559805843945352e+00 -3.803277744325710419e+00
1.609010321940995247e+00 -3.765793898235067161e+00
1.689460838038045143e+00 -3.627275407591878498e+00
1.769911354135094594e+00 -3.487271021656133563e+00
1.850361870232144490e+00 -3.417602352429042423e+00
1.930812386329194386e+00 -3.371946859160904530e+00
2.011262902426244281e+00 -3.356798167955396650e+00
2.091713418523294177e+00 -3.282941300137454110e+00
2.172163934620343628e+00 -3.233844025643004105e+00
2.252614450717393524e+00 -3.226450203945226303e+00
2.333064966814443419e+00 -3.251411206408683530e+00
2.413515482911492871e+00 -3.263701685482562898e+00
2.493965999008542767e+00 -3.260548487841196774e+00
2.574416515105592662e+00 -3.287414887633292260e+00
2.654867031202642558e+00 -3.336497236012735623e+00
2.735317547299692009e+00 -3.321875397532905616e+00
2.815768063396741905e+00 -3.286748641163377727e+00
2.896218579493791356e+00 -3.273743626423269326e+00
2.976669095590841252e+00 -3.274514967362878171e+00
3.057119611687890703e+00 -3.258853663596987360e+00
3.137570127784940599e+00 -3.283744046317157661e+00
3.218020643881990495e+00 -3.311202636342682304e+00
3.298471159979039946e+00 -3.318459324068167238e+00
3.378921676076090286e+00 -3.297293084787432438e+00
3.459372192173139737e+00 -3.283193767019234599e+00
3.539822708270189189e+00 -3.282587816393392810e+00
3.620273224367239528e+00 -3.282235557580938767e+00
3.700723740464288980e+00 -3.273331493606045584e+00
3.781174256561339320e+00 -3.301478698570028847e+00
3.861624772658388771e+00 -3.312435027832724810e+00
3.942075288755438223e+00 -3.273958018022868011e+00
4.022525804852488562e+00 -3.246006143786854370e+00
4.102976320949538014e+00 -3.278359605135881871e+00
4.183426837046588354e+00 -3.358285497143545406e+00
4.263877353143637805e+00 -3.421686331707365802e+00
4.344327869240687257e+00 -3.440757435871337755e+00
4.424778385337737596e+00 -3.463876485976457253e+00
4.505228901434787048e+00 -3.463222130724773695e+00
4.585679417531836499e+00 -3.434166209436566586e+00
4.666129933628886839e+00 -3.386661574870172053e+00
4.746580449725936290e+00 -3.351694317549581470e+00
4.827030965822985742e+00 -3.364681846439863122e+00
4.907481481920036082e+00 -3.414625166019201519e+00
4.987931998017085533e+00 -3.424202270932697800e+00
5.068382514114135873e+00 -3.420168562629353204e+00
5.148833030211185324e+00 -3.427468544958798713e+00
5.229283546308234776e+00 -3.427093910308225855e+00
5.309734062405285115e+00 -3.384261783330225537e+00
5.390184578502334567e+00 -3.358883664587659190e+00
5.470635094599384018e+00 -3.367968308750346917e+00
5.551085610696433470e+00 -3.383563312048757599e+00
5.631536126793483810e+00 -3.386197367307201667e+00
5.711986642890533261e+00 -3.378345889533971746e+00
5.792437158987582713e+00 -3.347215788680221848e+00
5.872887675084633052e+00 -3.343469696581372386e+00
5.953338191181682504e+00 -3.380316506433322932e+00
6.033788707278731955e+00 -3.419121575225687604e+00
6.114239223375781407e+00 -3.397196490605808528e+00
6.194689739472831747e+00 -3.375321197266140327e+00
6.275140255569881198e+00 -3.387879914027862593e+00
6.355590771666931538e+00 -3.405314923536107319e+00
6.436041287763980989e+00 -3.411712778239071930e+00
6.516491803861030441e+00 -3.411109648483150902e+00
6.596942319958079892e+00 -3.399310901400959484e+00
6.677392836055131120e+00 -3.398886862081400562e+00
6.757843352152180572e+00 -3.400947816350157638e+00
6.838293868249230023e+00 -3.391166779853722169e+00
6.918744384346279475e+00 -3.395375455535035059e+00
6.999194900443328926e+00 -3.391842427804653504e+00
7.079645416540378378e+00 -3.379740879824384869e+00
7.160095932637429605e+00 -3.368117036869852310e+00
7.240546448734479057e+00 -3.370218614463318385e+00
7.320996964831528508e+00 -3.393855018353721942e+00
7.401447480928577960e+00 -3.403613078030440775e+00
7.481897997025627411e+00 -3.402626819379372503e+00
7.562348513122678639e+00 -3.397010046878568001e+00
7.642799029219728091e+00 -3.387172938940007594e+00
7.723249545316777542e+00 -3.376669843234149759e+00
7.803700061413826994e+00 -3.370430099610195018e+00
7.884150577510876445e+00 -3.377064604727926689e+00
7.964601093607927673e+00 -3.383503004120992141e+00
8.045051609704977125e+00 -3.395836348250143466e+00
8.125502125802025688e+00 -3.428479594429731492e+00
8.205952641899076028e+00 -3.447504934063970072e+00
8.286403157996124591e+00 -3.466979125251067551e+00
8.366853674093176707e+00 -3.491440197990329342e+00
8.447304190190225270e+00 -3.489729871046569176e+00
8.527754706287275610e+00 -3.462061096246978220e+00
8.608205222384324173e+00 -3.463065835767860978e+00
8.688655738481374513e+00 -3.479042955841392448e+00
8.769106254578423076e+00 -3.490391301119284861e+00
8.849556770675475192e+00 -3.499086116345210051e+00
8.930007286772523756e+00 -3.494683704749268927e+00
9.010457802869574095e+00 -3.472506110522608047e+00
9.090908318966622659e+00 -3.460609244511550386e+00
9.171358835063672998e+00 -3.473687683635676926e+00
9.251809351160723338e+00 -3.479935675614294066e+00
9.332259867257773678e+00 -3.469208746175707958e+00
9.412710383354822241e+00 -3.460986473876202396e+00
9.493160899451872581e+00 -3.451728168834304888e+00
9.573611415548921144e+00 -3.442779027432016914e+00
9.654061931645971484e+00 -3.447589915296810137e+00
9.734512447743021823e+00 -3.476046038627077728e+00
9.814962963840072163e+00 -3.483973483673938443e+00
9.895413479937120727e+00 -3.483895572651827699e+00
9.975863996034171066e+00 -3.488020027628256248e+00
1.005631451213121963e+01 -3.492555221837415846e+00
1.013676502822827175e+01 -3.497808750881992168e+00
1.021721554432532031e+01 -3.481186731056616246e+00
1.029766606042237065e+01 -3.452488370583541410e+00
