0.000000000000000000e+00 -1.549019599857431873e-01
8.045051609704977069e-02 -1.915441982050121172e-01
1.609010321940995414e-01 -4.815060359342202556e-01
2.413515482911492982e-01 -1.220657510716000038e+00
3.218020643881990828e-01 -1.806314691530932270e+00
4.022525804852488118e-01 -2.648488216075001400e+00
4.827030965822985964e-01 -3.244165031441918146e+00
5.631536126793483810e-01 -3.138151508785543164e+00
6.436041287763981655e-01 -3.183626525831897425e+00
7.240546448734478391e-01 -3.432145778328555608e+00
8.045051609704976237e-01 -3.689403265598235393e+00
8.849556770675472972e-01 -3.700926733722246009e+00
9.654061931645971928e-01 -3.641011426217300340e+00
1.045856709261647088e+00 -3.653445001294477024e+00
1.126307225358696762e+00 -3.730904252332156279e+00
1.206757741455746435e+00 -3.796520490303642692e+00
1.287208257552796331e+00 -3.806257689090521090e+00
1.367658773649846005e+00 -3.757646484835067024e+00
1.448109289746895678e+00 -3.688593905202515622e+00
1.528559805843945352e+00 -3.623677259083982971e+00
1.609010321940995247e+00 -3.597160759010723297e+00
1.689460838038045143e+00 -3.599141628895653255e+00
1.769911354135094594e+00 -3.631107018505117967e+00
1.850361870232144490e+00 -3.608816878072728329e+00
1.930812386329194386e+00 -3.559665465855532673e+00
2.011262902426244281e+00 -3.471348588290012138e+00
2.091713418523294177e+00 -3.336821127974208157e+00
2.172163934620343628e+00 -3.258461770337300667e+00
2.252614450717393524e+00 -3.241393691866370830e+00
2.333064966814443419e+00 -3.285870333982754410e+00
2.413515482911492871e+00 -3.329858104226198101e+00
2.493965999008542767e+00 -3.355864685798101377e+00
2.574416515105592662e+00 -3.363121214048501173e+00
2.654867031202642558e+00 -3.359189976766036700e+00
2.735317547299692009e+00 -3.321745544591775623e+00
2.815768063396741905e+00 -3.279456186834444953e+00
2.896218579493791356e+00 -3.280878557590625189e+00
2.976669095590841252e+00 -3.329611747271516542e+00
3.057119611687890703e+00 -3.381289199702949499e+00
3.137570127784940599e+00 -3.382483932042837704e+00
3.218020643881990495e+00 -3.340758326414924984e+00
3.298471159979039946e+00 -3.303464467919362768e+00
3.378921676076090286e+00 -3.283279354183494370e+00
3.459372192173139737e+00 -3.257968835676506192e+00
3.539822708270189189e+00 -3.235965793711867544e+00
3.620273224367239528e+00 -3.267433486301628776e+00
3.700723740464288980e+00 -3.303374571099707779e+00
3.781174256561339320e+00 -3.310532532725025678e+00
3.861624772658388771e+00 -3.316881069118883918e+00
3.942075288755438223e+00 -3.344439645293018071e+00
4.022525804852488562e+00 -3.340500254070036590e+00
4.102976320949538014e+00 -3.321570936462654888e+00
4.183426837046588354e+00 -3.304660301683900236e+00
4.263877353143637805e+00 -3.313021273168968772e+00
4.344327869240687257e+00 -3.350698825287669269e+00
4.424778385337737596e+00 -3.378725516495181491e+00
4.505228901434787048e+00 -3.393232080258177685e+00
4.585679417531836499e+00 -3.392204967036480667e+00
4.666129933628886839e+00 -3.381170065683620773e+00
4.746580449725936290e+00 -3.376966229341471948e+00
4.827030965822985742e+00 -3.402914334997175327e+00
4.907481481920036082e+00 -3.404946919337875855e+00
4.987931998017085533e+00 -3.405145092805093476e+00
5.068382514114135873e+00 -3.402735559395603904e+00
5.148833030211185324e+00 -3.367748006670877814e+00
5.229283546308234776e+00 -3.350677542194555159e+00
5.309734062405285115e+00 -3.338211057155180850e+00
5.390184578502334567e+00 -3.336190167120039796e+00
5.470635094599384018e+00 -3.332973331181341869e+00
5.551085610696433470e+00 -3.351793944654934077e+00
5.631536126793483810e+00 -3.371891489066176639e+00
5.711986642890533261e+00 -3.394291474312856494e+00
5.792437158987582713e+00 -3.385542590967743237e+00
5.872887675084633052e+00 -3.346029028601935629e+00
5.953338191181682504e+00 -3.331515443517527597e+00
6.033788707278731955e+00 -3.345268908452109891e+00
6.114239223375781407e+00 -3.355312545109668143e+00
6.194689739472831747e+00 -3.357227413747629896e+00
6.275140255569881198e+00 -3.363764202212482513e+00
6.355590771666931538e+00 -3.367148567101986956e+00
6.436041287763980989e+00 -3.345025398170199615e+00
6.516491803861030441e+00 -3.305374034246251647e+00
6.596942319958079892e+00 -3.330496786653204921e+00
6.677392836055131120e+00 -3.390612606902682735e+00
6.757843352152180572e+00 -3.434407470449307276e+00
6.838293868249230023e+00 -3.444465035437894063e+00
6.918744384346279475e+00 -3.426751479129376055e+00
6.999194900443328926e+00 -3.432250320050099113e+00
7.079645416540378378e+00 -3.428373389944771699e+00
7.160095932637429605e+00 -3.434958948994210726e+00
7.240546448734479057e+00 -3.450159789760129048e+00
7.320996964831528508e+00 -3.453695824767212930e+00
7.401447480928577960e+00 -3.449036733150210754e+00
7.481897997025627411e+00 -3.434599303715962559e+00
7.562348513122678639e+00 -3.427678037799301247e+00
7.642799029219728091e+00 -3.429369856422630036e+00
7.723249545316777542e+00 -3.434801891302235344e+00
7.803700061413826994e+00 -3.448510780411508936e+00
7.884150577510876445e+00 -3.431687063800954007e+00
7.964601093607927673e+00 -3.406856774990255854e+00
8.045051609704977125e+00 -3.408455413944332602e+00
8.125502125802025688e+00 -3.422940330383737351e+00
8.205952641899076028e+00 -3.421888858039178416e+00
8.286403157996124591e+00 -3.419279150376182130e+00
8.366853674093176707e+00 -3.429835400709940085e+00
8.447304190190225270e+00 -3.456737111181425792e+00
8.527754706287275610e+00 -3.480218530545287958e+00
8.608205222384324173e+00 -3.481908772786493689e+00
8.688655738481374513e+00 -3.468630246499668779e+00
8.769106254578423076e+00 -3.459059742913452418e+00
8.849556770675475192e+00 -3.466105919753296405e+00
8.930007286772523756e+00 -3.477258387470526735e+00
9.010457802869574095e+00 -3.493207968469078217e+00
9.090908318966622659e+00 -3.477604837971369989e+00
9.171358835063672998e+00 -3.487610757150113372e+00
9.251809351160723338e+00 -3.506902120654100674e+00
9.332259867257773678e+00 -3.477126323895833870e+00
9.412710383354822241e+00 -3.450054719845465634e+00
9.493160899451872581e+00 -3.484925489061696080e+00
9.573611415548921144e+00 -3.505724013402056194e+00
9.654061931645971484e+00 -3.502495473909537527e+00
9.734512447743021823e+00 -3.485507978884838653e+00
9.814962963840072163e+00 -3.504643003146549418e+00
9.895413479937120727e+00 -3.537110617900572684e+00
9.975863996034171066e+00 -3.529163679446448043e+00
1.005631451213121963e+01 -3.509886346316819505e+00
1.013676502822827175e+01 -3.510847883352474330e+00
1.021721554432532031e+01 -3.512938954091234578e+00
1.029766606042237065e+01 -3.492812968052621869e+00
