0.000000000000000000e+00 -1.549019599857431873e-01
8.045051609704977069e-02 -1.867002678233540269e-01
1.609010321940995414e-01 -4.517150240146935447e-01
2.413515482911492982e-01 -1.136415779179155372e+00
3.218020643881990828e-01 -1.638683341148616801e+00
4.022525804852488118e-01 -1.960408044294273955e+00
4.827030965822985964e-01 -2.193763914873230636e+00
5.631536126793483810e-01 -2.459662424683893178e+00
6.436041287763981655e-01 -2.735950102786016025e+00
7.240546448734478391e-01 -2.949974978724835495e+00
8.045051609704976237e-01 -3.105624375956621552e+00
8.849556770675472972e-01 -3.149870187853125003e+00
9.654061931645971928e-01 -3.243612177505546423e+00
1.045856709261647088e+00 -3.299647096713881123e+00
1.126307225358696762e+00 -3.340846940142419896e+00
1.206757741455746435e+00 -3.328815837911999864e+00
1.287208257552796331e+00 -3.344512444822865582e+00
1.367658773649846005e+00 -3.394393050568951686e+00
1.448109289746895678e+00 -3.412140522956650379e+00
1.528559805843945352e+00 -3.332025279917414373e+00
1.609010321940995247e+00 -3.238630726120575787e+00
1.689460838038045143e+00 -3.196251166550220457e+00
1.769911354135094594e+00 -3.184647665395868188e+00
1.850361870232144490e+00 -3.169378305585063504e+00
1.930812386329194386e+00 -3.090611950471945590e+00
2.011262902426244281e+00 -3.006034428874787778e+00
2.091713418523294177e+00 -2.959964164145080900e+00
2.172163934620343628e+00 -2.948982958177409408e+00
2.252614450717393524e+00 -2.936153870106198660e+00
2.333064966814443419e+00 -2.917470356798541609e+00
2.413515482911492871e+00 -2.915221383062338134e+00
2.493965999008542767e+00 -2.937918039663670822e+00
2.574416515105592662e+00 -2.961388547864165499e+00
2.654867031202642558e+00 -2.965234274196665076e+00
2.735317547299692009e+00 -2.980326686452914320e+00
2.815768063396741905e+00 -2.969466213477305327e+00
2.896218579493791356e+00 -2.932520826599005925e+00
2.976669095590841252e+00 -2.897812435885696924e+00
3.057119611687890703e+00 -2.874086609071475173e+00
3.137570127784940599e+00 -2.900146347683462356e+00
3.218020643881990495e+00 -2.967565108365605830e+00
3.298471159979039946e+00 -2.987002120262025162e+00
3.378921676076090286e+00 -2.903964971895622416e+00
3.459372192173139737e+00 -2.851237989003030382e+00
3.539822708270189189e+00 -2.870558039993413857e+00
3.620273224367239528e+00 -2.908366939360483627e+00
3.700723740464288980e+00 -2.940262429678711875e+00
3.781174256561339320e+00 -2.962234971190613297e+00
3.861624772658388771e+00 -2.969082443982188124e+00
3.942075288755438223e+00 -2.961607620548278863e+00
4.022525804852488562e+00 -2.935332970123841534e+00
4.102976320949538014e+00 -2.920840922015831786e+00
4.183426837046588354e+00 -2.926583593143422313e+00
4.263877353143637805e+00 -2.938923737713331708e+00
4.344327869240687257e+00 -2.965685115371717639e+00
4.424778385337737596e+00 -3.012448315673424304e+00
4.505228901434787048e+00 -3.011446933107488011e+00
4.585679417531836499e+00 -2.979215769248468426e+00
4.666129933628886839e+00 -2.912944425547098426e+00
4.746580449725936290e+00 -2.894515588309067411e+00
4.827030965822985742e+00 -2.928099958387336610e+00
4.907481481920036082e+00 -2.948366634292465260e+00
4.987931998017085533e+00 -2.953899224514187960e+00
5.068382514114135873e+00 -2.973233930459630248e+00
5.148833030211185324e+00 -2.958676127905536912e+00
5.229283546308234776e+00 -2.931411936845026656e+00
5.309734062405285115e+00 -2.962803186037220371e+00
5.390184578502334567e+00 -3.017210520834412435e+00
5.470635094599384018e+00 -3.023518311928451219e+00
5.551085610696433470e+00 -2.997818877733131160e+00
5.631536126793483810e+00 -2.976290226163619490e+00
5.711986642890533261e+00 -2.967189833161257173e+00
5.792437158987582713e+00 -2.972266110812283646e+00
5.872887675084633052e+00 -2.976297206636053350e+00
5.953338191181682504e+00 -2.967692093002951559e+00
6.033788707278731955e+00 -2.941439668498145643e+00
6.114239223375781407e+00 -2.950575247454512606e+00
6.194689739472831747e+00 -2.972552614572119278e+00
6.275140255569881198e+00 -2.990742219524631818e+00
6.355590771666931538e+00 -2.961279920671179955e+00
6.436041287763980989e+00 -2.942336622716745786e+00
6.516491803861030441e+00 -2.937833715164587023e+00
6.596942319958079892e+00 -2.967527267406063096e+00
6.677392836055131120e+00 -3.008917718047594558e+00
6.757843352152180572e+00 -3.040470877736096256e+00
6.838293868249230023e+00 -3.042006606308643502e+00
6.918744384346279475e+00 -3.030099215248093003e+00
6.999194900443328926e+00 -3.013164046293827170e+00
7.079645416540378378e+00 -3.019268235349023666e+00
7.160095932637429605e+00 -3.038281516331772458e+00
7.240546448734479057e+00 -3.039181345440611359e+00
7.320996964831528508e+00 -3.031375215800837353e+00
7.401447480928577960e+00 -3.020561723748059535e+00
7.481897997025627411e+00 -3.020305893504591666e+00
7.562348513122678639e+00 -3.024100165439565835e+00
7.642799029219728091e+00 -3.016891307546214485e+00
7.723249545316777542e+00 -3.015004531568407309e+00
7.803700061413826994e+00 -3.023116119208010044e+00
7.884150577510876445e+00 -3.038375952536779501e+00
7.964601093607927673e+00 -3.055100899543430337e+00
8.045051609704977125e+00 -3.072338446919030019e+00
8.125502125802025688e+00 -3.067305420105372882e+00
8.205952641899076028e+00 -3.067761754129628482e+00
8.286403157996124591e+00 -3.056906057106396180e+00
8.366853674093176707e+00 -3.026106084157059062e+00
8.447304190190225270e+00 -3.017226367249517427e+00
8.527754706287275610e+00 -3.055722967815310387e+00
8.608205222384324173e+00 -3.076268532234895936e+00
8.688655738481374513e+00 -3.050476672318348736e+00
8.769106254578423076e+00 -3.035117459979892018e+00
8.849556770675475192e+00 -3.056460404459065749e+00
8.930007286772523756e+00 -3.064765221032811571e+00
9.010457802869574095e+00 -3.072576320112944348e+00
9.090908318966622659e+00 -3.089975254449063069e+00
9.171358835063672998e+00 -3.098634850747755465e+00
9.251809351160723338e+00 -3.101731440886279945e+00
9.332259867257773678e+00 -3.090401953546179303e+00
9.412710383354822241e+00 -3.084634000336534232e+00
9.493160899451872581e+00 -3.105211489113167023e+00
9.573611415548921144e+00 -3.099537289291781406e+00
9.654061931645971484e+00 -3.095422028159541039e+00
9.734512447743021823e+00 -3.115799051443034706e+00
9.814962963840072163e+00 -3.134212674298683332e+00
9.895413479937120727e+00 -3.150873710910195413e+00
9.975863996034171066e+00 -3.172184386921402144e+00
1.005631451213121963e+01 -3.175050686935654287e+00
1.013676502822827175e+01 -3.184992182529238214e+00
1.021721554432532031e+01 -3.186605996273281338e+00
1.029766606042237065e+01 -3.169618475983086991e+00
