0.000000000000000000e+00 -1.549019599857431873e-01
8.045051609704977069e-02 -1.976775089059192581e-01
1.609010321940995414e-01 -5.362929915285775673e-01
2.413515482911492982e-01 -1.138723584758078999e+00
3.218020643881990828e-01 -1.447017101418518692e+00
4.022525804852488118e-01 -1.933417122828552603e+00
4.827030965822985964e-01 -2.340272514457755193e+00
5.631536126793483810e-01 -2.672768249657023532e+00
6.436041287763981655e-01 -2.896243421065918255e+00
7.240546448734478391e-01 -3.097698111215718253e+00
8.045051609704976237e-01 -3.186587239236194691e+00
8.849556770675472972e-01 -3.177850693538430971e+00
9.654061931645971928e-01 -3.240374021344847755e+00
1.045856709261647088e+00 -3.314355711155557493e+00
1.126307225358696762e+00 -3.353322471647211866e+00
1.206757741455746435e+00 -3.378485463055858951e+00
1.287208257552796331e+00 -3.349700010604765410e+00
1.367658773649846005e+00 -3.269106513358670085e+00
1.448109289746895678e+00 -3.246121507928309669e+00
1.528559805843945352e+00 -3.288728420840652866e+00
1.609010321940995247e+00 -3.316015620914456008e+00
1.689460838038045143e+00 -3.283297891462352514e+00
1.769911354135094594e+00 -3.211505696399346466e+00
1.850361870232144490e+00 -3.153160083407431813e+00
1.930812386329194386e+00 -3.119645738143325353e+00
2.011262902426244281e+00 -3.078310306556863551e+00
2.091713418523294177e+00 -2.958504239209010400e+00
2.172163934620343628e+00 -2.874853356053420406e+00
2.252614450717393524e+00 -2.838598495394606847e+00
2.333064966814443419e+00 -2.819880179211400772e+00
2.413515482911492871e+00 -2.849330512718328379e+00
2.493965999008542767e+00 -2.907150964020130957e+00
2.574416515105592662e+00 -2.919024362675032958e+00
2.654867031202642558e+00 -2.940579937461867743e+00
2.735317547299692009e+00 -2.985248534450096525e+00
2.815768063396741905e+00 -2.996560708797110451e+00
2.896218579493791356e+00 -2.948041088722365366e+00
2.976669095590841252e+00 -2.933062415081812979e+00
3.057119611687890703e+00 -2.961700643939658928e+00
3.137570127784940599e+00 -2.940059836472134425e+00
3.218020643881990495e+00 -2.890467852126429094e+00
3.298471159979039946e+00 -2.844337799427019142e+00
3.378921676076090286e+00 -2.848316229284877377e+00
3.459372192173139737e+00 -2.836009357918680251e+00
3.539822708270189189e+00 -2.848803624434181447e+00
3.620273224367239528e+00 -2.883954029131433394e+00
3.700723740464288980e+00 -2.928152145814822749e+00
3.781174256561339320e+00 -2.939208004926153972e+00
3.861624772658388771e+00 -2.944451394740558392e+00
3.942075288755438223e+00 -2.920785753620895875e+00
4.022525804852488562e+00 -2.899639411203507322e+00
4.102976320949538014e+00 -2.889966924665218873e+00
4.183426837046588354e+00 -2.903920209798931396e+00
4.263877353143637805e+00 -2.935286006933008451e+00
4.344327869240687257e+00 -2.956019196068936150e+00
4.424778385337737596e+00 -2.992869010985489631e+00
4.505228901434787048e+00 -3.004037396204200405e+00
4.585679417531836499e+00 -2.966079036582308426e+00
4.666129933628886839e+00 -2.919340490446766800e+00
4.746580449725936290e+00 -2.919904972785150932e+00
4.827030965822985742e+00 -2.961051716630124897e+00
4.907481481920036082e+00 -3.014213652079761552e+00
4.987931998017085533e+00 -3.043753911251994460e+00
5.068382514114135873e+00 -3.024454470543106677e+00
5.148833030211185324e+00 -2.995509806605973768e+00
5.229283546308234776e+00 -2.968077455159145561e+00
5.309734062405285115e+00 -2.965985353194765306e+00
5.390184578502334567e+00 -2.969431001681985816e+00
5.470635094599384018e+00 -2.954262455928948761e+00
5.551085610696433470e+00 -2.961739209948042628e+00
5.631536126793483810e+00 -2.974241548438660843e+00
5.711986642890533261e+00 -2.984395204589213701e+00
5.792437158987582713e+00 -2.976832861414892673e+00
5.872887675084633052e+00 -2.978276030271397978e+00
5.953338191181682504e+00 -2.986704639097273351e+00
6.033788707278731955e+00 -3.002751659290772590e+00
6.114239223375781407e+00 -2.962375506383042811e+00
6.194689739472831747e+00 -2.930983016410638964e+00
6.275140255569881198e+00 -2.951761948211146347e+00
6.355590771666931538e+00 -3.000197187630616380e+00
6.436041287763980989e+00 -3.022020074248557897e+00
6.516491803861030441e+00 -3.018935470029286527e+00
6.596942319958079892e+00 -3.001783770179608180e+00
6.677392836055131120e+00 -2.993671221040751451e+00
6.757843352152180572e+00 -3.020233923576832513e+00
6.838293868249230023e+00 -3.045219113014405288e+00
6.918744384346279475e+00 -3.044107854343364838e+00
6.999194900443328926e+00 -3.030208454044524657e+00
7.079645416540378378e+00 -3.023844545620088642e+00
7.160095932637429605e+00 -3.019766142303013989e+00
7.240546448734479057e+00 -3.013940677587766181e+00
7.320996964831528508e+00 -3.015268864745201061e+00
7.401447480928577960e+00 -3.042059998869051096e+00
7.481897997025627411e+00 -3.061916648690162113e+00
7.562348513122678639e+00 -3.055388166209154654e+00
7.642799029219728091e+00 -3.040644015517861121e+00
7.723249545316777542e+00 -3.024413538553489822e+00
7.803700061413826994e+00 -3.011441261636647049e+00
7.884150577510876445e+00 -3.010944269311629284e+00
7.964601093607927673e+00 -3.013441713503604458e+00
8.045051609704977125e+00 -3.027114264319203940e+00
8.125502125802025688e+00 -3.040373658183802341e+00
8.205952641899076028e+00 -3.027419637425887267e+00
8.286403157996124591e+00 -3.013772667023599805e+00
8.366853674093176707e+00 -3.010662688685821209e+00
8.447304190190225270e+00 -3.016105461522486486e+00
8.527754706287275610e+00 -3.039061441998955004e+00
8.608205222384324173e+00 -3.047555691399450151e+00
8.688655738481374513e+00 -3.062486534217143674e+00
8.769106254578423076e+00 -3.078855986017021262e+00
8.849556770675475192e+00 -3.082572638228991302e+00
8.930007286772523756e+00 -3.099887891971253140e+00
9.010457802869574095e+00 -3.134809985517434505e+00
9.090908318966622659e+00 -3.141981538736779545e+00
9.171358835063672998e+00 -3.152314370469245119e+00
9.251809351160723338e+00 -3.176663933433503395e+00
9.332259867257773678e+00 -3.169922205756220190e+00
9.412710383354822241e+00 -3.131635445844867416e+00
9.493160899451872581e+00 -3.099576038477753315e+00
9.573611415548921144e+00 -3.102604547106742050e+00
9.654061931645971484e+00 -3.115171385208795218e+00
9.734512447743021823e+00 -3.106523926443991446e+00
9.814962963840072163e+00 -3.092318666088707424e+00
9.895413479937120727e+00 -3.107477073628120756e+00
9.975863996034171066e+00 -3.118526774444884797e+00
1.005631451213121963e+01 -3.131665447744554687e+00
1.013676502822827175e+01 -3.148571557246114150e+00
1.021721554432532031e+01 -3.151806979312580026e+00
1.029766606042237065e+01 -3.163336447211566149e+00
