0.000000000000000000e+00 -1.549019599857431873e-01
8.045051609704977069e-02 -1.993487760903512596e-01
1.609010321940995414e-01 -4.980893827602912438e-01
2.413515482911492982e-01 -1.030629969405191027e+00
3.218020643881990828e-01 -1.284150190904034927e+00
4.022525804852488118e-01 -1.649398520731258921e+00
4.827030965822985964e-01 -2.059833396854573451e+00
5.631536126793483810e-01 -2.442082984563737291e+00
6.436041287763981655e-01 -2.699182917004843141e+00
7.240546448734478391e-01 -2.924378640202724089e+00
8.045051609704976237e-01 -3.149370958674393872e+00
8.849556770675472972e-01 -3.231628028215413728e+00
9.654061931645971928e-01 -3.195540049959774365e+00
1.045856709261647088e+00 -3.179469611585334921e+00
1.126307225358696762e+00 -3.251614720938856173e+00
1.206757741455746435e+00 -3.331606436282865680e+00
1.287208257552796331e+00 -3.399481490005137108e+00
1.367658773649846005e+00 -3.440639682210766992e+00
1.448109289746895678e+00 -3.391761031913544944e+00
1.528559805843945352e+00 -3.280409075529670648e+00
1.609010321940995247e+00 -3.236097557305434691e+00
1.689460838038045143e+00 -3.292699159331601511e+00
1.769911354135094594e+00 -3.266954866106740685e+00
1.850361870232144490e+00 -3.178143912412338956e+00
1.930812386329194386e+00 -3.099302780747716923e+00
2.011262902426244281e+00 -3.063304002331486142e+00
2.091713418523294177e+00 -3.023315729881330682e+00
2.172163934620343628e+00 -3.025602910679509261e+00
2.252614450717393524e+00 -3.002484989417300909e+00
2.333064966814443419e+00 -2.996452918321583780e+00
2.413515482911492871e+00 -3.023732831714016189e+00
2.493965999008542767e+00 -2.976311024388465398e+00
2.574416515105592662e+00 -2.948098944262995236e+00
2.654867031202642558e+00 -2.965848502434093259e+00
2.735317547299692009e+00 -3.003071470040420188e+00
2.815768063396741905e+00 -3.013808179252680297e+00
2.896218579493791356e+00 -2.988328409279271902e+00
2.976669095590841252e+00 -2.942820379421360766e+00
3.057119611687890703e+00 -2.905599472252711202e+00
3.137570127784940599e+00 -2.923866985648815753e+00
3.218020643881990495e+00 -2.943181600164658018e+00
3.298471159979039946e+00 -2.954825086613766860e+00
3.378921676076090286e+00 -2.936862323073501368e+00
3.459372192173139737e+00 -2.963217562442180153e+00
3.539822708270189189e+00 -2.988125251821145856e+00
3.620273224367239528e+00 -3.001389481768549139e+00
3.700723740464288980e+00 -2.973226319124140371e+00
3.781174256561339320e+00 -2.941923469657672374e+00
3.861624772658388771e+00 -2.931282726040436160e+00
3.942075288755438223e+00 -2.948599966308700360e+00
4.022525804852488562e+00 -2.960237717186484208e+00
4.102976320949538014e+00 -2.966014209803389257e+00
4.183426837046588354e+00 -2.954449235160572229e+00
4.263877353143637805e+00 -2.930086558219918924e+00
4.344327869240687257e+00 -2.909699522100698488e+00
4.424778385337737596e+00 -2.920168788920622926e+00
4.505228901434787048e+00 -2.942649487302239297e+00
4.585679417531836499e+00 -2.963856012718241395e+00
4.666129933628886839e+00 -2.924403647031824871e+00
4.746580449725936290e+00 -2.895052582678963482e+00
4.827030965822985742e+00 -2.907624966865939964e+00
4.907481481920036082e+00 -2.939739830014889588e+00
4.987931998017085533e+00 -2.946141543065512902e+00
5.068382514114135873e+00 -2.962028398914695604e+00
5.148833030211185324e+00 -2.974795734894637000e+00
5.229283546308234776e+00 -2.988482601383923853e+00
5.309734062405285115e+00 -2.991942901656807319e+00
5.390184578502334567e+00 -2.978063443795579968e+00
5.470635094599384018e+00 -2.956834299473631411e+00
5.551085610696433470e+00 -2.961587103707375768e+00
5.631536126793483810e+00 -2.983269571962534172e+00
5.711986642890533261e+00 -2.993553206832075375e+00
5.792437158987582713e+00 -2.990877350686600877e+00
5.872887675084633052e+00 -2.969141143095228141e+00
5.953338191181682504e+00 -2.938468959444467288e+00
6.033788707278731955e+00 -2.920247294559473072e+00
6.114239223375781407e+00 -2.940807137446782793e+00
6.194689739472831747e+00 -2.990767833518694907e+00
6.275140255569881198e+00 -3.031070301222892560e+00
6.355590771666931538e+00 -3.022014769917618970e+00
6.436041287763980989e+00 -2.993770133074621143e+00
6.516491803861030441e+00 -2.966585806334173459e+00
6.596942319958079892e+00 -2.952452542700219063e+00
6.677392836055131120e+00 -2.952152488874197456e+00
6.757843352152180572e+00 -2.976565460805224994e+00
6.838293868249230023e+00 -2.993527022686347294e+00
6.918744384346279475e+00 -3.001900686035410715e+00
6.999194900443328926e+00 -3.026114937229580359e+00
7.079645416540378378e+00 -3.037951358446772332e+00
7.160095932637429605e+00 -3.024989186837588218e+00
7.240546448734479057e+00 -3.011833396924268325e+00
7.320996964831528508e+00 -3.029144018641995562e+00
7.401447480928577960e+00 -3.045844897266923201e+00
7.481897997025627411e+00 -3.063408277460160534e+00
7.562348513122678639e+00 -3.067310524393543680e+00
7.642799029219728091e+00 -3.042565715311477792e+00
7.723249545316777542e+00 -3.033796812195089121e+00
7.803700061413826994e+00 -3.055983825979733837e+00
7.884150577510876445e+00 -3.075898704137688622e+00
7.964601093607927673e+00 -3.067314187731423392e+00
8.045051609704977125e+00 -3.054615172987173999e+00
8.125502125802025688e+00 -3.063345715950994919e+00
8.205952641899076028e+00 -3.090165792368382291e+00
8.286403157996124591e+00 -3.117957101258843622e+00
8.366853674093176707e+00 -3.109669995550112365e+00
8.447304190190225270e+00 -3.087272693300493032e+00
8.527754706287275610e+00 -3.059680906687976876e+00
8.608205222384324173e+00 -3.060624778400294677e+00
8.688655738481374513e+00 -3.102847340466108772e+00
8.769106254578423076e+00 -3.149359770637717659e+00
8.849556770675475192e+00 -3.127174863818205086e+00
8.930007286772523756e+00 -3.101583504103326838e+00
9.010457802869574095e+00 -3.098415805581487881e+00
9.090908318966622659e+00 -3.073855307494937517e+00
9.171358835063672998e+00 -3.038869819201421851e+00
9.251809351160723338e+00 -3.041377867959023540e+00
9.332259867257773678e+00 -3.065800485282814236e+00
9.412710383354822241e+00 -3.077769905473055623e+00
9.493160899451872581e+00 -3.087387192655831836e+00
9.573611415548921144e+00 -3.083143143589544000e+00
9.654061931645971484e+00 -3.076404293318701022e+00
9.734512447743021823e+00 -3.089732126416935731e+00
9.814962963840072163e+00 -3.103570266236055364e+00
9.895413479937120727e+00 -3.139045365004596633e+00
9.975863996034171066e+00 -3.134850488907981347e+00
1.005631451213121963e+01 -3.101832767727931817e+00
1.013676502822827175e+01 -3.072498523838468998e+00
1.021721554432532031e+01 -3.080903991203953751e+00
1.029766606042237065e+01 -3.096487767722014617e+00
