0.000000000000000000e+00 -1.549019599857431873e-01
8.045051609704977069e-02 -2.049723820319024892e-01
1.609010321940995414e-01 -6.254786532651089859e-01
2.413515482911492982e-01 -1.642297760502051895e+00
3.218020643881990828e-01 -1.803511216220489155e+00
4.022525804852488118e-01 -1.882160153932373126e+00
4.827030965822985964e-01 -2.251303129746371035e+00
5.631536126793483810e-01 -2.989596966199779438e+00
6.436041287763981655e-01 -3.400385944891726631e+00
7.240546448734478391e-01 -3.425229375006265453e+00
8.045051609704976237e-01 -3.433273443933796631e+00
8.849556770675472972e-01 -3.389611307387232042e+00
9.654061931645971928e-01 -3.376516331194372444e+00
1.045856709261647088e+00 -3.454930979453634698e+00
1.126307225358696762e+00 -3.518520608979197828e+00
1.206757741455746435e+00 -3.502110527311547372e+00
1.287208257552796331e+00 -3.451889683812281451e+00
1.367658773649846005e+00 -3.402278060673080251e+00
1.448109289746895678e+00 -3.347220763132146448e+00
1.528559805843945352e+00 -3.315575376906469085e+00
1.609010321940995247e+00 -3.281070516189707575e+00
1.689460838038045143e+00 -3.156808012742771119e+00
1.769911354135094594e+00 -3.056620684185240133e+00
1.850361870232144490e+00 -3.001941167242225372e+00
1.930812386329194386e+00 -2.954574597220164911e+00
2.011262902426244281e+00 -2.936247596429968798e+00
2.091713418523294177e+00 -2.941188519166080706e+00
2.172163934620343628e+00 -2.980001454869001698e+00
2.252614450717393524e+00 -3.054387788427723294e+00
2.333064966814443419e+00 -3.123714325696582250e+00
2.413515482911492871e+00 -3.161832735681671558e+00
2.493965999008542767e+00 -3.161700798530174161e+00
2.574416515105592662e+00 -3.190133159248052852e+00
2.654867031202642558e+00 -3.281311512988741352e+00
2.735317547299692009e+00 -3.394398836701699285e+00
2.815768063396741905e+00 -3.454443882683738032e+00
2.896218579493791356e+00 -3.448595850495428827e+00
2.976669095590841252e+00 -3.410396987006361957e+00
3.057119611687890703e+00 -3.392159206934656002e+00
3.137570127784940599e+00 -3.420429729834064680e+00
3.218020643881990495e+00 -3.448640940673781241e+00
3.298471159979039946e+00 -3.418170802290186217e+00
3.378921676076090286e+00 -3.371582621994812623e+00
3.459372192173139737e+00 -3.349504410912100827e+00
3.539822708270189189e+00 -3.335184929696368261e+00
3.620273224367239528e+00 -3.316492872464303243e+00
3.700723740464288980e+00 -3.325686463524172076e+00
3.781174256561339320e+00 -3.316411757758770396e+00
3.861624772658388771e+00 -3.304826567682202398e+00
3.942075288755438223e+00 -3.312447545747929212e+00
4.022525804852488562e+00 -3.352799208675097731e+00
4.102976320949538014e+00 -3.391151802769924117e+00
4.183426837046588354e+00 -3.407125107005218201e+00
4.263877353143637805e+00 -3.389907470051278793e+00
4.344327869240687257e+00 -3.379060667807393337e+00
4.424778385337737596e+00 -3.373456615335923559e+00
4.505228901434787048e+00 -3.402888517550724856e+00
4.585679417531836499e+00 -3.426096778678133337e+00
4.666129933628886839e+00 -3.429615117976343441e+00
4.746580449725936290e+00 -3.425919678862656692e+00
4.827030965822985742e+00 -3.440354540177819942e+00
4.907481481920036082e+00 -3.442527047723326739e+00
4.987931998017085533e+00 -3.398873451084206465e+00
5.068382514114135873e+00 -3.365461784210362239e+00
5.148833030211185324e+00 -3.385994035532459812e+00
5.229283546308234776e+00 -3.405020834581348410e+00
5.309734062405285115e+00 -3.395728927322503310e+00
5.390184578502334567e+00 -3.408512849065695960e+00
5.470635094599384018e+00 -3.413296372042366578e+00
5.551085610696433470e+00 -3.380204566758691520e+00
5.631536126793483810e+00 -3.341767682458907096e+00
5.711986642890533261e+00 -3.359878962327170093e+00
5.792437158987582713e+00 -3.403480640799951384e+00
5.872887675084633052e+00 -3.385985814933974325e+00
5.953338191181682504e+00 -3.347302213873554866e+00
6.033788707278731955e+00 -3.354367726777295555e+00
6.114239223375781407e+00 -3.386275690563938845e+00
6.194689739472831747e+00 -3.405011839473959689e+00
6.275140255569881198e+00 -3.400886572343041703e+00
6.355590771666931538e+00 -3.398657964828115219e+00
6.436041287763980989e+00 -3.383596220414483824e+00
6.516491803861030441e+00 -3.377332319772439639e+00
6.596942319958079892e+00 -3.385930147117672817e+00
6.677392836055131120e+00 -3.394163024917276505e+00
6.757843352152180572e+00 -3.387680180854997225e+00
6.838293868249230023e+00 -3.379976825761974890e+00
6.918744384346279475e+00 -3.400732508537070320e+00
6.999194900443328926e+00 -3.425682806214697340e+00
7.079645416540378378e+00 -3.433198746025200254e+00
7.160095932637429605e+00 -3.448189525913639031e+00
7.240546448734479057e+00 -3.434270103683244812e+00
7.320996964831528508e+00 -3.406791395954778423e+00
7.401447480928577960e+00 -3.376972990057516721e+00
7.481897997025627411e+00 -3.381669873130658033e+00
7.562348513122678639e+00 -3.399927163816289344e+00
7.642799029219728091e+00 -3.407426483392882233e+00
7.723249545316777542e+00 -3.400944494217319480e+00
7.803700061413826994e+00 -3.423400389210967010e+00
7.884150577510876445e+00 -3.456932310814171405e+00
7.964601093607927673e+00 -3.477651882149511042e+00
8.045051609704977125e+00 -3.478654442561362803e+00
8.125502125802025688e+00 -3.479400828673931301e+00
8.205952641899076028e+00 -3.471196539317760177e+00
8.286403157996124591e+00 -3.461390625348683692e+00
8.366853674093176707e+00 -3.477292043006431577e+00
8.447304190190225270e+00 -3.476055891856371538e+00
8.527754706287275610e+00 -3.452761296290883131e+00
8.608205222384324173e+00 -3.426977291300323358e+00
8.688655738481374513e+00 -3.414229955187243259e+00
8.769106254578423076e+00 -3.397795648900698851e+00
8.849556770675475192e+00 -3.402369821237304137e+00
8.930007286772523756e+00 -3.418547303998476838e+00
9.010457802869574095e+00 -3.445839328078160513e+00
9.090908318966622659e+00 -3.450977348957770197e+00
9.171358835063672998e+00 -3.476953966779238847e+00
9.251809351160723338e+00 -3.497263568787259302e+00
9.332259867257773678e+00 -3.509317908203352321e+00
9.412710383354822241e+00 -3.503539282906604324e+00
9.493160899451872581e+00 -3.507939436728568339e+00
9.573611415548921144e+00 -3.510371332766226260e+00
9.654061931645971484e+00 -3.513131978298061231e+00
9.734512447743021823e+00 -3.520165148628712437e+00
9.814962963840072163e+00 -3.515143938727477657e+00
9.895413479937120727e+00 -3.506695189836506188e+00
9.975863996034171066e+00 -3.505426618815312700e+00
1.005631451213121963e+01 -3.518901567660421392e+00
1.013676502822827175e+01 -3.548221999904504820e+00
1.021721554432532031e+01 -3.577805322679389555e+00
1.029766606042237065e+01 -3.588266521146791010e+00
