0.000000000000000000e+00 -1.549019599857431873e-01
8.045051609704977069e-02 -1.932778616293226726e-01
1.609010321940995414e-01 -5.425568859127922750e-01
2.413515482911492982e-01 -1.516626322811368111e+00
3.218020643881990828e-01 -2.385628892453692806e+00
4.022525804852488118e-01 -2.302500974901338981e+00
4.827030965822985964e-01 -2.542445249018235653e+00
5.631536126793483810e-01 -2.989265699790308872e+00
6.436041287763981655e-01 -3.259637759916583555e+00
7.240546448734478391e-01 -3.387463264403669960e+00
8.045051609704976237e-01 -3.486678322974466671e+00
8.849556770675472972e-01 -3.656321581879993232e+00
9.654061931645971928e-01 -3.801446899091951881e+00
1.045856709261647088e+00 -3.834116390509543226e+00
1.126307225358696762e+00 -3.806198984102138638e+00
1.206757741455746435e+00 -3.731289419372486815e+00
1.287208257552796331e+00 -3.669982432413596118e+00
1.367658773649846005e+00 -3.635638451001345750e+00
1.448109289746895678e+00 -3.570749610157274212e+00
1.528559805843945352e+00 -3.429919443295764925e+00
1.609010321940995247e+00 -3.260971745747216488e+00
1.689460838038045143e+00 -3.134039181117725281e+00
1.769911354135094594e+00 -3.016760743170300962e+00
1.850361870232144490e+00 -2.907308707854497687e+00
1.930812386329194386e+00 -2.803767422234146878e+00
2.011262902426244281e+00 -2.800148095222182221e+00
2.091713418523294177e+00 -2.868983711052061292e+00
2.172163934620343628e+00 -3.000075659530118344e+00
2.252614450717393524e+00 -3.110948474652114992e+00
2.333064966814443419e+00 -3.139942100849939521e+00
2.413515482911492871e+00 -3.122184480504929471e+00
2.493965999008542767e+00 -3.158471433110702442e+00
2.574416515105592662e+00 -3.257391636708611315e+00
2.654867031202642558e+00 -3.351229506701752126e+00
2.735317547299692009e+00 -3.410382316465774277e+00
2.815768063396741905e+00 -3.464198983743548510e+00
2.896218579493791356e+00 -3.487717991771331238e+00
2.976669095590841252e+00 -3.425902490463166306e+00
3.057119611687890703e+00 -3.375856743405712290e+00
3.137570127784940599e+00 -3.373643363783090265e+00
3.218020643881990495e+00 -3.389686863324270938e+00
3.298471159979039946e+00 -3.404847675474949931e+00
3.378921676076090286e+00 -3.377208889219493582e+00
3.459372192173139737e+00 -3.353658798834779020e+00
3.539822708270189189e+00 -3.300407890467005334e+00
3.620273224367239528e+00 -3.229035960777642433e+00
3.700723740464288980e+00 -3.234703397793665669e+00
3.781174256561339320e+00 -3.276122465958680952e+00
3.861624772658388771e+00 -3.295814658733115632e+00
3.942075288755438223e+00 -3.301425412142989124e+00
4.022525804852488562e+00 -3.328666780459470509e+00
4.102976320949538014e+00 -3.359387671398093911e+00
4.183426837046588354e+00 -3.363391046940243712e+00
4.263877353143637805e+00 -3.332695771659530237e+00
4.344327869240687257e+00 -3.327724849025156750e+00
4.424778385337737596e+00 -3.328536630422239462e+00
4.505228901434787048e+00 -3.357284949469955926e+00
4.585679417531836499e+00 -3.398561961129883180e+00
4.666129933628886839e+00 -3.430290514470470953e+00
4.746580449725936290e+00 -3.424854338113369145e+00
4.827030965822985742e+00 -3.407680076135001901e+00
4.907481481920036082e+00 -3.415500615691608566e+00
4.987931998017085533e+00 -3.415930027478455422e+00
5.068382514114135873e+00 -3.411773359459151056e+00
5.148833030211185324e+00 -3.379572129148031401e+00
5.229283546308234776e+00 -3.338489820389657581e+00
5.309734062405285115e+00 -3.332458507781351109e+00
5.390184578502334567e+00 -3.375428665709111709e+00
5.470635094599384018e+00 -3.396079163596946504e+00
5.551085610696433470e+00 -3.389149689511589347e+00
5.631536126793483810e+00 -3.372947920334461003e+00
5.711986642890533261e+00 -3.371401689124648549e+00
5.792437158987582713e+00 -3.355592150855282618e+00
5.872887675084633052e+00 -3.356996067144791596e+00
5.953338191181682504e+00 -3.354411157175714919e+00
6.033788707278731955e+00 -3.346407407317774751e+00
6.114239223375781407e+00 -3.340589170951755449e+00
6.194689739472831747e+00 -3.358458640713983812e+00
6.275140255569881198e+00 -3.368451726596304319e+00
6.355590771666931538e+00 -3.376438335571321669e+00
6.436041287763980989e+00 -3.374193734715586590e+00
6.516491803861030441e+00 -3.376783015039662494e+00
6.596942319958079892e+00 -3.400161364640934991e+00
6.677392836055131120e+00 -3.434126422084921249e+00
6.757843352152180572e+00 -3.422506222523156172e+00
6.838293868249230023e+00 -3.405985585965439544e+00
6.918744384346279475e+00 -3.408042919425326112e+00
6.999194900443328926e+00 -3.413313305669329001e+00
7.079645416540378378e+00 -3.402203342906352290e+00
7.160095932637429605e+00 -3.357969776309743359e+00
7.240546448734479057e+00 -3.341430960096385405e+00
7.320996964831528508e+00 -3.370681316891212198e+00
7.401447480928577960e+00 -3.402208101066158008e+00
7.481897997025627411e+00 -3.384925274889161617e+00
7.562348513122678639e+00 -3.342391019621094195e+00
7.642799029219728091e+00 -3.335621377422821610e+00
7.723249545316777542e+00 -3.386545737522918209e+00
7.803700061413826994e+00 -3.436509587867021764e+00
7.884150577510876445e+00 -3.429744095762467637e+00
7.964601093607927673e+00 -3.415648986995694081e+00
8.045051609704977125e+00 -3.410038331498031372e+00
8.125502125802025688e+00 -3.407061037840229289e+00
8.205952641899076028e+00 -3.393316962225502387e+00
8.286403157996124591e+00 -3.385459610907782135e+00
8.366853674093176707e+00 -3.391412784258294622e+00
8.447304190190225270e+00 -3.424522786792696394e+00
8.527754706287275610e+00 -3.429523644172078889e+00
8.608205222384324173e+00 -3.429787083638990097e+00
8.688655738481374513e+00 -3.422574403994109282e+00
8.769106254578423076e+00 -3.422752637740325010e+00
8.849556770675475192e+00 -3.441989023991381291e+00
8.930007286772523756e+00 -3.468398636155937798e+00
9.010457802869574095e+00 -3.475388617535324354e+00
9.090908318966622659e+00 -3.478391201073086858e+00
9.171358835063672998e+00 -3.493617396243064555e+00
9.251809351160723338e+00 -3.525019761553109365e+00
9.332259867257773678e+00 -3.547954978233426093e+00
9.412710383354822241e+00 -3.549580196004716637e+00
9.493160899451872581e+00 -3.534896412842055469e+00
9.573611415548921144e+00 -3.512815056234993349e+00
9.654061931645971484e+00 -3.483558233952650962e+00
9.734512447743021823e+00 -3.482496858689941188e+00
9.814962963840072163e+00 -3.472858853140257551e+00
9.895413479937120727e+00 -3.462817215246694946e+00
9.975863996034171066e+00 -3.452290844902346389e+00
1.005631451213121963e+01 -3.453450126391983677e+00
1.013676502822827175e+01 -3.479273768167210790e+00
1.021721554432532031e+01 -3.498519164661389347e+00
1.029766606042237065e+01 -3.502546766214524876e+00
