0.000000000000000000e+00 -1.549019599857431873e-01
8.045051609704977069e-02 -2.122242993277205503e-01
1.609010321940995414e-01 -6.482926762724220415e-01
2.413515482911492982e-01 -2.180891479774129227e+00
3.218020643881990828e-01 -2.097949196063411126e+00
4.022525804852488118e-01 -2.015422066651820554e+00
4.827030965822985964e-01 -2.292057848861048797e+00
5.631536126793483810e-01 -2.915241115974367414e+00
6.436041287763981655e-01 -3.239463623960510130e+00
7.240546448734478391e-01 -3.388033246170219392e+00
8.045051609704976237e-01 -3.504842053884507980e+00
8.849556770675472972e-01 -3.509095071448343983e+00
9.654061931645971928e-01 -3.503069970682058720e+00
1.045856709261647088e+00 -3.564131297757604067e+00
1.126307225358696762e+00 -3.624058349579123206e+00
1.206757741455746435e+00 -3.599830202971912474e+00
1.287208257552796331e+00 -3.563045790096308618e+00
1.367658773649846005e+00 -3.550827407177595152e+00
1.448109289746895678e+00 -3.508803342395800939e+00
1.528559805843945352e+00 -3.441808524463162211e+00
1.609010321940995247e+00 -3.347894025569640775e+00
1.689460838038045143e+00 -3.258357181281775539e+00
1.769911354135094594e+00 -3.168060422473372828e+00
1.850361870232144490e+00 -3.137647650201664806e+00
1.930812386329194386e+00 -3.109836582795960869e+00
2.011262902426244281e+00 -3.052806703703423885e+00
2.091713418523294177e+00 -3.035255609485695949e+00
2.172163934620343628e+00 -3.045065712432033944e+00
2.252614450717393524e+00 -3.072876255663556488e+00
2.333064966814443419e+00 -3.143860977356816466e+00
2.413515482911492871e+00 -3.187477605627638155e+00
2.493965999008542767e+00 -3.228082677637678088e+00
2.574416515105592662e+00 -3.284491986306117273e+00
2.654867031202642558e+00 -3.361294386349795715e+00
2.735317547299692009e+00 -3.387361560042686293e+00
2.815768063396741905e+00 -3.389884372208910701e+00
2.896218579493791356e+00 -3.390786407973640948e+00
2.976669095590841252e+00 -3.365815614725784499e+00
3.057119611687890703e+00 -3.347083130054810951e+00
3.137570127784940599e+00 -3.397980214460507131e+00
3.218020643881990495e+00 -3.422162589858273041e+00
3.298471159979039946e+00 -3.378744081763565443e+00
3.378921676076090286e+00 -3.344845952565582259e+00
3.459372192173139737e+00 -3.362307744433853607e+00
3.539822708270189189e+00 -3.370020302690527991e+00
3.620273224367239528e+00 -3.359098062270373664e+00
3.700723740464288980e+00 -3.370733065607367074e+00
3.781174256561339320e+00 -3.432409228556534853e+00
3.861624772658388771e+00 -3.446055953248623016e+00
3.942075288755438223e+00 -3.403207760794430214e+00
4.022525804852488562e+00 -3.391132161485631347e+00
4.102976320949538014e+00 -3.436714052802707808e+00
4.183426837046588354e+00 -3.444336598745018740e+00
4.263877353143637805e+00 -3.400549964997823693e+00
4.344327869240687257e+00 -3.349968310117026782e+00
4.424778385337737596e+00 -3.338200561374736974e+00
4.505228901434787048e+00 -3.367284490926290896e+00
4.585679417531836499e+00 -3.395853169296562779e+00
4.666129933628886839e+00 -3.422904984099659487e+00
4.746580449725936290e+00 -3.408743493956517767e+00
4.827030965822985742e+00 -3.387377783279728494e+00
4.907481481920036082e+00 -3.386416276895248600e+00
4.987931998017085533e+00 -3.391838012554180271e+00
5.068382514114135873e+00 -3.379797502334333181e+00
5.148833030211185324e+00 -3.373642797348835654e+00
5.229283546308234776e+00 -3.394785152128903416e+00
5.309734062405285115e+00 -3.426057734719344605e+00
5.390184578502334567e+00 -3.438408809744315953e+00
5.470635094599384018e+00 -3.399928991450858806e+00
5.551085610696433470e+00 -3.376263587848667314e+00
5.631536126793483810e+00 -3.363732855062071092e+00
5.711986642890533261e+00 -3.364847524112511756e+00
5.792437158987582713e+00 -3.399622027838347993e+00
5.872887675084633052e+00 -3.453163680247677281e+00
5.953338191181682504e+00 -3.459435565119441502e+00
6.033788707278731955e+00 -3.395260418217333598e+00
6.114239223375781407e+00 -3.342203856686112751e+00
6.194689739472831747e+00 -3.355329369279560492e+00
6.275140255569881198e+00 -3.402056613051202216e+00
6.355590771666931538e+00 -3.444031511314972427e+00
6.436041287763980989e+00 -3.471937648988653091e+00
6.516491803861030441e+00 -3.453442929357064983e+00
6.596942319958079892e+00 -3.409474082339948531e+00
6.677392836055131120e+00 -3.366331255531670230e+00
6.757843352152180572e+00 -3.357551493274347987e+00
6.838293868249230023e+00 -3.368022183359707267e+00
6.918744384346279475e+00 -3.372621664608995928e+00
6.999194900443328926e+00 -3.374068750314142218e+00
7.079645416540378378e+00 -3.391664585752605987e+00
7.160095932637429605e+00 -3.417933031147506018e+00
7.240546448734479057e+00 -3.442837626854315047e+00
7.320996964831528508e+00 -3.443923576255108809e+00
7.401447480928577960e+00 -3.426580617993027378e+00
7.481897997025627411e+00 -3.416033945411819595e+00
7.562348513122678639e+00 -3.436581466694581088e+00
7.642799029219728091e+00 -3.435583474017286143e+00
7.723249545316777542e+00 -3.408943484015316994e+00
7.803700061413826994e+00 -3.419300544998086888e+00
7.884150577510876445e+00 -3.442802641248413398e+00
7.964601093607927673e+00 -3.434939399767392043e+00
8.045051609704977125e+00 -3.431336198274385740e+00
8.125502125802025688e+00 -3.444135740397215706e+00
8.205952641899076028e+00 -3.456412986063773118e+00
8.286403157996124591e+00 -3.449423219828799514e+00
8.366853674093176707e+00 -3.432256681803083076e+00
8.447304190190225270e+00 -3.433462979003450766e+00
8.527754706287275610e+00 -3.439378529481079472e+00
8.608205222384324173e+00 -3.432077527216818247e+00
8.688655738481374513e+00 -3.436356309993743974e+00
8.769106254578423076e+00 -3.453474261712545790e+00
8.849556770675475192e+00 -3.470265546098205256e+00
8.930007286772523756e+00 -3.470634157320449997e+00
9.010457802869574095e+00 -3.474013399237986466e+00
9.090908318966622659e+00 -3.469479509680005069e+00
9.171358835063672998e+00 -3.472451448903006721e+00
9.251809351160723338e+00 -3.488363595855285659e+00
9.332259867257773678e+00 -3.484193028654521296e+00
9.412710383354822241e+00 -3.473875979950241444e+00
9.493160899451872581e+00 -3.478273766469806016e+00
9.573611415548921144e+00 -3.488008083611775501e+00
9.654061931645971484e+00 -3.493091527654987427e+00
9.734512447743021823e+00 -3.512877269170766592e+00
9.814962963840072163e+00 -3.532526934953577058e+00
9.895413479937120727e+00 -3.556962463527811646e+00
9.975863996034171066e+00 -3.560113942675495746e+00
1.005631451213121963e+01 -3.554496635969398355e+00
1.013676502822827175e+01 -3.558370866499359852e+00
1.021721554432532031e+01 -3.541428085738018705e+00
1.029766606042237065e+01 -3.527959858622990996e+00
