0.000000000000000000e+00 -1.549019599857431873e-01
8.045051609704977069e-02 -2.102158181253563907e-01
1.609010321940995414e-01 -6.517957298661271048e-01
2.413515482911492982e-01 -2.196571755859181962e+00
3.218020643881990828e-01 -2.060366748126980063e+00
4.022525804852488118e-01 -1.947333804145746194e+00
4.827030965822985964e-01 -2.195961927504118005e+00
5.631536126793483810e-01 -2.853749931491688319e+00
6.436041287763981655e-01 -3.212900788490055337e+00
7.240546448734478391e-01 -3.329770832918840462e+00
8.045051609704976237e-01 -3.340523557674683452e+00
8.849556770675472972e-01 -3.334490601113188291e+00
9.654061931645971928e-01 -3.315092551644843955e+00
1.045856709261647088e+00 -3.280974753478874906e+00
1.126307225358696762e+00 -3.280939394930040720e+00
1.206757741455746435e+00 -3.399721297299848732e+00
1.287208257552796331e+00 -3.481820572648209211e+00
1.367658773649846005e+00 -3.433468535142061295e+00
1.448109289746895678e+00 -3.364705462856788731e+00
1.528559805843945352e+00 -3.307771302869225494e+00
1.609010321940995247e+00 -3.227540711037274690e+00
1.689460838038045143e+00 -3.159727123727559928e+00
1.769911354135094594e+00 -3.120850385828592533e+00
1.850361870232144490e+00 -3.047310956170273144e+00
1.930812386329194386e+00 -2.963245180446683502e+00
2.011262902426244281e+00 -2.869932131742729986e+00
2.091713418523294177e+00 -2.858087584013106586e+00
2.172163934620343628e+00 -2.927212120753401869e+00
2.252614450717393524e+00 -3.053423928846610291e+00
2.333064966814443419e+00 -3.101263483506280227e+00
2.413515482911492871e+00 -3.128787088769138247e+00
2.493965999008542767e+00 -3.244450372042022579e+00
2.574416515105592662e+00 -3.349619640153419287e+00
2.654867031202642558e+00 -3.373722126157682855e+00
2.735317547299692009e+00 -3.338130492659913351e+00
2.815768063396741905e+00 -3.362492983279082193e+00
2.896218579493791356e+00 -3.446639449455612514e+00
2.976669095590841252e+00 -3.471846309690254540e+00
3.057119611687890703e+00 -3.463408527688271565e+00
3.137570127784940599e+00 -3.457859798456514699e+00
3.218020643881990495e+00 -3.460703623590585920e+00
3.298471159979039946e+00 -3.479153596893236333e+00
3.378921676076090286e+00 -3.457413012291830956e+00
3.459372192173139737e+00 -3.392323412472217470e+00
3.539822708270189189e+00 -3.342092286240652133e+00
3.620273224367239528e+00 -3.327042066301409751e+00
3.700723740464288980e+00 -3.337961944533175629e+00
3.781174256561339320e+00 -3.362620961754208881e+00
3.861624772658388771e+00 -3.340737185358325423e+00
3.942075288755438223e+00 -3.322141646983372887e+00
4.022525804852488562e+00 -3.330927423846043123e+00
4.102976320949538014e+00 -3.357164767924414317e+00
4.183426837046588354e+00 -3.370842292068612078e+00
4.263877353143637805e+00 -3.352533495981123490e+00
4.344327869240687257e+00 -3.370312434590039707e+00
4.424778385337737596e+00 -3.426817130920439602e+00
4.505228901434787048e+00 -3.438260032099216268e+00
4.585679417531836499e+00 -3.425759977444144511e+00
4.666129933628886839e+00 -3.380253414084623209e+00
4.746580449725936290e+00 -3.370762824313473072e+00
4.827030965822985742e+00 -3.397885087276775185e+00
4.907481481920036082e+00 -3.410932908097170202e+00
4.987931998017085533e+00 -3.406419389403656073e+00
5.068382514114135873e+00 -3.388445320964596164e+00
5.148833030211185324e+00 -3.359347435992339204e+00
5.229283546308234776e+00 -3.357250795752853900e+00
5.309734062405285115e+00 -3.391357720597472092e+00
5.390184578502334567e+00 -3.390678212972220607e+00
5.470635094599384018e+00 -3.372297207171808253e+00
5.551085610696433470e+00 -3.390086311322543011e+00
5.631536126793483810e+00 -3.423743248053433774e+00
5.711986642890533261e+00 -3.447424722839993461e+00
5.792437158987582713e+00 -3.447345676355479949e+00
5.872887675084633052e+00 -3.443408220056410673e+00
5.953338191181682504e+00 -3.457858695899111545e+00
6.033788707278731955e+00 -3.492323992196124216e+00
6.114239223375781407e+00 -3.482659882592015421e+00
6.194689739472831747e+00 -3.442142507757116388e+00
6.275140255569881198e+00 -3.418327746862142025e+00
6.355590771666931538e+00 -3.412515526685438783e+00
6.436041287763980989e+00 -3.392988667957949733e+00
6.516491803861030441e+00 -3.356990972411563412e+00
6.596942319958079892e+00 -3.335128134196551741e+00
6.677392836055131120e+00 -3.352267015099359870e+00
6.757843352152180572e+00 -3.401283689635349550e+00
6.838293868249230023e+00 -3.419753648627710252e+00
6.918744384346279475e+00 -3.390224236023155147e+00
6.999194900443328926e+00 -3.397192778850884665e+00
7.079645416540378378e+00 -3.437060037737956986e+00
7.160095932637429605e+00 -3.446080962724324515e+00
7.240546448734479057e+00 -3.431374508526199296e+00
7.320996964831528508e+00 -3.430894950833902612e+00
7.401447480928577960e+00 -3.436127826758895054e+00
7.481897997025627411e+00 -3.437567938525199374e+00
7.562348513122678639e+00 -3.446308381985522473e+00
7.642799029219728091e+00 -3.443620991763970629e+00
7.723249545316777542e+00 -3.425836561515456680e+00
7.803700061413826994e+00 -3.423107324410945118e+00
7.884150577510876445e+00 -3.430467242575445663e+00
7.964601093607927673e+00 -3.442882171679559455e+00
8.045051609704977125e+00 -3.458708033011543836e+00
8.125502125802025688e+00 -3.475305201646677222e+00
8.205952641899076028e+00 -3.457056342867747656e+00
8.286403157996124591e+00 -3.436450117382865432e+00
8.366853674093176707e+00 -3.456025717665996311e+00
8.447304190190225270e+00 -3.459128904936564552e+00
8.527754706287275610e+00 -3.436132351642551708e+00
8.608205222384324173e+00 -3.414800882152176253e+00
8.688655738481374513e+00 -3.416544017535775524e+00
8.769106254578423076e+00 -3.419407012552297953e+00
8.849556770675475192e+00 -3.423109142303961239e+00
8.930007286772523756e+00 -3.443235905708413647e+00
9.010457802869574095e+00 -3.468604367073212735e+00
9.090908318966622659e+00 -3.490304803760372110e+00
9.171358835063672998e+00 -3.502351116379787133e+00
9.251809351160723338e+00 -3.508214054112859692e+00
9.332259867257773678e+00 -3.533094092441106060e+00
9.412710383354822241e+00 -3.576081237747633867e+00
9.493160899451872581e+00 -3.595525718674526860e+00
9.573611415548921144e+00 -3.582841865444626350e+00
9.654061931645971484e+00 -3.560516006066953398e+00
9.734512447743021823e+00 -3.557820938061499128e+00
9.814962963840072163e+00 -3.555732564557303466e+00
9.895413479937120727e+00 -3.560254223054663658e+00
9.975863996034171066e+00 -3.551683185275177124e+00
1.005631451213121963e+01 -3.544737433672754623e+00
1.013676502822827175e+01 -3.548393482707574709e+00
1.021721554432532031e+01 -3.564864382051962988e+00
1.029766606042237065e+01 -3.572256316345038485e+00
