0.000000000000000000e+00 -1.549019599857431873e-01
8.045051609704977069e-02 -2.117557807692302119e-01
1.609010321940995414e-01 -6.027437012587634202e-01
2.413515482911492982e-01 -2.177124673964814683e+00
3.218020643881990828e-01 -2.436260149966555488e+00
4.022525804852488118e-01 -2.360865502406109151e+00
4.827030965822985964e-01 -2.595793350575568592e+00
5.631536126793483810e-01 -3.046455704267683195e+00
6.436041287763981655e-01 -3.301197809985876308e+00
7.240546448734478391e-01 -3.296840898455577040e+00
8.045051609704976237e-01 -3.372996414492547501e+00
8.849556770675472972e-01 -3.558790379566062256e+00
9.654061931645971928e-01 -3.689877850284495331e+00
1.045856709261647088e+00 -3.707643594198396730e+00
1.126307225358696762e+00 -3.694444045528193055e+00
1.206757741455746435e+00 -3.672801577778710413e+00
1.287208257552796331e+00 -3.660786196871296028e+00
1.367658773649846005e+00 -3.591522562222062120e+00
1.448109289746895678e+00 -3.486592593043586152e+00
1.528559805843945352e+00 -3.396006607283221346e+00
1.609010321940995247e+00 -3.246123234461407492e+00
1.689460838038045143e+00 -3.111265550872667429e+00
1.769911354135094594e+00 -3.054822740917834345e+00
1.850361870232144490e+00 -3.057371959119243865e+00
1.930812386329194386e+00 -3.016103326124207840e+00
2.011262902426244281e+00 -2.942556089220465410e+00
2.091713418523294177e+00 -2.904839859242397182e+00
2.172163934620343628e+00 -2.980973631028726700e+00
2.252614450717393524e+00 -3.137038354473152157e+00
2.333064966814443419e+00 -3.223392096888495040e+00
2.413515482911492871e+00 -3.255112295618221907e+00
2.493965999008542767e+00 -3.309762577474321787e+00
2.574416515105592662e+00 -3.352492081993999395e+00
2.654867031202642558e+00 -3.345529181426758480e+00
2.735317547299692009e+00 -3.366318577807978940e+00
2.815768063396741905e+00 -3.400007592733416573e+00
2.896218579493791356e+00 -3.404115963366489250e+00
2.976669095590841252e+00 -3.378118331673402253e+00
3.057119611687890703e+00 -3.369677372972035290e+00
3.137570127784940599e+00 -3.366372583838925348e+00
3.218020643881990495e+00 -3.365688937797913116e+00
3.298471159979039946e+00 -3.395974838597669798e+00
3.378921676076090286e+00 -3.422806827308316979e+00
3.459372192173139737e+00 -3.420269551069680780e+00
3.539822708270189189e+00 -3.407572892356614869e+00
3.620273224367239528e+00 -3.369108517302603190e+00
3.700723740464288980e+00 -3.329211882952482160e+00
3.781174256561339320e+00 -3.334494395181148985e+00
3.861624772658388771e+00 -3.352979057926258832e+00
3.942075288755438223e+00 -3.370513826043247452e+00
4.022525804852488562e+00 -3.426380171818765419e+00
4.102976320949538014e+00 -3.454156297999361414e+00
4.183426837046588354e+00 -3.411854806550608910e+00
4.263877353143637805e+00 -3.373742499603649581e+00
4.344327869240687257e+00 -3.332895257645449139e+00
4.424778385337737596e+00 -3.311582281362126512e+00
4.505228901434787048e+00 -3.339539273792844654e+00
4.585679417531836499e+00 -3.397832147960061722e+00
4.666129933628886839e+00 -3.469084048912800089e+00
4.746580449725936290e+00 -3.474274356339166925e+00
4.827030965822985742e+00 -3.430024882734715952e+00
4.907481481920036082e+00 -3.423415217610259020e+00
4.987931998017085533e+00 -3.448956366161427756e+00
5.068382514114135873e+00 -3.479058624812657818e+00
5.148833030211185324e+00 -3.457643350491818701e+00
5.229283546308234776e+00 -3.452896333358121073e+00
5.309734062405285115e+00 -3.419756409982138479e+00
5.390184578502334567e+00 -3.389499427910283469e+00
5.470635094599384018e+00 -3.368424721302807345e+00
5.551085610696433470e+00 -3.356217747627519010e+00
5.631536126793483810e+00 -3.379572700881972036e+00
5.711986642890533261e+00 -3.423434502795668966e+00
5.792437158987582713e+00 -3.441316677318024819e+00
5.872887675084633052e+00 -3.421750621048180729e+00
5.953338191181682504e+00 -3.406967934172864254e+00
6.033788707278731955e+00 -3.393041799817297921e+00
6.114239223375781407e+00 -3.409421146642496403e+00
6.194689739472831747e+00 -3.403145662795193260e+00
6.275140255569881198e+00 -3.379972408634267289e+00
6.355590771666931538e+00 -3.384197161589082015e+00
6.436041287763980989e+00 -3.382383088980938979e+00
6.516491803861030441e+00 -3.358779400338082421e+00
6.596942319958079892e+00 -3.323481795422833063e+00
6.677392836055131120e+00 -3.333386044751939892e+00
6.757843352152180572e+00 -3.367023005387534962e+00
6.838293868249230023e+00 -3.379046126119579441e+00
6.918744384346279475e+00 -3.390090906827632811e+00
6.999194900443328926e+00 -3.420238904303281924e+00
7.079645416540378378e+00 -3.433466726299503335e+00
7.160095932637429605e+00 -3.421656762822204545e+00
7.240546448734479057e+00 -3.439519018272648054e+00
7.320996964831528508e+00 -3.457542181909763368e+00
7.401447480928577960e+00 -3.458535855166003703e+00
7.481897997025627411e+00 -3.432152269274132195e+00
7.562348513122678639e+00 -3.419442199280231964e+00
7.642799029219728091e+00 -3.433332947141666480e+00
7.723249545316777542e+00 -3.455280909612209239e+00
7.803700061413826994e+00 -3.459791232947473372e+00
7.884150577510876445e+00 -3.464746108214904918e+00
7.964601093607927673e+00 -3.457977338914716370e+00
8.045051609704977125e+00 -3.459698356719052903e+00
8.125502125802025688e+00 -3.471503396577497291e+00
8.205952641899076028e+00 -3.464327645350996132e+00
8.286403157996124591e+00 -3.443037013368646981e+00
8.366853674093176707e+00 -3.421251032948320336e+00
8.447304190190225270e+00 -3.423681148534648333e+00
8.527754706287275610e+00 -3.427620978332960533e+00
8.608205222384324173e+00 -3.454246569154851176e+00
8.688655738481374513e+00 -3.495716631999840729e+00
8.769106254578423076e+00 -3.526536442203427324e+00
8.849556770675475192e+00 -3.539656276550156022e+00
8.930007286772523756e+00 -3.505476016884484736e+00
9.010457802869574095e+00 -3.485107356576720328e+00
9.090908318966622659e+00 -3.475452669583719345e+00
9.171358835063672998e+00 -3.482461844182801691e+00
9.251809351160723338e+00 -3.479179456529849723e+00
9.332259867257773678e+00 -3.473731503206055837e+00
9.412710383354822241e+00 -3.472605426437775478e+00
9.493160899451872581e+00 -3.473519504550909964e+00
9.573611415548921144e+00 -3.495489788064739312e+00
9.654061931645971484e+00 -3.518670183349186686e+00
9.734512447743021823e+00 -3.508828686835946620e+00
9.814962963840072163e+00 -3.493937621009649774e+00
9.895413479937120727e+00 -3.502127699825270835e+00
9.975863996034171066e+00 -3.517735992304934722e+00
1.005631451213121963e+01 -3.504909509227585040e+00
1.013676502822827175e+01 -3.481700315724236994e+00
1.021721554432532031e+01 -3.494708427674867224e+00
1.029766606042237065e+01 -3.511044047617687625e+00
