0.000000000000000000e+00 -1.549019599857431873e-01
8.045051609704977069e-02 -1.866385485577704284e-01
1.609010321940995414e-01 -5.026332107819500017e-01
2.413515482911492982e-01 -1.697481643916909810e+00
3.218020643881990828e-01 -2.408074021282945232e+00
4.022525804852488118e-01 -2.407581841808704048e+00
4.827030965822985964e-01 -2.486142689831114527e+00
5.631536126793483810e-01 -2.746443114285090914e+00
6.436041287763981655e-01 -3.152142898671791649e+00
7.240546448734478391e-01 -3.451210912425151545e+00
8.045051609704976237e-01 -3.571623349493002753e+00
8.849556770675472972e-01 -3.570616123471318737e+00
9.654061931645971928e-01 -3.590362380484837246e+00
1.045856709261647088e+00 -3.612777251816893020e+00
1.126307225358696762e+00 -3.591036308054310400e+00
1.206757741455746435e+00 -3.508068076465875595e+00
1.287208257552796331e+00 -3.397352839930782853e+00
1.367658773649846005e+00 -3.359013417589153505e+00
1.448109289746895678e+00 -3.341750840731003702e+00
1.528559805843945352e+00 -3.299296984933943744e+00
1.609010321940995247e+00 -3.232721247948777687e+00
1.689460838038045143e+00 -3.169377851175406047e+00
1.769911354135094594e+00 -3.079382992934792007e+00
1.850361870232144490e+00 -3.002673356976516494e+00
1.930812386329194386e+00 -2.959516250480130228e+00
2.011262902426244281e+00 -2.937724087893946567e+00
2.091713418523294177e+00 -2.967360520234100907e+00
2.172163934620343628e+00 -3.004029275421476797e+00
2.252614450717393524e+00 -3.053786965808779286e+00
2.333064966814443419e+00 -3.121666953229670138e+00
2.413515482911492871e+00 -3.200472489974354851e+00
2.493965999008542767e+00 -3.251628689499564739e+00
2.574416515105592662e+00 -3.268678432606451967e+00
2.654867031202642558e+00 -3.262448419946641032e+00
2.735317547299692009e+00 -3.284339125195882669e+00
2.815768063396741905e+00 -3.355542769299499462e+00
2.896218579493791356e+00 -3.436731317597846225e+00
2.976669095590841252e+00 -3.484382799878525727e+00
3.057119611687890703e+00 -3.492894776172863036e+00
3.137570127784940599e+00 -3.469723691131925580e+00
3.218020643881990495e+00 -3.435304144932849635e+00
3.298471159979039946e+00 -3.431309763209006380e+00
3.378921676076090286e+00 -3.466212709731601116e+00
3.459372192173139737e+00 -3.479784592122858733e+00
3.539822708270189189e+00 -3.426821473447144495e+00
3.620273224367239528e+00 -3.391389819876768019e+00
3.700723740464288980e+00 -3.392209725871816683e+00
3.781174256561339320e+00 -3.394972291277482235e+00
3.861624772658388771e+00 -3.404967206449355466e+00
3.942075288755438223e+00 -3.393670488287915177e+00
4.022525804852488562e+00 -3.379690377756680686e+00
4.102976320949538014e+00 -3.366618462703351078e+00
4.183426837046588354e+00 -3.324259887984536199e+00
4.263877353143637805e+00 -3.308101744923606535e+00
4.344327869240687257e+00 -3.319953716932832144e+00
4.424778385337737596e+00 -3.357863833826239208e+00
4.505228901434787048e+00 -3.404120866611441976e+00
4.585679417531836499e+00 -3.439564969994174604e+00
4.666129933628886839e+00 -3.428134794917597095e+00
4.746580449725936290e+00 -3.420111377234997807e+00
4.827030965822985742e+00 -3.423419695683719954e+00
4.907481481920036082e+00 -3.442536924074863780e+00
4.987931998017085533e+00 -3.443710357099412978e+00
5.068382514114135873e+00 -3.417731531443636062e+00
5.148833030211185324e+00 -3.411022002211435922e+00
5.229283546308234776e+00 -3.417119964963875933e+00
5.309734062405285115e+00 -3.405989995312999064e+00
5.390184578502334567e+00 -3.375152905630808053e+00
5.470635094599384018e+00 -3.351575847470946723e+00
5.551085610696433470e+00 -3.354007471747837421e+00
5.631536126793483810e+00 -3.349494831918723659e+00
5.711986642890533261e+00 -3.326020901193374790e+00
5.792437158987582713e+00 -3.299512061400343921e+00
5.872887675084633052e+00 -3.293320677641312422e+00
5.953338191181682504e+00 -3.310147603138754224e+00
6.033788707278731955e+00 -3.318747294505808298e+00
6.114239223375781407e+00 -3.338085194337998107e+00
6.194689739472831747e+00 -3.376933887053734651e+00
6.275140255569881198e+00 -3.408061062163652455e+00
6.355590771666931538e+00 -3.418068760664993988e+00
6.436041287763980989e+00 -3.397379251828598790e+00
6.516491803861030441e+00 -3.367781769621148946e+00
6.596942319958079892e+00 -3.362754300129241702e+00
6.677392836055131120e+00 -3.369452675700066013e+00
6.757843352152180572e+00 -3.352481730702682849e+00
6.838293868249230023e+00 -3.347803951307938952e+00
6.918744384346279475e+00 -3.371125662809454138e+00
6.999194900443328926e+00 -3.414282517186170818e+00
7.079645416540378378e+00 -3.431686483078113969e+00
7.160095932637429605e+00 -3.421751134376914916e+00
7.240546448734479057e+00 -3.418827887606159521e+00
7.320996964831528508e+00 -3.428835237925817570e+00
7.401447480928577960e+00 -3.428995950778474633e+00
7.481897997025627411e+00 -3.421008076860782232e+00
7.562348513122678639e+00 -3.394943211839792863e+00
7.642799029219728091e+00 -3.384675608253845613e+00
7.723249545316777542e+00 -3.391931231317674378e+00
7.803700061413826994e+00 -3.403265551632557617e+00
7.884150577510876445e+00 -3.414611976280089944e+00
7.964601093607927673e+00 -3.411097506619137576e+00
8.045051609704977125e+00 -3.389542475467915761e+00
8.125502125802025688e+00 -3.366951625924055502e+00
8.205952641899076028e+00 -3.366971137798363323e+00
8.286403157996124591e+00 -3.386477639251086469e+00
8.366853674093176707e+00 -3.403024036692519072e+00
8.447304190190225270e+00 -3.431538747973318149e+00
8.527754706287275610e+00 -3.481284595018973249e+00
8.608205222384324173e+00 -3.487911839755490906e+00
8.688655738481374513e+00 -3.436320276992931966e+00
8.769106254578423076e+00 -3.401314125480720651e+00
8.849556770675475192e+00 -3.422359076028891334e+00
8.930007286772523756e+00 -3.442997929875247998e+00
9.010457802869574095e+00 -3.455635239763215072e+00
9.090908318966622659e+00 -3.476222628331389952e+00
9.171358835063672998e+00 -3.511077006540187728e+00
9.251809351160723338e+00 -3.516339071600270039e+00
9.332259867257773678e+00 -3.473824892508794004e+00
9.412710383354822241e+00 -3.432583632330167056e+00
9.493160899451872581e+00 -3.434934321380004985e+00
9.573611415548921144e+00 -3.460094023331313551e+00
9.654061931645971484e+00 -3.462140739393157585e+00
9.734512447743021823e+00 -3.465969722911063311e+00
9.814962963840072163e+00 -3.479676970505834799e+00
9.895413479937120727e+00 -3.485492874823965526e+00
9.975863996034171066e+00 -3.495160758834641612e+00
1.005631451213121963e+01 -3.504206172312962053e+00
1.013676502822827175e+01 -3.514552993185752872e+00
1.021721554432532031e+01 -3.507783638847888241e+00
1.029766606042237065e+01 -3.507495398807239706e+00
