0.000000000000000000e+00 -1.549019599857431873e-01
8.045051609704977069e-02 -1.968354692796699112e-01
1.609010321940995414e-01 -5.895680320727811896e-01
2.413515482911492982e-01 -1.820395998191414400e+00
3.218020643881990828e-01 -2.253558883811365821e+00
4.022525804852488118e-01 -2.289573099314346827e+00
4.827030965822985964e-01 -2.493727148615644928e+00
5.631536126793483810e-01 -2.826902120523668405e+00
6.436041287763981655e-01 -3.188440531703354619e+00
7.240546448734478391e-01 -3.419331303426042634e+00
8.045051609704976237e-01 -3.471510409527075680e+00
8.849556770675472972e-01 -3.526613540316375861e+00
9.654061931645971928e-01 -3.615288928364506216e+00
1.045856709261647088e+00 -3.685621681481094036e+00
1.126307225358696762e+00 -3.623232161758085379e+00
1.206757741455746435e+00 -3.510255812734126124e+00
1.287208257552796331e+00 -3.393642957523312020e+00
1.367658773649846005e+00 -3.341537736496097644e+00
1.448109289746895678e+00 -3.374055724206062479e+00
1.528559805843945352e+00 -3.400743322506257105e+00
1.609010321940995247e+00 -3.340579811120061748e+00
1.689460838038045143e+00 -3.211550279794479046e+00
1.769911354135094594e+00 -3.059824570108800046e+00
1.850361870232144490e+00 -2.957954639843380029e+00
1.930812386329194386e+00 -2.929845517875909522e+00
2.011262902426244281e+00 -2.969584553444793329e+00
2.091713418523294177e+00 -3.005316686853959141e+00
2.172163934620343628e+00 -3.022964697371730125e+00
2.252614450717393524e+00 -3.020838623803741019e+00
2.333064966814443419e+00 -3.078294385967341729e+00
2.413515482911492871e+00 -3.145745169033342670e+00
2.493965999008542767e+00 -3.207639232607719659e+00
2.574416515105592662e+00 -3.251007309585217886e+00
2.654867031202642558e+00 -3.278242295407463036e+00
2.735317547299692009e+00 -3.297988338420666743e+00
2.815768063396741905e+00 -3.351979958288798134e+00
2.896218579493791356e+00 -3.378227933184286158e+00
2.976669095590841252e+00 -3.360522242215696398e+00
3.057119611687890703e+00 -3.307785333534255301e+00
3.137570127784940599e+00 -3.304988695297452317e+00
3.218020643881990495e+00 -3.342170728265098312e+00
3.298471159979039946e+00 -3.343390868941801930e+00
3.378921676076090286e+00 -3.342429448755851240e+00
3.459372192173139737e+00 -3.338758622138325194e+00
3.539822708270189189e+00 -3.348192989601125547e+00
3.620273224367239528e+00 -3.328036516167413694e+00
3.700723740464288980e+00 -3.307417503879774401e+00
3.781174256561339320e+00 -3.316149930787271050e+00
3.861624772658388771e+00 -3.316086151216294908e+00
3.942075288755438223e+00 -3.320902303669553746e+00
4.022525804852488562e+00 -3.325231954657277722e+00
4.102976320949538014e+00 -3.342888342844484661e+00
4.183426837046588354e+00 -3.356361473676658491e+00
4.263877353143637805e+00 -3.389101963084795610e+00
4.344327869240687257e+00 -3.397917715368738101e+00
4.424778385337737596e+00 -3.408329663599197534e+00
4.505228901434787048e+00 -3.427561511941270567e+00
4.585679417531836499e+00 -3.439139669151983547e+00
4.666129933628886839e+00 -3.415091192815432830e+00
4.746580449725936290e+00 -3.362548538717215152e+00
4.827030965822985742e+00 -3.361354386448625942e+00
4.907481481920036082e+00 -3.405078937171301057e+00
4.987931998017085533e+00 -3.445720328726182835e+00
5.068382514114135873e+00 -3.429711663571017866e+00
5.148833030211185324e+00 -3.354407146976725151e+00
5.229283546308234776e+00 -3.317621497044367818e+00
5.309734062405285115e+00 -3.334101974003139013e+00
5.390184578502334567e+00 -3.353848366899458977e+00
5.470635094599384018e+00 -3.321294312043538532e+00
5.551085610696433470e+00 -3.315722036772821735e+00
5.631536126793483810e+00 -3.349368341623782719e+00
5.711986642890533261e+00 -3.373704491534537997e+00
5.792437158987582713e+00 -3.384568052211425648e+00
5.872887675084633052e+00 -3.376659779144621787e+00
5.953338191181682504e+00 -3.395183459416692084e+00
6.033788707278731955e+00 -3.425143481144318436e+00
6.114239223375781407e+00 -3.431527335420669456e+00
6.194689739472831747e+00 -3.407273753923317994e+00
6.275140255569881198e+00 -3.367299096432324834e+00
6.355590771666931538e+00 -3.359383588061984671e+00
6.436041287763980989e+00 -3.353036356190838063e+00
6.516491803861030441e+00 -3.337258955967013829e+00
6.596942319958079892e+00 -3.337048316287970717e+00
6.677392836055131120e+00 -3.358933839717454184e+00
6.757843352152180572e+00 -3.365560850874986798e+00
6.838293868249230023e+00 -3.352758134649180377e+00
6.918744384346279475e+00 -3.350641160090861881e+00
6.999194900443328926e+00 -3.380945023801636307e+00
7.079645416540378378e+00 -3.390975891699488098e+00
7.160095932637429605e+00 -3.377891947824939844e+00
7.240546448734479057e+00 -3.386893014298662408e+00
7.320996964831528508e+00 -3.425370034322248625e+00
7.401447480928577960e+00 -3.437997258568977976e+00
7.481897997025627411e+00 -3.460551695599389355e+00
7.562348513122678639e+00 -3.479510307651613843e+00
7.642799029219728091e+00 -3.472819321624090350e+00
7.723249545316777542e+00 -3.444244793533702165e+00
7.803700061413826994e+00 -3.425735941858204736e+00
7.884150577510876445e+00 -3.423664997719204184e+00
7.964601093607927673e+00 -3.429453513149415489e+00
8.045051609704977125e+00 -3.435587813151935954e+00
8.125502125802025688e+00 -3.433239291402558901e+00
8.205952641899076028e+00 -3.441704008534625547e+00
8.286403157996124591e+00 -3.456068400165644761e+00
8.366853674093176707e+00 -3.471409831855809092e+00
8.447304190190225270e+00 -3.458811938550033993e+00
8.527754706287275610e+00 -3.437038847288472088e+00
8.608205222384324173e+00 -3.442766765110021332e+00
8.688655738481374513e+00 -3.454636111007786781e+00
8.769106254578423076e+00 -3.460212275758949296e+00
8.849556770675475192e+00 -3.471689441064491621e+00
8.930007286772523756e+00 -3.466999657067265872e+00
9.010457802869574095e+00 -3.447012546630300101e+00
9.090908318966622659e+00 -3.409463319563019734e+00
9.171358835063672998e+00 -3.400270184801881701e+00
9.251809351160723338e+00 -3.443003279208574074e+00
9.332259867257773678e+00 -3.485610417428534724e+00
9.412710383354822241e+00 -3.477717200311734480e+00
9.493160899451872581e+00 -3.452672191818342284e+00
9.573611415548921144e+00 -3.446797762917374275e+00
9.654061931645971484e+00 -3.458551564914839282e+00
9.734512447743021823e+00 -3.455471048781532328e+00
9.814962963840072163e+00 -3.459568364166480503e+00
9.895413479937120727e+00 -3.464385616677811974e+00
9.975863996034171066e+00 -3.476259202110022262e+00
1.005631451213121963e+01 -3.491246404805724790e+00
1.013676502822827175e+01 -3.498373404836884859e+00
1.021721554432532031e+01 -3.525977931344472793e+00
1.029766606042237065e+01 -3.557679514270682741e+00
