0.000000000000000000e+00 -1.549019599857431873e-01
8.045051609704977069e-02 -2.056091055772280018e-01
1.609010321940995414e-01 -5.445654367774834803e-01
2.413515482911492982e-01 -2.027584200445042395e+00
3.218020643881990828e-01 -2.522353528944298429e+00
4.022525804852488118e-01 -2.330116988054550031e+00
4.827030965822985964e-01 -2.561061371170343381e+00
5.631536126793483810e-01 -2.924202526418766990e+00
6.436041287763981655e-01 -3.313212126611698061e+00
7.240546448734478391e-01 -3.455510894800227106e+00
8.045051609704976237e-01 -3.609526464572395010e+00
8.849556770675472972e-01 -3.737544321765629451e+00
9.654061931645971928e-01 -3.751414123114994670e+00
1.045856709261647088e+00 -3.699616769202382471e+00
1.126307225358696762e+00 -3.629146272312526289e+00
1.206757741455746435e+00 -3.575403784835773813e+00
1.287208257552796331e+00 -3.566064216456127589e+00
1.367658773649846005e+00 -3.528279431488184681e+00
1.448109289746895678e+00 -3.439378793913156596e+00
1.528559805843945352e+00 -3.338804901433666039e+00
1.609010321940995247e+00 -3.263280834415347442e+00
1.689460838038045143e+00 -3.164547978126400096e+00
1.769911354135094594e+00 -3.092949504453774257e+00
1.850361870232144490e+00 -3.061584129461146109e+00
1.930812386329194386e+00 -2.994798891783688077e+00
2.011262902426244281e+00 -2.963878975998375687e+00
2.091713418523294177e+00 -3.021566049924945041e+00
2.172163934620343628e+00 -3.103481127778767945e+00
2.252614450717393524e+00 -3.127326571536634958e+00
2.333064966814443419e+00 -3.097417165503429715e+00
2.413515482911492871e+00 -3.123943929449424672e+00
2.493965999008542767e+00 -3.168573905169648430e+00
2.574416515105592662e+00 -3.231173105148921643e+00
2.654867031202642558e+00 -3.272374326901813291e+00
2.735317547299692009e+00 -3.291359857414713375e+00
2.815768063396741905e+00 -3.301965099422694117e+00
2.896218579493791356e+00 -3.311514327664755175e+00
2.976669095590841252e+00 -3.314343426984238228e+00
3.057119611687890703e+00 -3.339794368048887296e+00
3.137570127784940599e+00 -3.399890077386520382e+00
3.218020643881990495e+00 -3.445738143702987255e+00
3.298471159979039946e+00 -3.474542869250431210e+00
3.378921676076090286e+00 -3.444135380002820934e+00
3.459372192173139737e+00 -3.389308797615330882e+00
3.539822708270189189e+00 -3.336247773775951497e+00
3.620273224367239528e+00 -3.303072113032477830e+00
3.700723740464288980e+00 -3.308916884255606039e+00
3.781174256561339320e+00 -3.320388682733637964e+00
3.861624772658388771e+00 -3.354673417674360891e+00
3.942075288755438223e+00 -3.388233133085205573e+00
4.022525804852488562e+00 -3.409819885680883012e+00
4.102976320949538014e+00 -3.417761612942130434e+00
4.183426837046588354e+00 -3.403170916382174394e+00
4.263877353143637805e+00 -3.379490303088454439e+00
4.344327869240687257e+00 -3.344515897678652205e+00
4.424778385337737596e+00 -3.336320413954011244e+00
4.505228901434787048e+00 -3.347555065107163941e+00
4.585679417531836499e+00 -3.386144768596078158e+00
4.666129933628886839e+00 -3.435882536521366326e+00
4.746580449725936290e+00 -3.433126840056199836e+00
4.827030965822985742e+00 -3.395869995670937946e+00
4.907481481920036082e+00 -3.386115277501562382e+00
4.987931998017085533e+00 -3.369831482182351845e+00
5.068382514114135873e+00 -3.351932687191229387e+00
5.148833030211185324e+00 -3.344470676961845967e+00
5.229283546308234776e+00 -3.338100051551487368e+00
5.309734062405285115e+00 -3.337704178588964066e+00
5.390184578502334567e+00 -3.361651863091086323e+00
5.470635094599384018e+00 -3.401507157082563904e+00
5.551085610696433470e+00 -3.424605105052942022e+00
5.631536126793483810e+00 -3.412974266283524738e+00
5.711986642890533261e+00 -3.387608467558616443e+00
5.792437158987582713e+00 -3.377703308058237042e+00
5.872887675084633052e+00 -3.384704000924369183e+00
5.953338191181682504e+00 -3.416579179450579318e+00
6.033788707278731955e+00 -3.435192686734563683e+00
6.114239223375781407e+00 -3.405348832623151800e+00
6.194689739472831747e+00 -3.363691801730008812e+00
6.275140255569881198e+00 -3.336756611916271265e+00
6.355590771666931538e+00 -3.338147169117394508e+00
6.436041287763980989e+00 -3.364357618223963176e+00
6.516491803861030441e+00 -3.391135866421616019e+00
6.596942319958079892e+00 -3.415187566979558387e+00
6.677392836055131120e+00 -3.394775256947722752e+00
6.757843352152180572e+00 -3.362171059576157361e+00
6.838293868249230023e+00 -3.367050735784961280e+00
6.918744384346279475e+00 -3.392830227492290351e+00
6.999194900443328926e+00 -3.386610078589001205e+00
7.079645416540378378e+00 -3.374654364077627644e+00
7.160095932637429605e+00 -3.396188903356847089e+00
7.240546448734479057e+00 -3.432044102868301749e+00
7.320996964831528508e+00 -3.434799230180820118e+00
7.401447480928577960e+00 -3.405300280107526945e+00
7.481897997025627411e+00 -3.382789174156979328e+00
7.562348513122678639e+00 -3.379420707050894812e+00
7.642799029219728091e+00 -3.392312436121845298e+00
7.723249545316777542e+00 -3.407839326369879185e+00
7.803700061413826994e+00 -3.419424843806873060e+00
7.884150577510876445e+00 -3.413453345260986538e+00
7.964601093607927673e+00 -3.413580145907121555e+00
8.045051609704977125e+00 -3.439252107574501949e+00
8.125502125802025688e+00 -3.455584585127174702e+00
8.205952641899076028e+00 -3.455029538332694550e+00
8.286403157996124591e+00 -3.429493719964200604e+00
8.366853674093176707e+00 -3.423536353620445727e+00
8.447304190190225270e+00 -3.426740462936188614e+00
8.527754706287275610e+00 -3.443884046303145041e+00
8.608205222384324173e+00 -3.472643504256900382e+00
8.688655738481374513e+00 -3.495505769010756492e+00
8.769106254578423076e+00 -3.475856037642887308e+00
8.849556770675475192e+00 -3.459107110790978989e+00
8.930007286772523756e+00 -3.466780706071554530e+00
9.010457802869574095e+00 -3.498250006501454124e+00
9.090908318966622659e+00 -3.531853959987949043e+00
9.171358835063672998e+00 -3.526303130167260047e+00
9.251809351160723338e+00 -3.501237942131282921e+00
9.332259867257773678e+00 -3.479613857290996037e+00
9.412710383354822241e+00 -3.473008558840773308e+00
9.493160899451872581e+00 -3.486128391814615757e+00
9.573611415548921144e+00 -3.484661328961474958e+00
9.654061931645971484e+00 -3.455484280753113868e+00
9.734512447743021823e+00 -3.436051136602515932e+00
9.814962963840072163e+00 -3.453518016743923003e+00
9.895413479937120727e+00 -3.478283997358703417e+00
9.975863996034171066e+00 -3.487363827562176333e+00
1.005631451213121963e+01 -3.510130746693805204e+00
1.013676502822827175e+01 -3.527659982324542476e+00
1.021721554432532031e+01 -3.520549010252543187e+00
1.029766606042237065e+01 -3.514261930091326480e+00
