0.000000000000000000e+00 -1.549019599857431873e-01
8.045051609704977069e-02 -2.122793357336545395e-01
1.609010321940995414e-01 -6.502260965320567632e-01
2.413515482911492982e-01 -2.316239244540645004e+00
3.218020643881990828e-01 -2.281475605131134898e+00
4.022525804852488118e-01 -2.218224781995540962e+00
4.827030965822985964e-01 -2.607354036352754978e+00
5.631536126793483810e-01 -3.255622921143051851e+00
6.436041287763981655e-01 -3.604602706893962782e+00
7.240546448734478391e-01 -3.748574773675609428e+00
8.045051609704976237e-01 -3.894368806883393930e+00
8.849556770675472972e-01 -3.888439183874349947e+00
9.654061931645971928e-01 -3.764335611003161830e+00
1.045856709261647088e+00 -3.686223048035538685e+00
1.126307225358696762e+00 -3.678356884475054045e+00
1.206757741455746435e+00 -3.716624135208170809e+00
1.287208257552796331e+00 -3.752551820559914209e+00
1.367658773649846005e+00 -3.772260343326907961e+00
1.448109289746895678e+00 -3.717894740287222444e+00
1.528559805843945352e+00 -3.645491347189723008e+00
1.609010321940995247e+00 -3.527127881745588667e+00
1.689460838038045143e+00 -3.372874568708182696e+00
1.769911354135094594e+00 -3.261577029504250103e+00
1.850361870232144490e+00 -3.163018268679745226e+00
1.930812386329194386e+00 -3.071547268332874836e+00
2.011262902426244281e+00 -3.047779026589535256e+00
2.091713418523294177e+00 -3.064143982251677389e+00
2.172163934620343628e+00 -3.127023509142384583e+00
2.252614450717393524e+00 -3.238862468373465919e+00
2.333064966814443419e+00 -3.379643362688399488e+00
2.413515482911492871e+00 -3.444983352379475061e+00
2.493965999008542767e+00 -3.449444551377533585e+00
2.574416515105592662e+00 -3.411619701588407771e+00
2.654867031202642558e+00 -3.408351333811435513e+00
2.735317547299692009e+00 -3.454128434854808027e+00
2.815768063396741905e+00 -3.479479403531597459e+00
2.896218579493791356e+00 -3.494367847977477126e+00
2.976669095590841252e+00 -3.544726181275804855e+00
3.057119611687890703e+00 -3.583081146787592708e+00
3.137570127784940599e+00 -3.555734454401391798e+00
3.218020643881990495e+00 -3.554118224901745560e+00
3.298471159979039946e+00 -3.599329155101868682e+00
3.378921676076090286e+00 -3.615007302461650696e+00
3.459372192173139737e+00 -3.605988614801732606e+00
3.539822708270189189e+00 -3.585037037259324322e+00
3.620273224367239528e+00 -3.556273718011511598e+00
3.700723740464288980e+00 -3.522497765542825121e+00
3.781174256561339320e+00 -3.550846498001792195e+00
3.861624772658388771e+00 -3.587307826093654839e+00
3.942075288755438223e+00 -3.537227167985151244e+00
4.022525804852488562e+00 -3.459155103446736046e+00
4.102976320949538014e+00 -3.437137141193224110e+00
4.183426837046588354e+00 -3.491236027966496458e+00
4.263877353143637805e+00 -3.536080485301866805e+00
4.344327869240687257e+00 -3.529439848501587207e+00
4.424778385337737596e+00 -3.500495053472989948e+00
4.505228901434787048e+00 -3.507413889239937355e+00
4.585679417531836499e+00 -3.533906879475732232e+00
4.666129933628886839e+00 -3.528699281280988309e+00
4.746580449725936290e+00 -3.506875146001314114e+00
4.827030965822985742e+00 -3.507750283723113593e+00
4.907481481920036082e+00 -3.522766697962377958e+00
4.987931998017085533e+00 -3.526120472150114704e+00
5.068382514114135873e+00 -3.535992807006532068e+00
5.148833030211185324e+00 -3.509132559602272661e+00
5.229283546308234776e+00 -3.490469503940022644e+00
5.309734062405285115e+00 -3.504326652051045432e+00
5.390184578502334567e+00 -3.532808021721928426e+00
5.470635094599384018e+00 -3.569612525516518531e+00
5.551085610696433470e+00 -3.588495337534226337e+00
5.631536126793483810e+00 -3.553666105325576918e+00
5.711986642890533261e+00 -3.487410172943667952e+00
5.792437158987582713e+00 -3.430965301105456167e+00
5.872887675084633052e+00 -3.422881651293225413e+00
5.953338191181682504e+00 -3.433642303803440043e+00
6.033788707278731955e+00 -3.471391542446242706e+00
6.114239223375781407e+00 -3.518038812186625730e+00
6.194689739472831747e+00 -3.553803463913687288e+00
6.275140255569881198e+00 -3.539920091894955601e+00
6.355590771666931538e+00 -3.528044110180998949e+00
6.436041287763980989e+00 -3.532534258015055162e+00
6.516491803861030441e+00 -3.532429250436140755e+00
6.596942319958079892e+00 -3.521228409861093755e+00
6.677392836055131120e+00 -3.537561221633301667e+00
6.757843352152180572e+00 -3.554759379367652627e+00
6.838293868249230023e+00 -3.567656708929458631e+00
6.918744384346279475e+00 -3.553873499628076971e+00
6.999194900443328926e+00 -3.556269417207325922e+00
7.079645416540378378e+00 -3.578523553990563322e+00
7.160095932637429605e+00 -3.593449809791320781e+00
7.240546448734479057e+00 -3.580790748641218713e+00
7.320996964831528508e+00 -3.569122944008730425e+00
7.401447480928577960e+00 -3.586309979163298411e+00
7.481897997025627411e+00 -3.599788545030956133e+00
7.562348513122678639e+00 -3.586350613354439609e+00
7.642799029219728091e+00 -3.577499559929227413e+00
7.723249545316777542e+00 -3.583544917603769253e+00
7.803700061413826994e+00 -3.593394148615013606e+00
7.884150577510876445e+00 -3.598179771349394152e+00
7.964601093607927673e+00 -3.601829909238465799e+00
8.045051609704977125e+00 -3.597329372675191372e+00
8.125502125802025688e+00 -3.602037961839467783e+00
8.205952641899076028e+00 -3.620930312589182520e+00
8.286403157996124591e+00 -3.636405328351056010e+00
8.366853674093176707e+00 -3.623119706629227110e+00
8.447304190190225270e+00 -3.613035514245969804e+00
8.527754706287275610e+00 -3.623375444148279279e+00
8.608205222384324173e+00 -3.642231286526335321e+00
8.688655738481374513e+00 -3.638252502567201230e+00
8.769106254578423076e+00 -3.638913056036818805e+00
8.849556770675475192e+00 -3.647184011114958491e+00
8.930007286772523756e+00 -3.637913075565375465e+00
9.010457802869574095e+00 -3.614035196760789326e+00
9.090908318966622659e+00 -3.627140998862949939e+00
9.171358835063672998e+00 -3.647167861599430516e+00
9.251809351160723338e+00 -3.653060021913219213e+00
9.332259867257773678e+00 -3.663232662758673541e+00
9.412710383354822241e+00 -3.672179206350215441e+00
9.493160899451872581e+00 -3.651507952834907478e+00
9.573611415548921144e+00 -3.649223861726877960e+00
9.654061931645971484e+00 -3.654560766522890969e+00
9.734512447743021823e+00 -3.652061519421906155e+00
9.814962963840072163e+00 -3.661130811713841915e+00
9.895413479937120727e+00 -3.692310376096004099e+00
9.975863996034171066e+00 -3.715856616092654718e+00
1.005631451213121963e+01 -3.708641874093059787e+00
1.013676502822827175e+01 -3.707724313110211778e+00
1.021721554432532031e+01 -3.728182600786534184e+00
1.029766606042237065e+01 -3.724810320785516549e+00
