0.000000000000000000e+00 -1.549019599857431873e-01
8.045051609704977069e-02 -2.101886983060771152e-01
1.609010321940995414e-01 -6.532535505363488149e-01
2.413515482911492982e-01 -2.397107611740930011e+00
3.218020643881990828e-01 -2.207349194161824180e+00
4.022525804852488118e-01 -2.130216441194599852e+00
4.827030965822985964e-01 -2.442718237516526170e+00
5.631536126793483810e-01 -3.054626370783799505e+00
6.436041287763981655e-01 -3.391070322696878137e+00
7.240546448734478391e-01 -3.597428121475106710e+00
8.045051609704976237e-01 -3.750694045457728887e+00
8.849556770675472972e-01 -3.779259430324954039e+00
9.654061931645971928e-01 -3.668610249756195429e+00
1.045856709261647088e+00 -3.519829989161352479e+00
1.126307225358696762e+00 -3.504628813064952553e+00
1.206757741455746435e+00 -3.647731418624904798e+00
1.287208257552796331e+00 -3.730803253571453038e+00
1.367658773649846005e+00 -3.698586503593293440e+00
1.448109289746895678e+00 -3.667059716634918143e+00
1.528559805843945352e+00 -3.612418381799536338e+00
1.609010321940995247e+00 -3.486043475441494621e+00
1.689460838038045143e+00 -3.355517664388236732e+00
1.769911354135094594e+00 -3.250140313929240854e+00
1.850361870232144490e+00 -3.142503108930173816e+00
1.930812386329194386e+00 -3.062787115527962900e+00
2.011262902426244281e+00 -3.067261026751935127e+00
2.091713418523294177e+00 -3.138830016247323940e+00
2.172163934620343628e+00 -3.171658315062858779e+00
2.252614450717393524e+00 -3.151824557367758128e+00
2.333064966814443419e+00 -3.136790302570716449e+00
2.413515482911492871e+00 -3.197439469779105536e+00
2.493965999008542767e+00 -3.346451979161787271e+00
2.574416515105592662e+00 -3.457515165403005852e+00
2.654867031202642558e+00 -3.495667157609666287e+00
2.735317547299692009e+00 -3.545661533598245985e+00
2.815768063396741905e+00 -3.578117223475723030e+00
2.896218579493791356e+00 -3.560048641946673698e+00
2.976669095590841252e+00 -3.554320211331868151e+00
3.057119611687890703e+00 -3.576232208436135984e+00
3.137570127784940599e+00 -3.602799058177243552e+00
3.218020643881990495e+00 -3.590859181085881424e+00
3.298471159979039946e+00 -3.552750624344323427e+00
3.378921676076090286e+00 -3.485072354348680346e+00
3.459372192173139737e+00 -3.472278754040400095e+00
3.539822708270189189e+00 -3.481268258124218917e+00
3.620273224367239528e+00 -3.467991080074161125e+00
3.700723740464288980e+00 -3.426536089905662941e+00
3.781174256561339320e+00 -3.405823275647955839e+00
3.861624772658388771e+00 -3.400098920428509697e+00
3.942075288755438223e+00 -3.428531940671616152e+00
4.022525804852488562e+00 -3.471426684310316979e+00
4.102976320949538014e+00 -3.487970112033577763e+00
4.183426837046588354e+00 -3.465377114956305515e+00
4.263877353143637805e+00 -3.458401699046517841e+00
4.344327869240687257e+00 -3.496302088305760059e+00
4.424778385337737596e+00 -3.563244342879182902e+00
4.505228901434787048e+00 -3.587146772605608103e+00
4.585679417531836499e+00 -3.578958591319353122e+00
4.666129933628886839e+00 -3.566646544050281253e+00
4.746580449725936290e+00 -3.543200168520600268e+00
4.827030965822985742e+00 -3.540645826103828053e+00
4.907481481920036082e+00 -3.501341057237916221e+00
4.987931998017085533e+00 -3.464173080888862888e+00
5.068382514114135873e+00 -3.482120661573795850e+00
5.148833030211185324e+00 -3.509769674910628190e+00
5.229283546308234776e+00 -3.519447343062041433e+00
5.309734062405285115e+00 -3.552103928813294065e+00
5.390184578502334567e+00 -3.556630268537976924e+00
5.470635094599384018e+00 -3.539200807726655018e+00
5.551085610696433470e+00 -3.537623095538383389e+00
5.631536126793483810e+00 -3.557534931673677292e+00
5.711986642890533261e+00 -3.550100257982489182e+00
5.792437158987582713e+00 -3.534432554727344300e+00
5.872887675084633052e+00 -3.514949512223901174e+00
5.953338191181682504e+00 -3.526633471181212620e+00
6.033788707278731955e+00 -3.538637038812653124e+00
6.114239223375781407e+00 -3.558141147682459593e+00
6.194689739472831747e+00 -3.571045157852094309e+00
6.275140255569881198e+00 -3.574436829492549261e+00
6.355590771666931538e+00 -3.544594838910918089e+00
6.436041287763980989e+00 -3.523802885501315263e+00
6.516491803861030441e+00 -3.545271662150952796e+00
6.596942319958079892e+00 -3.588146019102809170e+00
6.677392836055131120e+00 -3.586923069818373389e+00
6.757843352152180572e+00 -3.572284581847619211e+00
6.838293868249230023e+00 -3.540964595983120855e+00
6.918744384346279475e+00 -3.517013994712395064e+00
6.999194900443328926e+00 -3.525768932206745809e+00
7.079645416540378378e+00 -3.560567808465352702e+00
7.160095932637429605e+00 -3.601165741550425015e+00
7.240546448734479057e+00 -3.604613431525929279e+00
7.320996964831528508e+00 -3.578389830481957468e+00
7.401447480928577960e+00 -3.560575666574214093e+00
7.481897997025627411e+00 -3.544399935755899733e+00
7.562348513122678639e+00 -3.544480561672202157e+00
7.642799029219728091e+00 -3.539765098415363465e+00
7.723249545316777542e+00 -3.525783223095638519e+00
7.803700061413826994e+00 -3.522632836380197752e+00
7.884150577510876445e+00 -3.555101732108220336e+00
7.964601093607927673e+00 -3.591624435750700783e+00
8.045051609704977125e+00 -3.607976946697820875e+00
8.125502125802025688e+00 -3.635107456864621334e+00
8.205952641899076028e+00 -3.649704503376685061e+00
8.286403157996124591e+00 -3.644417055329382649e+00
8.366853674093176707e+00 -3.621287658571186618e+00
8.447304190190225270e+00 -3.624460615286746457e+00
8.527754706287275610e+00 -3.641610391924062995e+00
8.608205222384324173e+00 -3.661874698660779970e+00
8.688655738481374513e+00 -3.672395531829563353e+00
8.769106254578423076e+00 -3.650862575098824170e+00
8.849556770675475192e+00 -3.620407710951773161e+00
8.930007286772523756e+00 -3.609180460739906060e+00
9.010457802869574095e+00 -3.599020756770885843e+00
9.090908318966622659e+00 -3.604925713333692272e+00
9.171358835063672998e+00 -3.617991507648071536e+00
9.251809351160723338e+00 -3.627546729270158643e+00
9.332259867257773678e+00 -3.632773268661825927e+00
9.412710383354822241e+00 -3.650369408569452023e+00
9.493160899451872581e+00 -3.650767246902865804e+00
9.573611415548921144e+00 -3.620426649745647207e+00
9.654061931645971484e+00 -3.623724436855730424e+00
9.734512447743021823e+00 -3.651618946725474935e+00
9.814962963840072163e+00 -3.681591683147976468e+00
9.895413479937120727e+00 -3.692412066758748335e+00
9.975863996034171066e+00 -3.704524432021737645e+00
1.005631451213121963e+01 -3.705593939236737633e+00
1.013676502822827175e+01 -3.691590807441843314e+00
1.021721554432532031e+01 -3.678806558237764701e+00
1.029766606042237065e+01 -3.682788629852403517e+00
