0.000000000000000000e+00 -1.549019599857431873e-01
8.045051609704977069e-02 -2.120923161682763680e-01
1.609010321940995414e-01 -6.069479417661789444e-01
2.413515482911492982e-01 -2.488906822894618287e+00
3.218020643881990828e-01 -2.598836239034623130e+00
4.022525804852488118e-01 -2.407263829161173874e+00
4.827030965822985964e-01 -2.664656546755485245e+00
5.631536126793483810e-01 -3.064600818391131298e+00
6.436041287763981655e-01 -3.414552482572918546e+00
7.240546448734478391e-01 -3.599979928349312797e+00
8.045051609704976237e-01 -3.724294830971108361e+00
8.849556770675472972e-01 -3.750253412554817256e+00
9.654061931645971928e-01 -3.755422386829232018e+00
1.045856709261647088e+00 -3.805924933108274733e+00
1.126307225358696762e+00 -3.803655236774616366e+00
1.206757741455746435e+00 -3.759532897247857441e+00
1.287208257552796331e+00 -3.744506199819578107e+00
1.367658773649846005e+00 -3.739086072748643907e+00
1.448109289746895678e+00 -3.678887441981944395e+00
1.528559805843945352e+00 -3.561945720383288716e+00
1.609010321940995247e+00 -3.434916400431038852e+00
1.689460838038045143e+00 -3.324579449191980451e+00
1.769911354135094594e+00 -3.242774753056536508e+00
1.850361870232144490e+00 -3.195315594228099076e+00
1.930812386329194386e+00 -3.110783779263978754e+00
2.011262902426244281e+00 -3.037935684037441852e+00
2.091713418523294177e+00 -3.052482812069203799e+00
2.172163934620343628e+00 -3.116894384401432738e+00
2.252614450717393524e+00 -3.189494751020096608e+00
2.333064966814443419e+00 -3.240427864796064927e+00
2.413515482911492871e+00 -3.287482702529665346e+00
2.493965999008542767e+00 -3.352407324557549195e+00
2.574416515105592662e+00 -3.462542419887972400e+00
2.654867031202642558e+00 -3.543612754581080715e+00
2.735317547299692009e+00 -3.578423379688685735e+00
2.815768063396741905e+00 -3.558117858881211237e+00
2.896218579493791356e+00 -3.535076807460519888e+00
2.976669095590841252e+00 -3.539669589175725051e+00
3.057119611687890703e+00 -3.542712088969194095e+00
3.137570127784940599e+00 -3.491282254429109333e+00
3.218020643881990495e+00 -3.452916417019181949e+00
3.298471159979039946e+00 -3.459804525920181284e+00
3.378921676076090286e+00 -3.514922989791169794e+00
3.459372192173139737e+00 -3.516556890316728801e+00
3.539822708270189189e+00 -3.489480510141114156e+00
3.620273224367239528e+00 -3.480791352924590853e+00
3.700723740464288980e+00 -3.486133891180218658e+00
3.781174256561339320e+00 -3.515704080321287339e+00
3.861624772658388771e+00 -3.538590739724111867e+00
3.942075288755438223e+00 -3.527363909013209842e+00
4.022525804852488562e+00 -3.532168341336423989e+00
4.102976320949538014e+00 -3.574306547479576324e+00
4.183426837046588354e+00 -3.591111811428894907e+00
4.263877353143637805e+00 -3.570425587703381698e+00
4.344327869240687257e+00 -3.561190259326512564e+00
4.424778385337737596e+00 -3.584522983444730304e+00
4.505228901434787048e+00 -3.606502054253089895e+00
4.585679417531836499e+00 -3.603785309824264260e+00
4.666129933628886839e+00 -3.557512879744891610e+00
4.746580449725936290e+00 -3.523203922027300816e+00
4.827030965822985742e+00 -3.565911963537480744e+00
4.907481481920036082e+00 -3.599332083173164776e+00
4.987931998017085533e+00 -3.594349955178304246e+00
5.068382514114135873e+00 -3.574532047482800845e+00
5.148833030211185324e+00 -3.568482150867164027e+00
5.229283546308234776e+00 -3.606300019791733202e+00
5.309734062405285115e+00 -3.622425043448415316e+00
5.390184578502334567e+00 -3.593959770442364476e+00
5.470635094599384018e+00 -3.555765147639930568e+00
5.551085610696433470e+00 -3.553440816220686305e+00
5.631536126793483810e+00 -3.549475006295531365e+00
5.711986642890533261e+00 -3.508150874843039002e+00
5.792437158987582713e+00 -3.486071199986213731e+00
5.872887675084633052e+00 -3.509812059916039839e+00
5.953338191181682504e+00 -3.536024728181559773e+00
6.033788707278731955e+00 -3.528288135366296707e+00
6.114239223375781407e+00 -3.525071277297196826e+00
6.194689739472831747e+00 -3.521587205329359982e+00
6.275140255569881198e+00 -3.547053076873623478e+00
6.355590771666931538e+00 -3.568835655551193309e+00
6.436041287763980989e+00 -3.570318423096283222e+00
6.516491803861030441e+00 -3.552092972466524667e+00
6.596942319958079892e+00 -3.545070587549127961e+00
6.677392836055131120e+00 -3.553977372229954135e+00
6.757843352152180572e+00 -3.560942247482150158e+00
6.838293868249230023e+00 -3.559158582207533783e+00
6.918744384346279475e+00 -3.560307104258744193e+00
6.999194900443328926e+00 -3.575740802326519585e+00
7.079645416540378378e+00 -3.577499170435316067e+00
7.160095932637429605e+00 -3.588117854147458541e+00
7.240546448734479057e+00 -3.601874641822731427e+00
7.320996964831528508e+00 -3.581334465266881484e+00
7.401447480928577960e+00 -3.548375896602633528e+00
7.481897997025627411e+00 -3.545705200572004223e+00
7.562348513122678639e+00 -3.566753342098937907e+00
7.642799029219728091e+00 -3.556123515690496451e+00
7.723249545316777542e+00 -3.542234041000338784e+00
7.803700061413826994e+00 -3.573710128080093362e+00
7.884150577510876445e+00 -3.620736632955973366e+00
7.964601093607927673e+00 -3.642329204262541698e+00
8.045051609704977125e+00 -3.622404014296998653e+00
8.125502125802025688e+00 -3.579829816093568429e+00
8.205952641899076028e+00 -3.543447908661573997e+00
8.286403157996124591e+00 -3.547744238829080299e+00
8.366853674093176707e+00 -3.572196831143747087e+00
8.447304190190225270e+00 -3.596796937769658253e+00
8.527754706287275610e+00 -3.609173890730739132e+00
8.608205222384324173e+00 -3.641695534347790364e+00
8.688655738481374513e+00 -3.655067492289520104e+00
8.769106254578423076e+00 -3.650477184871090852e+00
8.849556770675475192e+00 -3.644878370967187031e+00
8.930007286772523756e+00 -3.644768867608019214e+00
9.010457802869574095e+00 -3.646005931272078726e+00
9.090908318966622659e+00 -3.626727971229774639e+00
9.171358835063672998e+00 -3.616516845081322984e+00
9.251809351160723338e+00 -3.645854078383408137e+00
9.332259867257773678e+00 -3.663222051172191129e+00
9.412710383354822241e+00 -3.647662477709807671e+00
9.493160899451872581e+00 -3.644868754388189913e+00
9.573611415548921144e+00 -3.651588280771473904e+00
9.654061931645971484e+00 -3.655003453059774365e+00
9.734512447743021823e+00 -3.629999234514014184e+00
9.814962963840072163e+00 -3.607815434353575323e+00
9.895413479937120727e+00 -3.622309799410424969e+00
9.975863996034171066e+00 -3.628600897197138853e+00
1.005631451213121963e+01 -3.658546938879177368e+00
1.013676502822827175e+01 -3.682947325545748551e+00
1.021721554432532031e+01 -3.702005739998981859e+00
1.029766606042237065e+01 -3.715054536154109410e+00
