0.000000000000000000e+00 -1.549019599857431873e-01
8.045051609704977069e-02 -1.971834413591603274e-01
1.609010321940995414e-01 -5.962813433288591813e-01
2.413515482911492982e-01 -2.345046124885088901e+00
3.218020643881990828e-01 -2.994384044833326985e+00
4.022525804852488118e-01 -2.414305568354832232e+00
4.827030965822985964e-01 -2.550557856678819402e+00
5.631536126793483810e-01 -2.905693198244713393e+00
6.436041287763981655e-01 -3.390725324667958063e+00
7.240546448734478391e-01 -3.680084661498194798e+00
8.045051609704976237e-01 -3.756528163397479414e+00
8.849556770675472972e-01 -3.759101496925765229e+00
9.654061931645971928e-01 -3.828860577128217813e+00
1.045856709261647088e+00 -3.843591895549918203e+00
1.126307225358696762e+00 -3.758870685846535942e+00
1.206757741455746435e+00 -3.705739180016987433e+00
1.287208257552796331e+00 -3.690114131356208915e+00
1.367658773649846005e+00 -3.662130686397491619e+00
1.448109289746895678e+00 -3.593019260101780521e+00
1.528559805843945352e+00 -3.531790579117122242e+00
1.609010321940995247e+00 -3.414322200093700133e+00
1.689460838038045143e+00 -3.223197068755689454e+00
1.769911354135094594e+00 -3.051313140420059522e+00
1.850361870232144490e+00 -2.987191086552787311e+00
1.930812386329194386e+00 -3.028357652043411008e+00
2.011262902426244281e+00 -3.066368279706964461e+00
2.091713418523294177e+00 -3.081697130615202340e+00
2.172163934620343628e+00 -3.180824103727136976e+00
2.252614450717393524e+00 -3.285213068964003558e+00
2.333064966814443419e+00 -3.350827045557452255e+00
2.413515482911492871e+00 -3.380693794157603627e+00
2.493965999008542767e+00 -3.385958510099067897e+00
2.574416515105592662e+00 -3.375830653659498193e+00
2.654867031202642558e+00 -3.426856199379197054e+00
2.735317547299692009e+00 -3.515386743534909542e+00
2.815768063396741905e+00 -3.570414929303934226e+00
2.896218579493791356e+00 -3.558645576974492908e+00
2.976669095590841252e+00 -3.541983618954292368e+00
3.057119611687890703e+00 -3.554536802866935297e+00
3.137570127784940599e+00 -3.554806001878382915e+00
3.218020643881990495e+00 -3.513187050774071896e+00
3.298471159979039946e+00 -3.465205573165639930e+00
3.378921676076090286e+00 -3.469711748117502825e+00
3.459372192173139737e+00 -3.507118934987589753e+00
3.539822708270189189e+00 -3.490127951492428160e+00
3.620273224367239528e+00 -3.478543552501810243e+00
3.700723740464288980e+00 -3.472025952763461820e+00
3.781174256561339320e+00 -3.465753405544104382e+00
3.861624772658388771e+00 -3.468095754457952040e+00
3.942075288755438223e+00 -3.489166251696871335e+00
4.022525804852488562e+00 -3.530478465039640135e+00
4.102976320949538014e+00 -3.525060748264382315e+00
4.183426837046588354e+00 -3.516429578000592304e+00
4.263877353143637805e+00 -3.525589111503211193e+00
4.344327869240687257e+00 -3.525652176068947430e+00
4.424778385337737596e+00 -3.544241235150384917e+00
4.505228901434787048e+00 -3.576377328289880531e+00
4.585679417531836499e+00 -3.577675778819390029e+00
4.666129933628886839e+00 -3.561208686044269989e+00
4.746580449725936290e+00 -3.524241761005499018e+00
4.827030965822985742e+00 -3.490414912048647622e+00
4.907481481920036082e+00 -3.487205066758354732e+00
4.987931998017085533e+00 -3.498580348403315998e+00
5.068382514114135873e+00 -3.493080546904690387e+00
5.148833030211185324e+00 -3.479479184872495967e+00
5.229283546308234776e+00 -3.500045882247613260e+00
5.309734062405285115e+00 -3.533558630978935966e+00
5.390184578502334567e+00 -3.572329481269771012e+00
5.470635094599384018e+00 -3.570305901565265394e+00
5.551085610696433470e+00 -3.533032799943875091e+00
5.631536126793483810e+00 -3.514720341057348207e+00
5.711986642890533261e+00 -3.499094667824301563e+00
5.792437158987582713e+00 -3.507306818628348921e+00
5.872887675084633052e+00 -3.520656628878708005e+00
5.953338191181682504e+00 -3.507244276908174641e+00
6.033788707278731955e+00 -3.497745625019001992e+00
6.114239223375781407e+00 -3.520096670812088213e+00
6.194689739472831747e+00 -3.541734390004739108e+00
6.275140255569881198e+00 -3.563325833256843822e+00
6.355590771666931538e+00 -3.576279809916711905e+00
6.436041287763980989e+00 -3.564156154304823687e+00
6.516491803861030441e+00 -3.547721853331557540e+00
6.596942319958079892e+00 -3.517480849451517511e+00
6.677392836055131120e+00 -3.493913865702554133e+00
6.757843352152180572e+00 -3.490808330323253994e+00
6.838293868249230023e+00 -3.510169971545813894e+00
6.918744384346279475e+00 -3.534871155639786711e+00
6.999194900443328926e+00 -3.552985917775730140e+00
7.079645416540378378e+00 -3.549311110701165450e+00
7.160095932637429605e+00 -3.547748413279305346e+00
7.240546448734479057e+00 -3.548304035765394993e+00
7.320996964831528508e+00 -3.575072055353532452e+00
7.401447480928577960e+00 -3.613148076476261128e+00
7.481897997025627411e+00 -3.628779277733897857e+00
7.562348513122678639e+00 -3.624879045618075946e+00
7.642799029219728091e+00 -3.610711252841367624e+00
7.723249545316777542e+00 -3.616121983674940310e+00
7.803700061413826994e+00 -3.610617433053041836e+00
7.884150577510876445e+00 -3.581466792670039645e+00
7.964601093607927673e+00 -3.546131966681736358e+00
8.045051609704977125e+00 -3.537736936327765314e+00
8.125502125802025688e+00 -3.553850186164210445e+00
8.205952641899076028e+00 -3.565854207539474352e+00
8.286403157996124591e+00 -3.575444204126062342e+00
8.366853674093176707e+00 -3.593333559065568394e+00
8.447304190190225270e+00 -3.606011728742751554e+00
8.527754706287275610e+00 -3.625214719782623884e+00
8.608205222384324173e+00 -3.626892263523406879e+00
8.688655738481374513e+00 -3.612719955007685169e+00
8.769106254578423076e+00 -3.615440040101598917e+00
8.849556770675475192e+00 -3.645472281451768826e+00
8.930007286772523756e+00 -3.639385731277816394e+00
9.010457802869574095e+00 -3.626034578826786259e+00
9.090908318966622659e+00 -3.635280692232557787e+00
9.171358835063672998e+00 -3.625035072856721996e+00
9.251809351160723338e+00 -3.609106822629885691e+00
9.332259867257773678e+00 -3.598026300466399707e+00
9.412710383354822241e+00 -3.601471885780866966e+00
9.493160899451872581e+00 -3.610284705832529362e+00
9.573611415548921144e+00 -3.606763203941614204e+00
9.654061931645971484e+00 -3.595773154601156651e+00
9.734512447743021823e+00 -3.596359434676179134e+00
9.814962963840072163e+00 -3.620460618987220602e+00
9.895413479937120727e+00 -3.622193335661009428e+00
9.975863996034171066e+00 -3.610310116067118269e+00
1.005631451213121963e+01 -3.627809517655262717e+00
1.013676502822827175e+01 -3.657453397064610368e+00
1.021721554432532031e+01 -3.643406708978179864e+00
1.029766606042237065e+01 -3.634054863385704159e+00
