0.000000000000000000e+00 -1.549019599857431873e-01
8.045051609704977069e-02 -2.054116499628082237e-01
1.609010321940995414e-01 -5.440362390221893385e-01
2.413515482911492982e-01 -2.129831119837063191e+00
3.218020643881990828e-01 -3.120604342415455257e+00
4.022525804852488118e-01 -2.801367299263938015e+00
4.827030965822985964e-01 -2.770910804274310024e+00
5.631536126793483810e-01 -2.997608485550432800e+00
6.436041287763981655e-01 -3.345954024099297541e+00
7.240546448734478391e-01 -3.567587571709734728e+00
8.045051609704976237e-01 -3.687977063286371315e+00
8.849556770675472972e-01 -3.745876329566854679e+00
9.654061931645971928e-01 -3.768441272929442754e+00
1.045856709261647088e+00 -3.749767392438099645e+00
1.126307225358696762e+00 -3.709963354169602212e+00
1.206757741455746435e+00 -3.707042589058494819e+00
1.287208257552796331e+00 -3.765953852132661428e+00
1.367658773649846005e+00 -3.780599777712469578e+00
1.448109289746895678e+00 -3.715152073903983609e+00
1.528559805843945352e+00 -3.604512658683451498e+00
1.609010321940995247e+00 -3.442765644631649025e+00
1.689460838038045143e+00 -3.288105004328281122e+00
1.769911354135094594e+00 -3.202573595358510161e+00
1.850361870232144490e+00 -3.177071879722083381e+00
1.930812386329194386e+00 -3.113945435214506841e+00
2.011262902426244281e+00 -3.071614853768413145e+00
2.091713418523294177e+00 -3.086675948527580537e+00
2.172163934620343628e+00 -3.120695033919572481e+00
2.252614450717393524e+00 -3.215101960730410546e+00
2.333064966814443419e+00 -3.274809501820364233e+00
2.413515482911492871e+00 -3.333000634322817124e+00
2.493965999008542767e+00 -3.394093843941341948e+00
2.574416515105592662e+00 -3.447718664285909451e+00
2.654867031202642558e+00 -3.491419029801279272e+00
2.735317547299692009e+00 -3.514294055912999148e+00
2.815768063396741905e+00 -3.514733481910943258e+00
2.896218579493791356e+00 -3.502886749199947580e+00
2.976669095590841252e+00 -3.503710571253784156e+00
3.057119611687890703e+00 -3.528177999308803603e+00
3.137570127784940599e+00 -3.543866009635484815e+00
3.218020643881990495e+00 -3.543189399600306988e+00
3.298471159979039946e+00 -3.547911999788986748e+00
3.378921676076090286e+00 -3.541759275966536169e+00
3.459372192173139737e+00 -3.529945468846442225e+00
3.539822708270189189e+00 -3.522258140941391780e+00
3.620273224367239528e+00 -3.504776539833057925e+00
3.700723740464288980e+00 -3.505297721958348767e+00
3.781174256561339320e+00 -3.523024518335028610e+00
3.861624772658388771e+00 -3.582472347436282956e+00
3.942075288755438223e+00 -3.579722714209180534e+00
4.022525804852488562e+00 -3.557210742630260825e+00
4.102976320949538014e+00 -3.521858251579643273e+00
4.183426837046588354e+00 -3.512233090343938713e+00
4.263877353143637805e+00 -3.535109069735198339e+00
4.344327869240687257e+00 -3.557123333149973199e+00
4.424778385337737596e+00 -3.571603762143854777e+00
4.505228901434787048e+00 -3.584175774729394970e+00
4.585679417531836499e+00 -3.634493288558227064e+00
4.666129933628886839e+00 -3.649589266092334583e+00
4.746580449725936290e+00 -3.615967531389612688e+00
4.827030965822985742e+00 -3.574603036804608891e+00
4.907481481920036082e+00 -3.541310371750965302e+00
4.987931998017085533e+00 -3.530091377461751723e+00
5.068382514114135873e+00 -3.546798179334683443e+00
5.148833030211185324e+00 -3.565663732173061540e+00
5.229283546308234776e+00 -3.533773453472258907e+00
5.309734062405285115e+00 -3.501376897750839934e+00
5.390184578502334567e+00 -3.497404379052907242e+00
5.470635094599384018e+00 -3.516852330168903418e+00
5.551085610696433470e+00 -3.560670838255822090e+00
5.631536126793483810e+00 -3.542350002948055909e+00
5.711986642890533261e+00 -3.477868940671714260e+00
5.792437158987582713e+00 -3.452666365025200079e+00
5.872887675084633052e+00 -3.470937830595615115e+00
5.953338191181682504e+00 -3.509621742500534491e+00
6.033788707278731955e+00 -3.519657734730648357e+00
6.114239223375781407e+00 -3.506524961890460368e+00
6.194689739472831747e+00 -3.508755503245807983e+00
6.275140255569881198e+00 -3.504705773193504736e+00
6.355590771666931538e+00 -3.512951035200604366e+00
6.436041287763980989e+00 -3.506463001040425631e+00
6.516491803861030441e+00 -3.495245843736675351e+00
6.596942319958079892e+00 -3.508093231737562601e+00
6.677392836055131120e+00 -3.535742108701819042e+00
6.757843352152180572e+00 -3.561057134017758585e+00
6.838293868249230023e+00 -3.569664871752195712e+00
6.918744384346279475e+00 -3.568276997011262441e+00
6.999194900443328926e+00 -3.572805246032578097e+00
7.079645416540378378e+00 -3.564393045769554735e+00
7.160095932637429605e+00 -3.544635602337883551e+00
7.240546448734479057e+00 -3.512010818135187229e+00
7.320996964831528508e+00 -3.513224795157747327e+00
7.401447480928577960e+00 -3.544256431013496300e+00
7.481897997025627411e+00 -3.583636604423820149e+00
7.562348513122678639e+00 -3.607950713705255108e+00
7.642799029219728091e+00 -3.627257997535886513e+00
7.723249545316777542e+00 -3.637758976941396938e+00
7.803700061413826994e+00 -3.608474170447343976e+00
7.884150577510876445e+00 -3.586168179700428560e+00
7.964601093607927673e+00 -3.576342848386677709e+00
8.045051609704977125e+00 -3.580381969433975797e+00
8.125502125802025688e+00 -3.573612023066250920e+00
8.205952641899076028e+00 -3.574968548952521363e+00
8.286403157996124591e+00 -3.593815052566658341e+00
8.366853674093176707e+00 -3.608927002375510895e+00
8.447304190190225270e+00 -3.610948507159915000e+00
8.527754706287275610e+00 -3.587476357853033981e+00
8.608205222384324173e+00 -3.587624935843314322e+00
8.688655738481374513e+00 -3.617610568516945069e+00
8.769106254578423076e+00 -3.635958712589339115e+00
8.849556770675475192e+00 -3.641518685584131720e+00
8.930007286772523756e+00 -3.630334421563324199e+00
9.010457802869574095e+00 -3.614599606057555370e+00
9.090908318966622659e+00 -3.602207095045798280e+00
9.171358835063672998e+00 -3.628323056566230331e+00
9.251809351160723338e+00 -3.653571461896493844e+00
9.332259867257773678e+00 -3.660675034827050922e+00
9.412710383354822241e+00 -3.661099093829226714e+00
9.493160899451872581e+00 -3.657079780064324215e+00
9.573611415548921144e+00 -3.660141424838234681e+00
9.654061931645971484e+00 -3.661981029866822279e+00
9.734512447743021823e+00 -3.659720996722787500e+00
9.814962963840072163e+00 -3.656656653159536141e+00
9.895413479937120727e+00 -3.639839361605718526e+00
9.975863996034171066e+00 -3.639153630055072419e+00
1.005631451213121963e+01 -3.657576132953762826e+00
1.013676502822827175e+01 -3.677862382528785723e+00
1.021721554432532031e+01 -3.687450089700034628e+00
1.029766606042237065e+01 -3.682631789696757529e+00
