0.000000000000000000e+00 -1.549019599857431873e-01
8.045051609704977069e-02 -2.054898860681634021e-01
1.609010321940995414e-01 -6.371076377371325261e-01
2.413515482911492982e-01 -2.226161250783612822e+00
3.218020643881990828e-01 -2.323318173832715328e+00
4.022525804852488118e-01 -2.313281021724693964e+00
4.827030965822985964e-01 -2.611472451778786841e+00
5.631536126793483810e-01 -3.152363434998302960e+00
6.436041287763981655e-01 -3.494344793932075532e+00
7.240546448734478391e-01 -3.573541565595038882e+00
8.045051609704976237e-01 -3.555256231162392311e+00
8.849556770675472972e-01 -3.523423108562014239e+00
9.654061931645971928e-01 -3.580006975688274196e+00
1.045856709261647088e+00 -3.681792651813128092e+00
1.126307225358696762e+00 -3.694859922350245629e+00
1.206757741455746435e+00 -3.654896374236594081e+00
1.287208257552796331e+00 -3.631358999254784781e+00
1.367658773649846005e+00 -3.611709518584168777e+00
1.448109289746895678e+00 -3.574991510820879625e+00
1.528559805843945352e+00 -3.542267192193139458e+00
1.609010321940995247e+00 -3.455121359754890875e+00
1.689460838038045143e+00 -3.325040170805230400e+00
1.769911354135094594e+00 -3.197545737278912004e+00
1.850361870232144490e+00 -3.110048007857997288e+00
1.930812386329194386e+00 -3.042284354487009512e+00
2.011262902426244281e+00 -3.044618828042403802e+00
2.091713418523294177e+00 -3.077131942909121509e+00
2.172163934620343628e+00 -3.142153872217196664e+00
2.252614450717393524e+00 -3.192705858684935727e+00
2.333064966814443419e+00 -3.280465112528714311e+00
2.413515482911492871e+00 -3.360760924013348472e+00
2.493965999008542767e+00 -3.418613725986410223e+00
2.574416515105592662e+00 -3.500547106268016240e+00
2.654867031202642558e+00 -3.564980409398075700e+00
2.735317547299692009e+00 -3.548887473395159198e+00
2.815768063396741905e+00 -3.538593411353829765e+00
2.896218579493791356e+00 -3.570275282298886133e+00
2.976669095590841252e+00 -3.605995367821944519e+00
3.057119611687890703e+00 -3.603787477893838354e+00
3.137570127784940599e+00 -3.575166121886224513e+00
3.218020643881990495e+00 -3.530895651358577414e+00
3.298471159979039946e+00 -3.483860000487195574e+00
3.378921676076090286e+00 -3.458494168512621592e+00
3.459372192173139737e+00 -3.465778661005560757e+00
3.539822708270189189e+00 -3.471204756938549796e+00
3.620273224367239528e+00 -3.445735866196550923e+00
3.700723740464288980e+00 -3.418787797253116878e+00
3.781174256561339320e+00 -3.409284512737003059e+00
3.861624772658388771e+00 -3.412837341937340341e+00
3.942075288755438223e+00 -3.428541279447927081e+00
4.022525804852488562e+00 -3.433536000756159723e+00
4.102976320949538014e+00 -3.444554262253853860e+00
4.183426837046588354e+00 -3.468475677303181293e+00
4.263877353143637805e+00 -3.517996314826607573e+00
4.344327869240687257e+00 -3.532068903586578656e+00
4.424778385337737596e+00 -3.511273577840090088e+00
4.505228901434787048e+00 -3.512400348181420551e+00
4.585679417531836499e+00 -3.535261568917477337e+00
4.666129933628886839e+00 -3.516485462854293864e+00
4.746580449725936290e+00 -3.495640556714934455e+00
4.827030965822985742e+00 -3.505402438140994725e+00
4.907481481920036082e+00 -3.540872026496682423e+00
4.987931998017085533e+00 -3.550760506018884044e+00
5.068382514114135873e+00 -3.525901615529288158e+00
5.148833030211185324e+00 -3.508061969316263351e+00
5.229283546308234776e+00 -3.507007909950111468e+00
5.309734062405285115e+00 -3.501756995714890852e+00
5.390184578502334567e+00 -3.499598730985595818e+00
5.470635094599384018e+00 -3.485292537745770414e+00
5.551085610696433470e+00 -3.481966450306627436e+00
5.631536126793483810e+00 -3.517361022368606260e+00
5.711986642890533261e+00 -3.534750431617974975e+00
5.792437158987582713e+00 -3.531536460701302005e+00
5.872887675084633052e+00 -3.518847946569323870e+00
5.953338191181682504e+00 -3.485746399862522438e+00
6.033788707278731955e+00 -3.452267657034924664e+00
6.114239223375781407e+00 -3.433189975721135045e+00
6.194689739472831747e+00 -3.427983775958187262e+00
6.275140255569881198e+00 -3.440537280962394640e+00
6.355590771666931538e+00 -3.480170711624504865e+00
6.436041287763980989e+00 -3.500600595203694709e+00
6.516491803861030441e+00 -3.511446021779352389e+00
6.596942319958079892e+00 -3.507835584577045474e+00
6.677392836055131120e+00 -3.494451410962514881e+00
6.757843352152180572e+00 -3.498072457370408728e+00
6.838293868249230023e+00 -3.520708340483764687e+00
6.918744384346279475e+00 -3.524211990673792538e+00
6.999194900443328926e+00 -3.542356972663979864e+00
7.079645416540378378e+00 -3.567352406936323828e+00
7.160095932637429605e+00 -3.605959385893739100e+00
7.240546448734479057e+00 -3.629138786462491773e+00
7.320996964831528508e+00 -3.626032148967975655e+00
7.401447480928577960e+00 -3.609375714686941627e+00
7.481897997025627411e+00 -3.599534537730684214e+00
7.562348513122678639e+00 -3.572058663267360767e+00
7.642799029219728091e+00 -3.545389929061713019e+00
7.723249545316777542e+00 -3.550510931560327599e+00
7.803700061413826994e+00 -3.564500171269628481e+00
7.884150577510876445e+00 -3.566702589784655597e+00
7.964601093607927673e+00 -3.567787657189969597e+00
8.045051609704977125e+00 -3.564307411066454989e+00
8.125502125802025688e+00 -3.552462322664720951e+00
8.205952641899076028e+00 -3.574583496526318793e+00
8.286403157996124591e+00 -3.607272566416749537e+00
8.366853674093176707e+00 -3.617235393313992464e+00
8.447304190190225270e+00 -3.585985426678893973e+00
8.527754706287275610e+00 -3.572972071202711764e+00
8.608205222384324173e+00 -3.587958701931613259e+00
8.688655738481374513e+00 -3.608778255608095620e+00
8.769106254578423076e+00 -3.602505715359199279e+00
8.849556770675475192e+00 -3.600649502662003787e+00
8.930007286772523756e+00 -3.619281957442235687e+00
9.010457802869574095e+00 -3.636553479887968621e+00
9.090908318966622659e+00 -3.646323853653170133e+00
9.171358835063672998e+00 -3.647772480966276820e+00
9.251809351160723338e+00 -3.638418645924871075e+00
9.332259867257773678e+00 -3.627573249437337832e+00
9.412710383354822241e+00 -3.619646867610805341e+00
9.493160899451872581e+00 -3.588378454066432077e+00
9.573611415548921144e+00 -3.566459509792734295e+00
9.654061931645971484e+00 -3.585424952840942314e+00
9.734512447743021823e+00 -3.627738501302446572e+00
9.814962963840072163e+00 -3.646554038451387925e+00
9.895413479937120727e+00 -3.651521982369387853e+00
9.975863996034171066e+00 -3.662163383846048781e+00
1.005631451213121963e+01 -3.678374396946464397e+00
1.013676502822827175e+01 -3.674027127864667452e+00
1.021721554432532031e+01 -3.682237727001625327e+00
1.029766606042237065e+01 -3.688840298552588326e+00
