0.000000000000000000e+00 -1.549019599857431873e-01
8.045051609704977069e-02 -3.954054505650952955e-01
1.609010321940995414e-01 -1.325830729748931569e+00
2.413515482911492982e-01 -4.814637447511948665e+00
3.218020643881990828e-01 -5.537885904067143095e+00
4.022525804852488118e-01 -5.108756147790256108e+00
4.827030965822985964e-01 -5.521892783038352626e+00
5.631536126793483810e-01 -6.340540367135523603e+00
6.436041287763981655e-01 -6.991709531520899468e+00
7.240546448734478391e-01 -7.136466126241232999e+00
8.045051609704976237e-01 -7.178133392961245640e+00
8.849556770675472972e-01 -7.297123453823856742e+00
9.654061931645971928e-01 -7.476669053992742953e+00
1.045856709261647088e+00 -7.520523425350597257e+00
1.126307225358696762e+00 -7.640557992918757257e+00
1.206757741455746435e+00 -7.730204126585634938e+00
1.287208257552796331e+00 -7.605091761362384517e+00
1.367658773649846005e+00 -7.313223305174521904e+00
1.448109289746895678e+00 -7.049980911850513010e+00
1.528559805843945352e+00 -7.008975573250815216e+00
1.609010321940995247e+00 -7.019950026947583410e+00
1.689460838038045143e+00 -6.917016320435621424e+00
1.769911354135094594e+00 -6.668704668468782515e+00
1.850361870232144490e+00 -6.403443206875655491e+00
1.930812386329194386e+00 -6.162003297107037980e+00
2.011262902426244281e+00 -6.032729777984427777e+00
2.091713418523294177e+00 -6.029437592029822213e+00
2.172163934620343628e+00 -6.172059700173728736e+00
2.252614450717393524e+00 -6.418395573193411252e+00
2.333064966814443419e+00 -6.569681672669779537e+00
2.413515482911492871e+00 -6.687665449121183769e+00
2.493965999008542767e+00 -6.894940942979366660e+00
2.574416515105592662e+00 -7.012860567398147893e+00
2.654867031202642558e+00 -6.956434959765749326e+00
2.735317547299692009e+00 -6.900277226867099323e+00
2.815768063396741905e+00 -6.846956869683499036e+00
2.896218579493791356e+00 -6.890512275405963116e+00
2.976669095590841252e+00 -6.974051809968696780e+00
3.057119611687890703e+00 -6.969313442820510573e+00
3.137570127784940599e+00 -7.008862312659861260e+00
3.218020643881990495e+00 -7.060069716046522004e+00
3.298471159979039946e+00 -7.079506405962170845e+00
3.378921676076090286e+00 -7.114518995730894524e+00
3.459372192173139737e+00 -7.127559173442093332e+00
3.539822708270189189e+00 -7.080585803112811938e+00
3.620273224367239528e+00 -7.024040591627624508e+00
3.700723740464288980e+00 -6.962113521510478797e+00
3.781174256561339320e+00 -6.992930282519400187e+00
3.861624772658388771e+00 -6.996556539590357282e+00
3.942075288755438223e+00 -7.010400426399853835e+00
4.022525804852488562e+00 -6.940541406709317407e+00
4.102976320949538014e+00 -6.896334765641802811e+00
4.183426837046588354e+00 -6.968257370833905284e+00
4.263877353143637805e+00 -7.010055591143426135e+00
4.344327869240687257e+00 -6.920628464845396621e+00
4.424778385337737596e+00 -6.910106088762125509e+00
4.505228901434787048e+00 -6.979180126502448900e+00
4.585679417531836499e+00 -7.050875902479061708e+00
4.666129933628886839e+00 -7.053908349336384553e+00
4.746580449725936290e+00 -6.982643671454840550e+00
4.827030965822985742e+00 -6.951662466726578060e+00
4.907481481920036082e+00 -7.007955952617472839e+00
4.987931998017085533e+00 -7.088113114543265425e+00
5.068382514114135873e+00 -7.119126631818915030e+00
5.148833030211185324e+00 -7.141568278332005804e+00
5.229283546308234776e+00 -7.122341333554768283e+00
5.309734062405285115e+00 -7.087928822513655192e+00
5.390184578502334567e+00 -7.044407022228427628e+00
5.470635094599384018e+00 -7.026032186017054926e+00
5.551085610696433470e+00 -7.056016350922964087e+00
5.631536126793483810e+00 -7.101612708769113880e+00
5.711986642890533261e+00 -7.057556007172729018e+00
5.792437158987582713e+00 -6.951003281991568805e+00
5.872887675084633052e+00 -6.873942255394718259e+00
5.953338191181682504e+00 -6.909224545332675937e+00
6.033788707278731955e+00 -7.022116955734059474e+00
6.114239223375781407e+00 -7.072921735067541960e+00
6.194689739472831747e+00 -7.020643618058755919e+00
6.275140255569881198e+00 -6.998490699349716238e+00
6.355590771666931538e+00 -7.030711361856604391e+00
6.436041287763980989e+00 -7.049639295938171735e+00
6.516491803861030441e+00 -7.036807250166829064e+00
6.596942319958079892e+00 -7.009281506124150241e+00
6.677392836055131120e+00 -7.062231714363807811e+00
6.757843352152180572e+00 -7.109675780726986360e+00
6.838293868249230023e+00 -7.132801297746699021e+00
6.918744384346279475e+00 -7.123110786282826901e+00
6.999194900443328926e+00 -7.167509546790571839e+00
7.079645416540378378e+00 -7.196189857337414786e+00
7.160095932637429605e+00 -7.156414658014846886e+00
7.240546448734479057e+00 -7.106055363703617012e+00
7.320996964831528508e+00 -7.100347613126223756e+00
7.401447480928577960e+00 -7.097093862538426556e+00
7.481897997025627411e+00 -7.123327379785180824e+00
7.562348513122678639e+00 -7.194622791557365282e+00
7.642799029219728091e+00 -7.232535630486061073e+00
7.723249545316777542e+00 -7.196770994903302743e+00
7.803700061413826994e+00 -7.134676436264510535e+00
7.884150577510876445e+00 -7.053251649769054055e+00
7.964601093607927673e+00 -7.099150858581709578e+00
8.045051609704977125e+00 -7.155332317718685609e+00
8.125502125802025688e+00 -7.164892993359302409e+00
8.205952641899076028e+00 -7.135906394944973030e+00
8.286403157996124591e+00 -7.171016615435125807e+00
8.366853674093176707e+00 -7.202089042384410611e+00
8.447304190190225270e+00 -7.208434719570051108e+00
8.527754706287275610e+00 -7.149304680641314746e+00
8.608205222384324173e+00 -7.155568783306711644e+00
8.688655738481374513e+00 -7.187311161714796448e+00
8.769106254578423076e+00 -7.187451328546774043e+00
8.849556770675475192e+00 -7.165617521895762287e+00
8.930007286772523756e+00 -7.179265770063862462e+00
9.010457802869574095e+00 -7.248149798339750483e+00
9.090908318966622659e+00 -7.276983704481487791e+00
9.171358835063672998e+00 -7.299449757343907663e+00
9.251809351160723338e+00 -7.334710190508070937e+00
9.332259867257773678e+00 -7.306291880505569658e+00
9.412710383354822241e+00 -7.253354875976745220e+00
9.493160899451872581e+00 -7.258088489351831818e+00
9.573611415548921144e+00 -7.286891985225009805e+00
9.654061931645971484e+00 -7.290376038658584967e+00
9.734512447743021823e+00 -7.307127456184138836e+00
9.814962963840072163e+00 -7.361443766717349568e+00
9.895413479937120727e+00 -7.418780809948184007e+00
9.975863996034171066e+00 -7.402277915771689365e+00
1.005631451213121963e+01 -7.340947232151237678e+00
1.013676502822827175e+01 -7.340475385979665646e+00
1.021721554432532031e+01 -7.376177982883518780e+00
1.029766606042237065e+01 -7.412946770900975757e+00
