0.000000000000000000e+00 -1.549019599857431873e-01
8.045051609704977069e-02 -1.997609209072621905e-01
1.609010321940995414e-01 -5.734763494843359011e-01
2.413515482911492982e-01 -2.310726347726820062e+00
3.218020643881990828e-01 -2.869459447073661629e+00
4.022525804852488118e-01 -2.505329999749638326e+00
4.827030965822985964e-01 -2.617956151976145396e+00
5.631536126793483810e-01 -2.995275940625349520e+00
6.436041287763981655e-01 -3.440198982150995288e+00
7.240546448734478391e-01 -3.605388083117474274e+00
8.045051609704976237e-01 -3.693215526263783577e+00
8.849556770675472972e-01 -3.742872229204562640e+00
9.654061931645971928e-01 -3.780160890522988648e+00
1.045856709261647088e+00 -3.760869048419999139e+00
1.126307225358696762e+00 -3.772131111899472256e+00
1.206757741455746435e+00 -3.779106773112936857e+00
1.287208257552796331e+00 -3.813628198442445161e+00
1.367658773649846005e+00 -3.832339284147792569e+00
1.448109289746895678e+00 -3.811907211479741431e+00
1.528559805843945352e+00 -3.650082061893017205e+00
1.609010321940995247e+00 -3.411810597214490315e+00
1.689460838038045143e+00 -3.206060847516600809e+00
1.769911354135094594e+00 -3.076998469990670060e+00
1.850361870232144490e+00 -3.011232982459182139e+00
1.930812386329194386e+00 -3.020157271955380196e+00
2.011262902426244281e+00 -3.084597861739491353e+00
2.091713418523294177e+00 -3.152460538146331093e+00
2.172163934620343628e+00 -3.230031526942785280e+00
2.252614450717393524e+00 -3.272316396184349774e+00
2.333064966814443419e+00 -3.324328294027305120e+00
2.413515482911492871e+00 -3.390838999855400271e+00
2.493965999008542767e+00 -3.468440810740248903e+00
2.574416515105592662e+00 -3.490271207854960256e+00
2.654867031202642558e+00 -3.466514108443684794e+00
2.735317547299692009e+00 -3.479232654003138858e+00
2.815768063396741905e+00 -3.527200773331848005e+00
2.896218579493791356e+00 -3.588699154835729210e+00
2.976669095590841252e+00 -3.611805542445087003e+00
3.057119611687890703e+00 -3.602951719104844130e+00
3.137570127784940599e+00 -3.601610767284311176e+00
3.218020643881990495e+00 -3.589589881376058944e+00
3.298471159979039946e+00 -3.551870099626231791e+00
3.378921676076090286e+00 -3.499982616828174020e+00
3.459372192173139737e+00 -3.504837270694503015e+00
3.539822708270189189e+00 -3.538782521019946170e+00
3.620273224367239528e+00 -3.569796736361606992e+00
3.700723740464288980e+00 -3.578404366162781791e+00
3.781174256561339320e+00 -3.549764544429992785e+00
3.861624772658388771e+00 -3.517621657022325099e+00
3.942075288755438223e+00 -3.497543846979098703e+00
4.022525804852488562e+00 -3.510349208274511579e+00
4.102976320949538014e+00 -3.539594137679010100e+00
4.183426837046588354e+00 -3.537691708832391591e+00
4.263877353143637805e+00 -3.492313023145752648e+00
4.344327869240687257e+00 -3.460236746676652153e+00
4.424778385337737596e+00 -3.466501042376959330e+00
4.505228901434787048e+00 -3.488774650061781557e+00
4.585679417531836499e+00 -3.521744764839405573e+00
4.666129933628886839e+00 -3.565392185369803624e+00
4.746580449725936290e+00 -3.583532603780453130e+00
4.827030965822985742e+00 -3.575355133619170012e+00
4.907481481920036082e+00 -3.573837641433098788e+00
4.987931998017085533e+00 -3.558687929569870345e+00
5.068382514114135873e+00 -3.523344035260621787e+00
5.148833030211185324e+00 -3.513444333030176114e+00
5.229283546308234776e+00 -3.519186160893198245e+00
5.309734062405285115e+00 -3.505635178633941695e+00
5.390184578502334567e+00 -3.507600067108400665e+00
5.470635094599384018e+00 -3.487295996209179627e+00
5.551085610696433470e+00 -3.477257962184220119e+00
5.631536126793483810e+00 -3.511042661311475133e+00
5.711986642890533261e+00 -3.551379238130188742e+00
5.792437158987582713e+00 -3.552358368826260104e+00
5.872887675084633052e+00 -3.520664080670579565e+00
5.953338191181682504e+00 -3.491567089373407651e+00
6.033788707278731955e+00 -3.485078548805513154e+00
6.114239223375781407e+00 -3.467831828581393161e+00
6.194689739472831747e+00 -3.455863784862469146e+00
6.275140255569881198e+00 -3.468321609765715685e+00
6.355590771666931538e+00 -3.495376107839188506e+00
6.436041287763980989e+00 -3.515288089394359439e+00
6.516491803861030441e+00 -3.506111547078254898e+00
6.596942319958079892e+00 -3.483541911195384255e+00
6.677392836055131120e+00 -3.480429825305479952e+00
6.757843352152180572e+00 -3.492571781930155606e+00
6.838293868249230023e+00 -3.511088976793840910e+00
6.918744384346279475e+00 -3.517785878896542595e+00
6.999194900443328926e+00 -3.529395287120975055e+00
7.079645416540378378e+00 -3.544666379952024826e+00
7.160095932637429605e+00 -3.594818816401956774e+00
7.240546448734479057e+00 -3.622753838719405373e+00
7.320996964831528508e+00 -3.596301541865313478e+00
7.401447480928577960e+00 -3.547348213069647649e+00
7.481897997025627411e+00 -3.515065679707602531e+00
7.562348513122678639e+00 -3.504880959210603386e+00
7.642799029219728091e+00 -3.495500444353117242e+00
7.723249545316777542e+00 -3.513484422431218501e+00
7.803700061413826994e+00 -3.546546958279481743e+00
7.884150577510876445e+00 -3.564595230508884161e+00
7.964601093607927673e+00 -3.575368277167084496e+00
8.045051609704977125e+00 -3.559514443891729663e+00
8.125502125802025688e+00 -3.535972429189529365e+00
8.205952641899076028e+00 -3.541106974757506798e+00
8.286403157996124591e+00 -3.569980938062694342e+00
8.366853674093176707e+00 -3.615671756463321618e+00
8.447304190190225270e+00 -3.632652906048635444e+00
8.527754706287275610e+00 -3.621918873419841756e+00
8.608205222384324173e+00 -3.606801906616802000e+00
8.688655738481374513e+00 -3.593774690473638067e+00
8.769106254578423076e+00 -3.599681858100687304e+00
8.849556770675475192e+00 -3.617345055211828253e+00
8.930007286772523756e+00 -3.632644294196674561e+00
9.010457802869574095e+00 -3.638782833209514678e+00
9.090908318966622659e+00 -3.634629668421248461e+00
9.171358835063672998e+00 -3.627136024912958501e+00
9.251809351160723338e+00 -3.622269826670002857e+00
9.332259867257773678e+00 -3.616079722624968795e+00
9.412710383354822241e+00 -3.605778046071761445e+00
9.493160899451872581e+00 -3.603578439243117160e+00
9.573611415548921144e+00 -3.579927517334811959e+00
9.654061931645971484e+00 -3.575414063080880833e+00
9.734512447743021823e+00 -3.588087355964821867e+00
9.814962963840072163e+00 -3.612981520414331627e+00
9.895413479937120727e+00 -3.632989790204888880e+00
9.975863996034171066e+00 -3.645443952406115518e+00
1.005631451213121963e+01 -3.661053386075417304e+00
1.013676502822827175e+01 -3.673446119927010312e+00
1.021721554432532031e+01 -3.681160981727903181e+00
1.029766606042237065e+01 -3.669858580036922557e+00
