0.000000000000000000e+00 -1.549019599857431873e-01
8.045051609704977069e-02 -1.934117274530666730e-01
1.609010321940995414e-01 -5.536771970791176667e-01
2.413515482911492982e-01 -1.632358759676439064e+00
3.218020643881990828e-01 -2.417526743305693504e+00
4.022525804852488118e-01 -2.363057184129364607e+00
4.827030965822985964e-01 -2.655167177031978909e+00
5.631536126793483810e-01 -3.113677491360884009e+00
6.436041287763981655e-01 -3.524420375727648214e+00
7.240546448734478391e-01 -3.826326745441526178e+00
8.045051609704976237e-01 -3.887807042797632118e+00
8.849556770675472972e-01 -3.903752743117785418e+00
9.654061931645971928e-01 -3.885989794141729181e+00
1.045856709261647088e+00 -3.840306447053510652e+00
1.126307225358696762e+00 -3.778464822338023499e+00
1.206757741455746435e+00 -3.727426410373615884e+00
1.287208257552796331e+00 -3.711179289770244250e+00
1.367658773649846005e+00 -3.739894006723239794e+00
1.448109289746895678e+00 -3.702763854070156402e+00
1.528559805843945352e+00 -3.573161013437785805e+00
1.609010321940995247e+00 -3.390821734995235204e+00
1.689460838038045143e+00 -3.243482829214670460e+00
1.769911354135094594e+00 -3.094970506529725718e+00
1.850361870232144490e+00 -2.986753845331671986e+00
1.930812386329194386e+00 -2.921123237311605614e+00
2.011262902426244281e+00 -2.912989271429431870e+00
2.091713418523294177e+00 -2.961373897947242817e+00
2.172163934620343628e+00 -3.041027574855731608e+00
2.252614450717393524e+00 -3.133877324633441486e+00
2.333064966814443419e+00 -3.220043506942106504e+00
2.413515482911492871e+00 -3.286827486560722544e+00
2.493965999008542767e+00 -3.369699541701529633e+00
2.574416515105592662e+00 -3.426876253787374260e+00
2.654867031202642558e+00 -3.470225345703546793e+00
2.735317547299692009e+00 -3.502311302316797992e+00
2.815768063396741905e+00 -3.506819643083721516e+00
2.896218579493791356e+00 -3.509631468774814689e+00
2.976669095590841252e+00 -3.525660418898370452e+00
3.057119611687890703e+00 -3.546685230974632841e+00
3.137570127784940599e+00 -3.539333314178862544e+00
3.218020643881990495e+00 -3.508270654761625806e+00
3.298471159979039946e+00 -3.482236828970638243e+00
3.378921676076090286e+00 -3.497769174577608720e+00
3.459372192173139737e+00 -3.518778992437261444e+00
3.539822708270189189e+00 -3.497339755053705979e+00
3.620273224367239528e+00 -3.483956946014258982e+00
3.700723740464288980e+00 -3.504506335471640810e+00
3.781174256561339320e+00 -3.525603488425211207e+00
3.861624772658388771e+00 -3.523220374543108324e+00
3.942075288755438223e+00 -3.505290316308579346e+00
4.022525804852488562e+00 -3.503873164252088390e+00
4.102976320949538014e+00 -3.500694616756995448e+00
4.183426837046588354e+00 -3.477988811650980061e+00
4.263877353143637805e+00 -3.489110095758082508e+00
4.344327869240687257e+00 -3.493440319201984057e+00
4.424778385337737596e+00 -3.488881631971007646e+00
4.505228901434787048e+00 -3.466948944700343205e+00
4.585679417531836499e+00 -3.459103820015695607e+00
4.666129933628886839e+00 -3.442886715910548290e+00
4.746580449725936290e+00 -3.452962863317265541e+00
4.827030965822985742e+00 -3.479879532326068947e+00
4.907481481920036082e+00 -3.541687997494024298e+00
4.987931998017085533e+00 -3.558631933362395916e+00
5.068382514114135873e+00 -3.547429206793122791e+00
5.148833030211185324e+00 -3.521144433710829968e+00
5.229283546308234776e+00 -3.499379872046332274e+00
5.309734062405285115e+00 -3.471876201994422040e+00
5.390184578502334567e+00 -3.454104598735983078e+00
5.470635094599384018e+00 -3.441126562165362390e+00
5.551085610696433470e+00 -3.439047094235996749e+00
5.631536126793483810e+00 -3.443099177619477480e+00
5.711986642890533261e+00 -3.471034350566467364e+00
5.792437158987582713e+00 -3.513860877283944362e+00
5.872887675084633052e+00 -3.521937819189729701e+00
5.953338191181682504e+00 -3.529936560727499284e+00
6.033788707278731955e+00 -3.537508433774005479e+00
6.114239223375781407e+00 -3.543471797878218865e+00
6.194689739472831747e+00 -3.545094120263414972e+00
6.275140255569881198e+00 -3.551298437651620787e+00
6.355590771666931538e+00 -3.557172707358162711e+00
6.436041287763980989e+00 -3.565906511948495172e+00
6.516491803861030441e+00 -3.573828571485687000e+00
6.596942319958079892e+00 -3.562384070495699717e+00
6.677392836055131120e+00 -3.559977058033160446e+00
6.757843352152180572e+00 -3.538700589167008026e+00
6.838293868249230023e+00 -3.503724538806995081e+00
6.918744384346279475e+00 -3.495479271292828649e+00
6.999194900443328926e+00 -3.517675226254600940e+00
7.079645416540378378e+00 -3.523023286219600703e+00
7.160095932637429605e+00 -3.494791572818636283e+00
7.240546448734479057e+00 -3.488297811536833049e+00
7.320996964831528508e+00 -3.521480090753966063e+00
7.401447480928577960e+00 -3.530271168493116285e+00
7.481897997025627411e+00 -3.533439229007124371e+00
7.562348513122678639e+00 -3.541199819964385487e+00
7.642799029219728091e+00 -3.572012009048021408e+00
7.723249545316777542e+00 -3.569693364022682225e+00
7.803700061413826994e+00 -3.573231446347012508e+00
7.884150577510876445e+00 -3.569618866996830508e+00
7.964601093607927673e+00 -3.583448596694045030e+00
8.045051609704977125e+00 -3.598473828652329676e+00
8.125502125802025688e+00 -3.623287131390243054e+00
8.205952641899076028e+00 -3.639121812643206777e+00
8.286403157996124591e+00 -3.614392783230981898e+00
8.366853674093176707e+00 -3.564746492890668694e+00
8.447304190190225270e+00 -3.541694794163016358e+00
8.527754706287275610e+00 -3.541781845089631009e+00
8.608205222384324173e+00 -3.543445200852343380e+00
8.688655738481374513e+00 -3.529442116868724444e+00
8.769106254578423076e+00 -3.528652060647874400e+00
8.849556770675475192e+00 -3.552765487664252486e+00
8.930007286772523756e+00 -3.591552200171721498e+00
9.010457802869574095e+00 -3.611415552735362855e+00
9.090908318966622659e+00 -3.624732440023184399e+00
9.171358835063672998e+00 -3.616642153757265277e+00
9.251809351160723338e+00 -3.615743078664685584e+00
9.332259867257773678e+00 -3.612019443281468956e+00
9.412710383354822241e+00 -3.626478688252555482e+00
9.493160899451872581e+00 -3.649409776126431471e+00
9.573611415548921144e+00 -3.670315483823132663e+00
9.654061931645971484e+00 -3.635415361292312575e+00
9.734512447743021823e+00 -3.616682483948819193e+00
9.814962963840072163e+00 -3.614382241893486114e+00
9.895413479937120727e+00 -3.643890571877528295e+00
9.975863996034171066e+00 -3.665011996968128294e+00
1.005631451213121963e+01 -3.683323556690674572e+00
1.013676502822827175e+01 -3.682926610482873286e+00
1.021721554432532031e+01 -3.682363181082277226e+00
1.029766606042237065e+01 -3.690525296273317934e+00
