0.000000000000000000e+00 -1.549019599857431873e-01
8.045051609704977069e-02 -1.871499270832114592e-01
1.609010321940995414e-01 -5.067399862727944848e-01
2.413515482911492982e-01 -1.986237689460993661e+00
3.218020643881990828e-01 -3.206124031149905740e+00
4.022525804852488118e-01 -3.025802576041586089e+00
4.827030965822985964e-01 -2.947397921293984258e+00
5.631536126793483810e-01 -3.142046572399439963e+00
6.436041287763981655e-01 -3.368001857231247342e+00
7.240546448734478391e-01 -3.496959620393449875e+00
8.045051609704976237e-01 -3.607317095360973447e+00
8.849556770675472972e-01 -3.693755159588356207e+00
9.654061931645971928e-01 -3.705195794803149312e+00
1.045856709261647088e+00 -3.723910159592955349e+00
1.126307225358696762e+00 -3.703183173262095451e+00
1.206757741455746435e+00 -3.654419780313970634e+00
1.287208257552796331e+00 -3.643665472892898993e+00
1.367658773649846005e+00 -3.635571823714074391e+00
1.448109289746895678e+00 -3.593248847114826283e+00
1.528559805843945352e+00 -3.590630233422376971e+00
1.609010321940995247e+00 -3.583637942121622899e+00
1.689460838038045143e+00 -3.499393921840783239e+00
1.769911354135094594e+00 -3.345731258261986252e+00
1.850361870232144490e+00 -3.234432735966914496e+00
1.930812386329194386e+00 -3.142038013712321831e+00
2.011262902426244281e+00 -3.083898237865129399e+00
2.091713418523294177e+00 -3.110225743679353005e+00
2.172163934620343628e+00 -3.152904718871361922e+00
2.252614450717393524e+00 -3.215922558416059562e+00
2.333064966814443419e+00 -3.252120251780182603e+00
2.413515482911492871e+00 -3.342133676058129943e+00
2.493965999008542767e+00 -3.440122004651327892e+00
2.574416515105592662e+00 -3.500597025166816589e+00
2.654867031202642558e+00 -3.549207591737099321e+00
2.735317547299692009e+00 -3.595871428882376541e+00
2.815768063396741905e+00 -3.613233764985636309e+00
2.896218579493791356e+00 -3.585471216981292564e+00
2.976669095590841252e+00 -3.546251295286463545e+00
3.057119611687890703e+00 -3.538227865580615195e+00
3.137570127784940599e+00 -3.562479041430682170e+00
3.218020643881990495e+00 -3.589897819822186253e+00
3.298471159979039946e+00 -3.586611070895243003e+00
3.378921676076090286e+00 -3.565756854601133785e+00
3.459372192173139737e+00 -3.530861814559082656e+00
3.539822708270189189e+00 -3.501484679855217053e+00
3.620273224367239528e+00 -3.464536376166056808e+00
3.700723740464288980e+00 -3.429162096334377186e+00
3.781174256561339320e+00 -3.411443100058803690e+00
3.861624772658388771e+00 -3.422135830868018758e+00
3.942075288755438223e+00 -3.439809745064034363e+00
4.022525804852488562e+00 -3.458182541508086683e+00
4.102976320949538014e+00 -3.455753198660273640e+00
4.183426837046588354e+00 -3.454562776803564272e+00
4.263877353143637805e+00 -3.452561175132110804e+00
4.344327869240687257e+00 -3.471012801452450613e+00
4.424778385337737596e+00 -3.523309110111963793e+00
4.505228901434787048e+00 -3.568207585867161580e+00
4.585679417531836499e+00 -3.592240338624411056e+00
4.666129933628886839e+00 -3.567258007798203678e+00
4.746580449725936290e+00 -3.544824275443612560e+00
4.827030965822985742e+00 -3.532735573581163635e+00
4.907481481920036082e+00 -3.521296312182140120e+00
4.987931998017085533e+00 -3.506651869605037941e+00
5.068382514114135873e+00 -3.500603240218426837e+00
5.148833030211185324e+00 -3.537402921989602156e+00
5.229283546308234776e+00 -3.554316362805310714e+00
5.309734062405285115e+00 -3.568952758309329898e+00
5.390184578502334567e+00 -3.562915590091732199e+00
5.470635094599384018e+00 -3.532808020224266432e+00
5.551085610696433470e+00 -3.495846312439627290e+00
5.631536126793483810e+00 -3.513625019536146699e+00
5.711986642890533261e+00 -3.574879468040242259e+00
5.792437158987582713e+00 -3.596785275779072144e+00
5.872887675084633052e+00 -3.553492390095721820e+00
5.953338191181682504e+00 -3.500564164505308273e+00
6.033788707278731955e+00 -3.465258466156305062e+00
6.114239223375781407e+00 -3.456377870513343886e+00
6.194689739472831747e+00 -3.461214157577646056e+00
6.275140255569881198e+00 -3.471065038139349301e+00
6.355590771666931538e+00 -3.510598520143197732e+00
6.436041287763980989e+00 -3.553729268460242618e+00
6.516491803861030441e+00 -3.550403109893331521e+00
6.596942319958079892e+00 -3.554415984155991026e+00
6.677392836055131120e+00 -3.575253531179533262e+00
6.757843352152180572e+00 -3.588856740105021981e+00
6.838293868249230023e+00 -3.585388798082424167e+00
6.918744384346279475e+00 -3.572341582979490671e+00
6.999194900443328926e+00 -3.557971468357122635e+00
7.079645416540378378e+00 -3.554386189392310769e+00
7.160095932637429605e+00 -3.559719708670886273e+00
7.240546448734479057e+00 -3.563281335246940795e+00
7.320996964831528508e+00 -3.546927938708281047e+00
7.401447480928577960e+00 -3.540508323234312638e+00
7.481897997025627411e+00 -3.570585536866269560e+00
7.562348513122678639e+00 -3.582152129095149018e+00
7.642799029219728091e+00 -3.548525941774734349e+00
7.723249545316777542e+00 -3.526941110866939955e+00
7.803700061413826994e+00 -3.528542858787420133e+00
7.884150577510876445e+00 -3.560666529079687948e+00
7.964601093607927673e+00 -3.598660390897969297e+00
8.045051609704977125e+00 -3.609853279461626041e+00
8.125502125802025688e+00 -3.610261198860941434e+00
8.205952641899076028e+00 -3.600847184467153017e+00
8.286403157996124591e+00 -3.577938654090890402e+00
8.366853674093176707e+00 -3.552493191719606980e+00
8.447304190190225270e+00 -3.555634109089639061e+00
8.527754706287275610e+00 -3.560041749995937810e+00
8.608205222384324173e+00 -3.562328496195716010e+00
8.688655738481374513e+00 -3.570450259976485352e+00
8.769106254578423076e+00 -3.599913851172943158e+00
8.849556770675475192e+00 -3.605335987904652928e+00
8.930007286772523756e+00 -3.593859762873788721e+00
9.010457802869574095e+00 -3.587760212666708526e+00
9.090908318966622659e+00 -3.586151313725361334e+00
9.171358835063672998e+00 -3.608465700202304394e+00
9.251809351160723338e+00 -3.610003165909450029e+00
9.332259867257773678e+00 -3.604782046314737087e+00
9.412710383354822241e+00 -3.596823060897374358e+00
9.493160899451872581e+00 -3.597244055286529019e+00
9.573611415548921144e+00 -3.595750632679134640e+00
9.654061931645971484e+00 -3.588206503304329775e+00
9.734512447743021823e+00 -3.580656437044910767e+00
9.814962963840072163e+00 -3.600270664029495915e+00
9.895413479937120727e+00 -3.649120248364864150e+00
9.975863996034171066e+00 -3.686585989485955395e+00
1.005631451213121963e+01 -3.680439969532773858e+00
1.013676502822827175e+01 -3.665687362377135994e+00
1.021721554432532031e+01 -3.666717071130099370e+00
1.029766606042237065e+01 -3.669075432155666672e+00
