0.000000000000000000e+00 -1.549019599857431873e-01
8.045051609704977069e-02 -1.857068359242639577e-01
1.609010321940995414e-01 -4.944449082229021020e-01
2.413515482911492982e-01 -1.333445353808091705e+00
3.218020643881990828e-01 -1.900470765499133963e+00
4.022525804852488118e-01 -2.099404257495905313e+00
4.827030965822985964e-01 -2.300221622831984281e+00
5.631536126793483810e-01 -2.583995300202622136e+00
6.436041287763981655e-01 -2.717832822201458054e+00
7.240546448734478391e-01 -2.754565862613107985e+00
8.045051609704976237e-01 -2.898627681664333711e+00
8.849556770675472972e-01 -3.179959176157864498e+00
9.654061931645971928e-01 -3.388430227727061261e+00
1.045856709261647088e+00 -3.429531873077815707e+00
1.126307225358696762e+00 -3.427835513194055661e+00
1.206757741455746435e+00 -3.407733111715147256e+00
1.287208257552796331e+00 -3.396206393954222413e+00
1.367658773649846005e+00 -3.367301633744204992e+00
1.448109289746895678e+00 -3.253981512300899492e+00
1.528559805843945352e+00 -3.114342079022990983e+00
1.609010321940995247e+00 -3.015777642582197160e+00
1.689460838038045143e+00 -2.949358722193806681e+00
1.769911354135094594e+00 -2.860780464571735848e+00
1.850361870232144490e+00 -2.834082582320933685e+00
1.930812386329194386e+00 -2.799420703799720744e+00
2.011262902426244281e+00 -2.747532538489970477e+00
2.091713418523294177e+00 -2.752706384355902536e+00
2.172163934620343628e+00 -2.712536569641279094e+00
2.252614450717393524e+00 -2.711467725802504170e+00
2.333064966814443419e+00 -2.764636449776456395e+00
2.413515482911492871e+00 -2.836892443453228996e+00
2.493965999008542767e+00 -2.900323096703484538e+00
2.574416515105592662e+00 -2.939170553334342184e+00
2.654867031202642558e+00 -2.958631710417351623e+00
2.735317547299692009e+00 -2.969908243572831452e+00
2.815768063396741905e+00 -2.963079237332510552e+00
2.896218579493791356e+00 -2.958987709980169356e+00
2.976669095590841252e+00 -2.991944425004988251e+00
3.057119611687890703e+00 -3.015694739291028714e+00
3.137570127784940599e+00 -3.031030641013467530e+00
3.218020643881990495e+00 -3.046829925626477920e+00
3.298471159979039946e+00 -3.067681401445246259e+00
3.378921676076090286e+00 -3.112871128338036364e+00
3.459372192173139737e+00 -3.129898712133359684e+00
3.539822708270189189e+00 -3.124848752741954172e+00
3.620273224367239528e+00 -3.116844278266466262e+00
3.700723740464288980e+00 -3.130632206708287235e+00
3.781174256561339320e+00 -3.134665531827663276e+00
3.861624772658388771e+00 -3.159588919437351873e+00
3.942075288755438223e+00 -3.156816430502209503e+00
4.022525804852488562e+00 -3.138375803754630766e+00
4.102976320949538014e+00 -3.141566846480726927e+00
4.183426837046588354e+00 -3.156149320055748664e+00
4.263877353143637805e+00 -3.167607119585642117e+00
4.344327869240687257e+00 -3.163069454136123504e+00
4.424778385337737596e+00 -3.143910210334569300e+00
4.505228901434787048e+00 -3.123582887363279159e+00
4.585679417531836499e+00 -3.117788016590550715e+00
4.666129933628886839e+00 -3.115210092271492925e+00
4.746580449725936290e+00 -3.124908365642652619e+00
4.827030965822985742e+00 -3.169133531944728688e+00
4.907481481920036082e+00 -3.176624679223330805e+00
4.987931998017085533e+00 -3.165294330401460687e+00
5.068382514114135873e+00 -3.158186282061480110e+00
5.148833030211185324e+00 -3.185794591861196956e+00
5.229283546308234776e+00 -3.193801024306426317e+00
5.309734062405285115e+00 -3.200822372995083764e+00
5.390184578502334567e+00 -3.217545458524147417e+00
5.470635094599384018e+00 -3.210423316933797899e+00
5.551085610696433470e+00 -3.185795330235369427e+00
5.631536126793483810e+00 -3.187419633234215954e+00
5.711986642890533261e+00 -3.200781251079427570e+00
5.792437158987582713e+00 -3.176159578758940061e+00
5.872887675084633052e+00 -3.153034701672415174e+00
5.953338191181682504e+00 -3.172563008062610379e+00
6.033788707278731955e+00 -3.209817841590679510e+00
6.114239223375781407e+00 -3.214737521176499691e+00
6.194689739472831747e+00 -3.215301016715453652e+00
6.275140255569881198e+00 -3.233175609025098041e+00
6.355590771666931538e+00 -3.227366767214623788e+00
6.436041287763980989e+00 -3.193673082405143582e+00
6.516491803861030441e+00 -3.189094806487295930e+00
6.596942319958079892e+00 -3.221246510988951428e+00
6.677392836055131120e+00 -3.232398403697812395e+00
6.757843352152180572e+00 -3.223537449508874886e+00
6.838293868249230023e+00 -3.192341932818666184e+00
6.918744384346279475e+00 -3.185282349154999082e+00
6.999194900443328926e+00 -3.194648341511167278e+00
7.079645416540378378e+00 -3.188089244565397884e+00
7.160095932637429605e+00 -3.184381923226287991e+00
7.240546448734479057e+00 -3.179824932343305210e+00
7.320996964831528508e+00 -3.177553769956421803e+00
7.401447480928577960e+00 -3.187906711266045523e+00
7.481897997025627411e+00 -3.193576591408668897e+00
7.562348513122678639e+00 -3.183912657378317856e+00
7.642799029219728091e+00 -3.201633893781893114e+00
7.723249545316777542e+00 -3.230352416647977343e+00
7.803700061413826994e+00 -3.233437398943303620e+00
7.884150577510876445e+00 -3.227377570094072556e+00
7.964601093607927673e+00 -3.202072152287272822e+00
8.045051609704977125e+00 -3.151147529697267746e+00
8.125502125802025688e+00 -3.134819927978224730e+00
8.205952641899076028e+00 -3.186219327854301842e+00
8.286403157996124591e+00 -3.215253430698563175e+00
8.366853674093176707e+00 -3.203305666327289636e+00
8.447304190190225270e+00 -3.208097615133428171e+00
8.527754706287275610e+00 -3.219135072080946181e+00
8.608205222384324173e+00 -3.211048911332103462e+00
8.688655738481374513e+00 -3.188297648016586550e+00
8.769106254578423076e+00 -3.200391871474462580e+00
8.849556770675475192e+00 -3.236082967700301793e+00
8.930007286772523756e+00 -3.253329986660270734e+00
9.010457802869574095e+00 -3.273120893374283025e+00
9.090908318966622659e+00 -3.283764102631812509e+00
9.171358835063672998e+00 -3.270317424738065082e+00
9.251809351160723338e+00 -3.245010155102335592e+00
9.332259867257773678e+00 -3.244888233741815675e+00
9.412710383354822241e+00 -3.265774018990575733e+00
9.493160899451872581e+00 -3.264355520853604364e+00
9.573611415548921144e+00 -3.242228145263729822e+00
9.654061931645971484e+00 -3.236535898857483939e+00
9.734512447743021823e+00 -3.255039824576958729e+00
9.814962963840072163e+00 -3.276371666393045334e+00
9.895413479937120727e+00 -3.285739224245306733e+00
9.975863996034171066e+00 -3.288036548704952544e+00
1.005631451213121963e+01 -3.285568199273752210e+00
1.013676502822827175e+01 -3.282507182875982643e+00
1.021721554432532031e+01 -3.291813951582500675e+00
1.029766606042237065e+01 -3.285235817266828118e+00
