0.000000000000000000e+00 -1.549019599857431873e-01
8.045051609704977069e-02 -3.952232268524252246e-01
1.609010321940995414e-01 -1.261514176963180356e+00
2.413515482911492982e-01 -3.939939703434041540e+00
3.218020643881990828e-01 -4.275985928433114758e+00
4.022525804852488118e-01 -4.033295654194317237e+00
4.827030965822985964e-01 -4.511722815423833133e+00
5.631536126793483810e-01 -5.551184582126750477e+00
6.436041287763981655e-01 -6.149455295760316353e+00
7.240546448734478391e-01 -6.269409966091600950e+00
8.045051609704976237e-01 -6.348092001563164111e+00
8.849556770675472972e-01 -6.460769930376804915e+00
9.654061931645971928e-01 -6.577050144147216670e+00
1.045856709261647088e+00 -6.636737154454810828e+00
1.126307225358696762e+00 -6.658775511203104180e+00
1.206757741455746435e+00 -6.718276496630585903e+00
1.287208257552796331e+00 -6.747193497002110796e+00
1.367658773649846005e+00 -6.719506170561666991e+00
1.448109289746895678e+00 -6.563200326353954672e+00
1.528559805843945352e+00 -6.254297994547849626e+00
1.609010321940995247e+00 -5.929029285305666974e+00
1.689460838038045143e+00 -5.687786936832737616e+00
1.769911354135094594e+00 -5.572737387369604889e+00
1.850361870232144490e+00 -5.498613867058558036e+00
1.930812386329194386e+00 -5.439023984005085133e+00
2.011262902426244281e+00 -5.385983926111477693e+00
2.091713418523294177e+00 -5.286404003750388547e+00
2.172163934620343628e+00 -5.260238922486487390e+00
2.252614450717393524e+00 -5.382266068519009572e+00
2.333064966814443419e+00 -5.593190011487657820e+00
2.413515482911492871e+00 -5.711378667337222659e+00
2.493965999008542767e+00 -5.815295518020778154e+00
2.574416515105592662e+00 -5.976387258637259947e+00
2.654867031202642558e+00 -6.019907991306819639e+00
2.735317547299692009e+00 -6.081490170545153617e+00
2.815768063396741905e+00 -6.172164325209618774e+00
2.896218579493791356e+00 -6.143830822411565862e+00
2.976669095590841252e+00 -6.151417395034560087e+00
3.057119611687890703e+00 -6.198180146669709956e+00
3.137570127784940599e+00 -6.198497410180260125e+00
3.218020643881990495e+00 -6.136867251978281423e+00
3.298471159979039946e+00 -6.041369821893992409e+00
3.378921676076090286e+00 -6.067607218577792061e+00
3.459372192173139737e+00 -6.109462151453729284e+00
3.539822708270189189e+00 -6.153197248688919707e+00
3.620273224367239528e+00 -6.186763175378129809e+00
3.700723740464288980e+00 -6.183639914214758448e+00
3.781174256561339320e+00 -6.200239602743844003e+00
3.861624772658388771e+00 -6.281793458558963650e+00
3.942075288755438223e+00 -6.321941726529796135e+00
4.022525804852488562e+00 -6.303094978362544509e+00
4.102976320949538014e+00 -6.297611120216487279e+00
4.183426837046588354e+00 -6.293762627614881033e+00
4.263877353143637805e+00 -6.311768469346499266e+00
4.344327869240687257e+00 -6.331610694085547664e+00
4.424778385337737596e+00 -6.309973104944584854e+00
4.505228901434787048e+00 -6.265328919488029946e+00
4.585679417531836499e+00 -6.276355219322995893e+00
4.666129933628886839e+00 -6.255494604853459428e+00
4.746580449725936290e+00 -6.245759294659989358e+00
4.827030965822985742e+00 -6.234919899696213186e+00
4.907481481920036082e+00 -6.277403950706792024e+00
4.987931998017085533e+00 -6.287162313307576689e+00
5.068382514114135873e+00 -6.264026733238447164e+00
5.148833030211185324e+00 -6.239354617670937131e+00
5.229283546308234776e+00 -6.258323371889875197e+00
5.309734062405285115e+00 -6.262711449266944896e+00
5.390184578502334567e+00 -6.290045682933739890e+00
5.470635094599384018e+00 -6.335246326414002205e+00
5.551085610696433470e+00 -6.378425773864979220e+00
5.631536126793483810e+00 -6.442213669559304634e+00
5.711986642890533261e+00 -6.440169811067535832e+00
5.792437158987582713e+00 -6.393598306431640843e+00
5.872887675084633052e+00 -6.340648288633897955e+00
5.953338191181682504e+00 -6.287988065977633489e+00
6.033788707278731955e+00 -6.250651798046228613e+00
6.114239223375781407e+00 -6.253029833766929890e+00
6.194689739472831747e+00 -6.272358576956986731e+00
6.275140255569881198e+00 -6.285413835545010208e+00
6.355590771666931538e+00 -6.278575358248055238e+00
6.436041287763980989e+00 -6.242404074933047831e+00
6.516491803861030441e+00 -6.221689696404335557e+00
6.596942319958079892e+00 -6.202999985369445746e+00
6.677392836055131120e+00 -6.216546920921668828e+00
6.757843352152180572e+00 -6.249534067091612854e+00
6.838293868249230023e+00 -6.313112684956101894e+00
6.918744384346279475e+00 -6.375560471303258758e+00
6.999194900443328926e+00 -6.363611298050895648e+00
7.079645416540378378e+00 -6.300488599005834800e+00
7.160095932637429605e+00 -6.268133381611925792e+00
7.240546448734479057e+00 -6.305157874580653576e+00
7.320996964831528508e+00 -6.359037833213407431e+00
7.401447480928577960e+00 -6.371269403103799078e+00
7.481897997025627411e+00 -6.330995812956617286e+00
7.562348513122678639e+00 -6.348601712086014537e+00
7.642799029219728091e+00 -6.425284408474137621e+00
7.723249545316777542e+00 -6.476604096066396643e+00
7.803700061413826994e+00 -6.440836983346104994e+00
7.884150577510876445e+00 -6.383605140623118679e+00
7.964601093607927673e+00 -6.370940047233886183e+00
8.045051609704977125e+00 -6.391352365953023806e+00
8.125502125802025688e+00 -6.430421200985120045e+00
8.205952641899076028e+00 -6.389143042827637231e+00
8.286403157996124591e+00 -6.377004229684104075e+00
8.366853674093176707e+00 -6.416072364172600295e+00
8.447304190190225270e+00 -6.478560970553462361e+00
8.527754706287275610e+00 -6.487700852483845537e+00
8.608205222384324173e+00 -6.467243961258493101e+00
8.688655738481374513e+00 -6.398811731576176776e+00
8.769106254578423076e+00 -6.366645752649900736e+00
8.849556770675475192e+00 -6.382600450453885799e+00
8.930007286772523756e+00 -6.419076203470907238e+00
9.010457802869574095e+00 -6.409803406854195806e+00
9.090908318966622659e+00 -6.425201129029977309e+00
9.171358835063672998e+00 -6.450332034826612215e+00
9.251809351160723338e+00 -6.431426221026701029e+00
9.332259867257773678e+00 -6.423244292090661389e+00
9.412710383354822241e+00 -6.420723999820751260e+00
9.493160899451872581e+00 -6.472911223143594128e+00
9.573611415548921144e+00 -6.528982636719717014e+00
9.654061931645971484e+00 -6.538053001262031927e+00
9.734512447743021823e+00 -6.512002751967028047e+00
9.814962963840072163e+00 -6.519024363842627956e+00
9.895413479937120727e+00 -6.583425123651289290e+00
9.975863996034171066e+00 -6.592148294781324580e+00
1.005631451213121963e+01 -6.550752401193968844e+00
1.013676502822827175e+01 -6.532454609432194914e+00
1.021721554432532031e+01 -6.558876108608580502e+00
1.029766606042237065e+01 -6.575758617363832492e+00
