0.000000000000000000e+00 -1.549019599857431873e-01
8.045051609704977069e-02 -1.988296245863882816e-01
1.609010321940995414e-01 -5.563097076074152714e-01
2.413515482911492982e-01 -1.453874844742016226e+00
3.218020643881990828e-01 -1.718445821879283519e+00
4.022525804852488118e-01 -1.743863215863146410e+00
4.827030965822985964e-01 -1.975684936806320291e+00
5.631536126793483810e-01 -2.511994044270835502e+00
6.436041287763981655e-01 -3.007033807949519133e+00
7.240546448734478391e-01 -3.158158047396856016e+00
8.045051609704976237e-01 -3.232123989096539862e+00
8.849556770675472972e-01 -3.326378037895429074e+00
9.654061931645971928e-01 -3.416880220763036213e+00
1.045856709261647088e+00 -3.468275774459196548e+00
1.126307225358696762e+00 -3.453276161313504122e+00
1.206757741455746435e+00 -3.364961702285610201e+00
1.287208257552796331e+00 -3.272630731689158967e+00
1.367658773649846005e+00 -3.150426284275795297e+00
1.448109289746895678e+00 -3.082583399403052038e+00
1.528559805843945352e+00 -3.008456204383954891e+00
1.609010321940995247e+00 -2.916324600801917910e+00
1.689460838038045143e+00 -2.852230369154651335e+00
1.769911354135094594e+00 -2.807287557664804645e+00
1.850361870232144490e+00 -2.743331480520773802e+00
1.930812386329194386e+00 -2.641063030919577947e+00
2.011262902426244281e+00 -2.604625415436416347e+00
2.091713418523294177e+00 -2.645278426866457089e+00
2.172163934620343628e+00 -2.713805517502890119e+00
2.252614450717393524e+00 -2.735238639381989412e+00
2.333064966814443419e+00 -2.749197338592024753e+00
2.413515482911492871e+00 -2.795745532375421227e+00
2.493965999008542767e+00 -2.895348504561448877e+00
2.574416515105592662e+00 -2.984590089691958603e+00
2.654867031202642558e+00 -3.014813183203500113e+00
2.735317547299692009e+00 -3.037869607697608831e+00
2.815768063396741905e+00 -3.054604480988039494e+00
2.896218579493791356e+00 -3.046726789367236954e+00
2.976669095590841252e+00 -3.056554567925864774e+00
3.057119611687890703e+00 -3.090710892350868377e+00
3.137570127784940599e+00 -3.087748562927221219e+00
3.218020643881990495e+00 -3.057430313109518849e+00
3.298471159979039946e+00 -3.047485342856695478e+00
3.378921676076090286e+00 -3.064913361401875314e+00
3.459372192173139737e+00 -3.087029219702341010e+00
3.539822708270189189e+00 -3.115675065091994878e+00
3.620273224367239528e+00 -3.102169888852065682e+00
3.700723740464288980e+00 -3.086087272281630600e+00
3.781174256561339320e+00 -3.102654825083805523e+00
3.861624772658388771e+00 -3.144727488842078866e+00
3.942075288755438223e+00 -3.165238403911632137e+00
4.022525804852488562e+00 -3.160306983005640280e+00
4.102976320949538014e+00 -3.163616720565521234e+00
4.183426837046588354e+00 -3.168607388394646396e+00
4.263877353143637805e+00 -3.162450705277144447e+00
4.344327869240687257e+00 -3.130209865657204382e+00
4.424778385337737596e+00 -3.120433494707065769e+00
4.505228901434787048e+00 -3.137692000172693341e+00
4.585679417531836499e+00 -3.174493836324240981e+00
4.666129933628886839e+00 -3.166421862609240634e+00
4.746580449725936290e+00 -3.129871129535088503e+00
4.827030965822985742e+00 -3.116978056561646504e+00
4.907481481920036082e+00 -3.129667802767461815e+00
4.987931998017085533e+00 -3.126123572876657875e+00
5.068382514114135873e+00 -3.112686213636353116e+00
5.148833030211185324e+00 -3.128358394578619972e+00
5.229283546308234776e+00 -3.124248329254315948e+00
5.309734062405285115e+00 -3.122644027918957566e+00
5.390184578502334567e+00 -3.136202000995805150e+00
5.470635094599384018e+00 -3.159003292743562064e+00
5.551085610696433470e+00 -3.186289160601649684e+00
5.631536126793483810e+00 -3.181445548225877218e+00
5.711986642890533261e+00 -3.187529700607482752e+00
5.792437158987582713e+00 -3.187128019051058470e+00
5.872887675084633052e+00 -3.173448213036816234e+00
5.953338191181682504e+00 -3.175931851594142152e+00
6.033788707278731955e+00 -3.195380374185654571e+00
6.114239223375781407e+00 -3.205172515785004617e+00
6.194689739472831747e+00 -3.157820391875536981e+00
6.275140255569881198e+00 -3.121623154999643379e+00
6.355590771666931538e+00 -3.138369799422175088e+00
6.436041287763980989e+00 -3.170701160860494916e+00
6.516491803861030441e+00 -3.199878300594910296e+00
6.596942319958079892e+00 -3.226723051647396812e+00
6.677392836055131120e+00 -3.214728540297172366e+00
6.757843352152180572e+00 -3.177718853052721837e+00
6.838293868249230023e+00 -3.145527455159824459e+00
6.918744384346279475e+00 -3.156547791162703565e+00
6.999194900443328926e+00 -3.175020803223243870e+00
7.079645416540378378e+00 -3.168411973555686600e+00
7.160095932637429605e+00 -3.147745493740316203e+00
7.240546448734479057e+00 -3.150845741274323153e+00
7.320996964831528508e+00 -3.195182394527467995e+00
7.401447480928577960e+00 -3.220877612957462777e+00
7.481897997025627411e+00 -3.219001881241144503e+00
7.562348513122678639e+00 -3.219940071855509789e+00
7.642799029219728091e+00 -3.236079526130481110e+00
7.723249545316777542e+00 -3.255925460241544389e+00
7.803700061413826994e+00 -3.271556775232296044e+00
7.884150577510876445e+00 -3.260141015098577899e+00
7.964601093607927673e+00 -3.230790562253672782e+00
8.045051609704977125e+00 -3.185847869967870061e+00
8.125502125802025688e+00 -3.176248037851199246e+00
8.205952641899076028e+00 -3.195041047601842266e+00
8.286403157996124591e+00 -3.222349266078600394e+00
8.366853674093176707e+00 -3.215918205976257660e+00
8.447304190190225270e+00 -3.189585637269555463e+00
8.527754706287275610e+00 -3.166660189350692267e+00
8.608205222384324173e+00 -3.186255741494305571e+00
8.688655738481374513e+00 -3.195162389463595876e+00
8.769106254578423076e+00 -3.207038003575442886e+00
8.849556770675475192e+00 -3.225230415110742932e+00
8.930007286772523756e+00 -3.254063104815750229e+00
9.010457802869574095e+00 -3.256996363130409744e+00
9.090908318966622659e+00 -3.256409446241082861e+00
9.171358835063672998e+00 -3.252816822351257908e+00
9.251809351160723338e+00 -3.261358835724561533e+00
9.332259867257773678e+00 -3.278257037532306128e+00
9.412710383354822241e+00 -3.283813431226933588e+00
9.493160899451872581e+00 -3.291440883152424668e+00
9.573611415548921144e+00 -3.274665903318469073e+00
9.654061931645971484e+00 -3.270632491218837146e+00
9.734512447743021823e+00 -3.266499307411895092e+00
9.814962963840072163e+00 -3.269841742812779728e+00
9.895413479937120727e+00 -3.276721717207118800e+00
9.975863996034171066e+00 -3.288580222451431112e+00
1.005631451213121963e+01 -3.288565413714419350e+00
1.013676502822827175e+01 -3.285608253887128960e+00
1.021721554432532031e+01 -3.288877368165713744e+00
1.029766606042237065e+01 -3.300661738579982796e+00
