0.000000000000000000e+00 -1.549019599857431873e-01
8.045051609704977069e-02 -2.041584587851708044e-01
1.609010321940995414e-01 -5.332300404954496420e-01
2.413515482911492982e-01 -1.598485439126632768e+00
3.218020643881990828e-01 -2.229937445936292395e+00
4.022525804852488118e-01 -2.359372712359300017e+00
4.827030965822985964e-01 -2.538023658465234700e+00
5.631536126793483810e-01 -2.792325398688414673e+00
6.436041287763981655e-01 -2.981328835967138158e+00
7.240546448734478391e-01 -3.046946239458146355e+00
8.045051609704976237e-01 -3.161481561166751053e+00
8.849556770675472972e-01 -3.287028762302704354e+00
9.654061931645971928e-01 -3.384186053927466631e+00
1.045856709261647088e+00 -3.420450258307396574e+00
1.126307225358696762e+00 -3.430667119666913401e+00
1.206757741455746435e+00 -3.446333226755867951e+00
1.287208257552796331e+00 -3.443692908132992780e+00
1.367658773649846005e+00 -3.418341707412777986e+00
1.448109289746895678e+00 -3.356868293298074235e+00
1.528559805843945352e+00 -3.268780535617390903e+00
1.609010321940995247e+00 -3.161505942258099111e+00
1.689460838038045143e+00 -3.088150799413200698e+00
1.769911354135094594e+00 -2.988184839002427040e+00
1.850361870232144490e+00 -2.893350933768262578e+00
1.930812386329194386e+00 -2.761420116759626175e+00
2.011262902426244281e+00 -2.662957181651615546e+00
2.091713418523294177e+00 -2.652176194950028432e+00
2.172163934620343628e+00 -2.690991909109285540e+00
2.252614450717393524e+00 -2.750609849137321650e+00
2.333064966814443419e+00 -2.805952595289219698e+00
2.413515482911492871e+00 -2.894232320092569921e+00
2.493965999008542767e+00 -2.986132689590058398e+00
2.574416515105592662e+00 -3.046791262692998270e+00
2.654867031202642558e+00 -3.058649062540058416e+00
2.735317547299692009e+00 -3.024550638337866637e+00
2.815768063396741905e+00 -3.025786125356101142e+00
2.896218579493791356e+00 -3.063145412127533440e+00
2.976669095590841252e+00 -3.102280303584802557e+00
3.057119611687890703e+00 -3.102365559225384484e+00
3.137570127784940599e+00 -3.103849982427637322e+00
3.218020643881990495e+00 -3.102536554053421103e+00
3.298471159979039946e+00 -3.125467804582013898e+00
3.378921676076090286e+00 -3.137020306746406639e+00
3.459372192173139737e+00 -3.143100617211080472e+00
3.539822708270189189e+00 -3.121560851437222173e+00
3.620273224367239528e+00 -3.069783266659317889e+00
3.700723740464288980e+00 -3.038683779614880898e+00
3.781174256561339320e+00 -3.028050116246002510e+00
3.861624772658388771e+00 -3.028239079006525891e+00
3.942075288755438223e+00 -3.045955198285798193e+00
4.022525804852488562e+00 -3.087657877171043008e+00
4.102976320949538014e+00 -3.139122197646107004e+00
4.183426837046588354e+00 -3.134924108490881434e+00
4.263877353143637805e+00 -3.108771527864016004e+00
4.344327869240687257e+00 -3.107839907104265276e+00
4.424778385337737596e+00 -3.142359653218269155e+00
4.505228901434787048e+00 -3.174041415527431909e+00
4.585679417531836499e+00 -3.178551659956164954e+00
4.666129933628886839e+00 -3.144651774180878601e+00
4.746580449725936290e+00 -3.108653610321067351e+00
4.827030965822985742e+00 -3.110887213809577556e+00
4.907481481920036082e+00 -3.135097260069894087e+00
4.987931998017085533e+00 -3.165739199556611094e+00
5.068382514114135873e+00 -3.193222644564379209e+00
5.148833030211185324e+00 -3.192974814793056115e+00
5.229283546308234776e+00 -3.200999191505726760e+00
5.309734062405285115e+00 -3.208820084061132061e+00
5.390184578502334567e+00 -3.193820463670082876e+00
5.470635094599384018e+00 -3.175202608563560958e+00
5.551085610696433470e+00 -3.189665668036443247e+00
5.631536126793483810e+00 -3.209499058666037019e+00
5.711986642890533261e+00 -3.219757228448715036e+00
5.792437158987582713e+00 -3.252009301642504902e+00
5.872887675084633052e+00 -3.261685648399007320e+00
5.953338191181682504e+00 -3.227544972694950332e+00
6.033788707278731955e+00 -3.219166328487036211e+00
6.114239223375781407e+00 -3.222916706023975841e+00
6.194689739472831747e+00 -3.218397029002070919e+00
6.275140255569881198e+00 -3.188741194388102329e+00
6.355590771666931538e+00 -3.181346174335521582e+00
6.436041287763980989e+00 -3.194749971477172323e+00
6.516491803861030441e+00 -3.178588397007672928e+00
6.596942319958079892e+00 -3.175233796605050784e+00
6.677392836055131120e+00 -3.159715965514968250e+00
6.757843352152180572e+00 -3.133855002828205727e+00
6.838293868249230023e+00 -3.138014051847328290e+00
6.918744384346279475e+00 -3.170470546205597540e+00
6.999194900443328926e+00 -3.187759336357761875e+00
7.079645416540378378e+00 -3.174489135181968180e+00
7.160095932637429605e+00 -3.169366127178931958e+00
7.240546448734479057e+00 -3.191755831061591220e+00
7.320996964831528508e+00 -3.229704358100934147e+00
7.401447480928577960e+00 -3.224741984931725369e+00
7.481897997025627411e+00 -3.204026661556370836e+00
7.562348513122678639e+00 -3.196583125962077609e+00
7.642799029219728091e+00 -3.167824026956632455e+00
7.723249545316777542e+00 -3.151187296926370784e+00
7.803700061413826994e+00 -3.160242236831460438e+00
7.884150577510876445e+00 -3.164815249625381632e+00
7.964601093607927673e+00 -3.151115797687941367e+00
8.045051609704977125e+00 -3.135865722243351694e+00
8.125502125802025688e+00 -3.135602730434813523e+00
8.205952641899076028e+00 -3.171423072804437027e+00
8.286403157996124591e+00 -3.210793655727450346e+00
8.366853674093176707e+00 -3.229488345975487729e+00
8.447304190190225270e+00 -3.219158966530325738e+00
8.527754706287275610e+00 -3.225927386543436803e+00
8.608205222384324173e+00 -3.235512865340365085e+00
8.688655738481374513e+00 -3.236249790454581277e+00
8.769106254578423076e+00 -3.235936784878619576e+00
8.849556770675475192e+00 -3.245120526394928984e+00
8.930007286772523756e+00 -3.265988808597095616e+00
9.010457802869574095e+00 -3.277770490163665063e+00
9.090908318966622659e+00 -3.261300868663899344e+00
9.171358835063672998e+00 -3.259277229547617338e+00
9.251809351160723338e+00 -3.264061152336568128e+00
9.332259867257773678e+00 -3.258760247104079966e+00
9.412710383354822241e+00 -3.229962817474224313e+00
9.493160899451872581e+00 -3.209191616397212510e+00
9.573611415548921144e+00 -3.231177799473175849e+00
9.654061931645971484e+00 -3.266421167016851701e+00
9.734512447743021823e+00 -3.294523959865193863e+00
9.814962963840072163e+00 -3.294632303152110975e+00
9.895413479937120727e+00 -3.293327070492891639e+00
9.975863996034171066e+00 -3.296213150195713038e+00
1.005631451213121963e+01 -3.298704935426473028e+00
1.013676502822827175e+01 -3.300082923000408286e+00
1.021721554432532031e+01 -3.296013166087459201e+00
1.029766606042237065e+01 -3.305279115753082309e+00
