0.000000000000000000e+00 -1.549019599857431873e-01
8.045051609704977069e-02 -2.112611078916417362e-01
1.609010321940995414e-01 -5.986259087550144242e-01
2.413515482911492982e-01 -1.664594286651312594e+00
3.218020643881990828e-01 -1.950187000619098665e+00
4.022525804852488118e-01 -1.939789335426369554e+00
4.827030965822985964e-01 -2.213876949120047399e+00
5.631536126793483810e-01 -2.621637349269074768e+00
6.436041287763981655e-01 -2.895168133182273174e+00
7.240546448734478391e-01 -2.994559750465064063e+00
8.045051609704976237e-01 -3.106021281457262084e+00
8.849556770675472972e-01 -3.220288266168594760e+00
9.654061931645971928e-01 -3.361772517902952728e+00
1.045856709261647088e+00 -3.448856493492263198e+00
1.126307225358696762e+00 -3.390341055898823175e+00
1.206757741455746435e+00 -3.305403946452997843e+00
1.287208257552796331e+00 -3.287689032383817711e+00
1.367658773649846005e+00 -3.277706476067407948e+00
1.448109289746895678e+00 -3.261202832429096699e+00
1.528559805843945352e+00 -3.253296329124563790e+00
1.609010321940995247e+00 -3.227582702516116342e+00
1.689460838038045143e+00 -3.101962474839605299e+00
1.769911354135094594e+00 -2.943974458902894220e+00
1.850361870232144490e+00 -2.828112891361316272e+00
1.930812386329194386e+00 -2.782813546347533862e+00
2.011262902426244281e+00 -2.748439420001564493e+00
2.091713418523294177e+00 -2.711288197271826572e+00
2.172163934620343628e+00 -2.711839779919366311e+00
2.252614450717393524e+00 -2.758684257413073659e+00
2.333064966814443419e+00 -2.862357343920562514e+00
2.413515482911492871e+00 -2.948472689842390970e+00
2.493965999008542767e+00 -2.977295253289431010e+00
2.574416515105592662e+00 -2.987275565634833097e+00
2.654867031202642558e+00 -3.023399309738519225e+00
2.735317547299692009e+00 -3.071469867818852784e+00
2.815768063396741905e+00 -3.111216569834644563e+00
2.896218579493791356e+00 -3.177551813660554725e+00
2.976669095590841252e+00 -3.209893577573305290e+00
3.057119611687890703e+00 -3.174523345553410092e+00
3.137570127784940599e+00 -3.111151058260785529e+00
3.218020643881990495e+00 -3.092506813159524803e+00
3.298471159979039946e+00 -3.101693068354699712e+00
3.378921676076090286e+00 -3.110162365879434176e+00
3.459372192173139737e+00 -3.085889070269949297e+00
3.539822708270189189e+00 -3.053363095963451457e+00
3.620273224367239528e+00 -3.058290486085354143e+00
3.700723740464288980e+00 -3.089862291058021349e+00
3.781174256561339320e+00 -3.137890750989304589e+00
3.861624772658388771e+00 -3.156309874117386727e+00
3.942075288755438223e+00 -3.139195562484338176e+00
4.022525804852488562e+00 -3.126898022146932021e+00
4.102976320949538014e+00 -3.119813519603276131e+00
4.183426837046588354e+00 -3.105340631407929042e+00
4.263877353143637805e+00 -3.093214129597246398e+00
4.344327869240687257e+00 -3.100868893772445567e+00
4.424778385337737596e+00 -3.147493479314898757e+00
4.505228901434787048e+00 -3.208327455361068115e+00
4.585679417531836499e+00 -3.222963749611313489e+00
4.666129933628886839e+00 -3.217870067893411345e+00
4.746580449725936290e+00 -3.228107078449100165e+00
4.827030965822985742e+00 -3.227758398352269076e+00
4.907481481920036082e+00 -3.219655179886886209e+00
4.987931998017085533e+00 -3.207901597844772024e+00
5.068382514114135873e+00 -3.214668067662438844e+00
5.148833030211185324e+00 -3.207777038644743062e+00
5.229283546308234776e+00 -3.177597779006241296e+00
5.309734062405285115e+00 -3.136003352496406382e+00
5.390184578502334567e+00 -3.127114475836684893e+00
5.470635094599384018e+00 -3.128541922395093433e+00
5.551085610696433470e+00 -3.124577090198277673e+00
5.631536126793483810e+00 -3.140018398495343810e+00
5.711986642890533261e+00 -3.165844794594172118e+00
5.792437158987582713e+00 -3.157348207083742420e+00
5.872887675084633052e+00 -3.125368039048696200e+00
5.953338191181682504e+00 -3.110166509542758195e+00
6.033788707278731955e+00 -3.137215896478374511e+00
6.114239223375781407e+00 -3.172171289749054601e+00
6.194689739472831747e+00 -3.187174315597371077e+00
6.275140255569881198e+00 -3.205783550718937391e+00
6.355590771666931538e+00 -3.213003105980441809e+00
6.436041287763980989e+00 -3.195144280513672275e+00
6.516491803861030441e+00 -3.204541513335138703e+00
6.596942319958079892e+00 -3.219323400247886546e+00
6.677392836055131120e+00 -3.224248345219349776e+00
6.757843352152180572e+00 -3.192331668788025212e+00
6.838293868249230023e+00 -3.163747696347029681e+00
6.918744384346279475e+00 -3.153987920811878176e+00
6.999194900443328926e+00 -3.167506773854922741e+00
7.079645416540378378e+00 -3.175859676078901739e+00
7.160095932637429605e+00 -3.177043626827097622e+00
7.240546448734479057e+00 -3.221236653927179727e+00
7.320996964831528508e+00 -3.274083190169643220e+00
7.401447480928577960e+00 -3.266950443477781629e+00
7.481897997025627411e+00 -3.221110741434572766e+00
7.562348513122678639e+00 -3.209688179329722502e+00
7.642799029219728091e+00 -3.218763852595268649e+00
7.723249545316777542e+00 -3.217209505113026946e+00
7.803700061413826994e+00 -3.201931801188828697e+00
7.884150577510876445e+00 -3.194653016917965882e+00
7.964601093607927673e+00 -3.207059371102605638e+00
8.045051609704977125e+00 -3.238039001649844373e+00
8.125502125802025688e+00 -3.265127544890298328e+00
8.205952641899076028e+00 -3.266181968041298234e+00
8.286403157996124591e+00 -3.263250743952451849e+00
8.366853674093176707e+00 -3.242712045882258032e+00
8.447304190190225270e+00 -3.238789236261873317e+00
8.527754706287275610e+00 -3.228252702195366197e+00
8.608205222384324173e+00 -3.210420815313374643e+00
8.688655738481374513e+00 -3.211729425880278654e+00
8.769106254578423076e+00 -3.218783069052607360e+00
8.849556770675475192e+00 -3.229177929287037951e+00
8.930007286772523756e+00 -3.235633578954583811e+00
9.010457802869574095e+00 -3.253502358603814759e+00
9.090908318966622659e+00 -3.269923971111697192e+00
9.171358835063672998e+00 -3.270417466582612676e+00
9.251809351160723338e+00 -3.264801285925397867e+00
9.332259867257773678e+00 -3.268380047638144603e+00
9.412710383354822241e+00 -3.275901008319385355e+00
9.493160899451872581e+00 -3.281761925172877792e+00
9.573611415548921144e+00 -3.282421157570539538e+00
9.654061931645971484e+00 -3.274217012369937674e+00
9.734512447743021823e+00 -3.287329548564335902e+00
9.814962963840072163e+00 -3.298967847859022751e+00
9.895413479937120727e+00 -3.286983239347855079e+00
9.975863996034171066e+00 -3.270091530922654144e+00
1.005631451213121963e+01 -3.284733554421613633e+00
1.013676502822827175e+01 -3.313887739433761581e+00
1.021721554432532031e+01 -3.324485371391007860e+00
1.029766606042237065e+01 -3.327489072389564928e+00
