0.000000000000000000e+00 -1.549019599857431873e-01
8.045051609704977069e-02 -1.930839393720931163e-01
1.609010321940995414e-01 -5.448628046243449985e-01
2.413515482911492982e-01 -1.544370919543980314e+00
3.218020643881990828e-01 -2.147650723521892679e+00
4.022525804852488118e-01 -2.153605222472440683e+00
4.827030965822985964e-01 -2.364866701963352913e+00
5.631536126793483810e-01 -2.682623562011300145e+00
6.436041287763981655e-01 -2.877607078103353810e+00
7.240546448734478391e-01 -2.997338843055840751e+00
8.045051609704976237e-01 -3.122327564426059077e+00
8.849556770675472972e-01 -3.288126466736609910e+00
9.654061931645971928e-01 -3.405702773315680609e+00
1.045856709261647088e+00 -3.421812520709115013e+00
1.126307225358696762e+00 -3.382958106919727648e+00
1.206757741455746435e+00 -3.384347487509019370e+00
1.287208257552796331e+00 -3.327414418036073851e+00
1.367658773649846005e+00 -3.258616307995361172e+00
1.448109289746895678e+00 -3.219359648096270732e+00
1.528559805843945352e+00 -3.159140476555204025e+00
1.609010321940995247e+00 -3.027368149365369021e+00
1.689460838038045143e+00 -2.890639195019561125e+00
1.769911354135094594e+00 -2.813025455031031630e+00
1.850361870232144490e+00 -2.785246063929688987e+00
1.930812386329194386e+00 -2.686152557505462557e+00
2.011262902426244281e+00 -2.584261460364244645e+00
2.091713418523294177e+00 -2.549832703509181453e+00
2.172163934620343628e+00 -2.608371366655527268e+00
2.252614450717393524e+00 -2.696253783912423874e+00
2.333064966814443419e+00 -2.776414208798552163e+00
2.413515482911492871e+00 -2.798002090505943951e+00
2.493965999008542767e+00 -2.864892205658613022e+00
2.574416515105592662e+00 -2.966240593138444570e+00
2.654867031202642558e+00 -3.054285871895786375e+00
2.735317547299692009e+00 -3.084340853806216032e+00
2.815768063396741905e+00 -3.097670292818242910e+00
2.896218579493791356e+00 -3.122318873635345327e+00
2.976669095590841252e+00 -3.115601676624311978e+00
3.057119611687890703e+00 -3.125512685558115678e+00
3.137570127784940599e+00 -3.154575911288088896e+00
3.218020643881990495e+00 -3.152866881957791190e+00
3.298471159979039946e+00 -3.113505512239520101e+00
3.378921676076090286e+00 -3.108543715956125553e+00
3.459372192173139737e+00 -3.116607241529465000e+00
3.539822708270189189e+00 -3.145382464742894957e+00
3.620273224367239528e+00 -3.124355192145275684e+00
3.700723740464288980e+00 -3.062835605351600599e+00
3.781174256561339320e+00 -3.018100161238649548e+00
3.861624772658388771e+00 -3.000784605832364615e+00
3.942075288755438223e+00 -2.995374157358789535e+00
4.022525804852488562e+00 -2.990205946910587720e+00
4.102976320949538014e+00 -3.016364938035149823e+00
4.183426837046588354e+00 -3.035537811509015249e+00
4.263877353143637805e+00 -3.062928904619626636e+00
4.344327869240687257e+00 -3.085431161488261687e+00
4.424778385337737596e+00 -3.097124313561762765e+00
4.505228901434787048e+00 -3.102100949492056170e+00
4.585679417531836499e+00 -3.114894692065810933e+00
4.666129933628886839e+00 -3.131917898489430030e+00
4.746580449725936290e+00 -3.126819611518419695e+00
4.827030965822985742e+00 -3.128918616421268784e+00
4.907481481920036082e+00 -3.148501235656044450e+00
4.987931998017085533e+00 -3.169647726605484106e+00
5.068382514114135873e+00 -3.184485548753414719e+00
5.148833030211185324e+00 -3.185866429622460139e+00
5.229283546308234776e+00 -3.177252858829383797e+00
5.309734062405285115e+00 -3.155192582636613619e+00
5.390184578502334567e+00 -3.153697717956146729e+00
5.470635094599384018e+00 -3.188070887439426571e+00
5.551085610696433470e+00 -3.217536752825202573e+00
5.631536126793483810e+00 -3.202114918146336198e+00
5.711986642890533261e+00 -3.167205212319884833e+00
5.792437158987582713e+00 -3.124699245402474013e+00
5.872887675084633052e+00 -3.112874457558989061e+00
5.953338191181682504e+00 -3.131112673188077622e+00
6.033788707278731955e+00 -3.134725451371241700e+00
6.114239223375781407e+00 -3.119509601865506188e+00
6.194689739472831747e+00 -3.134193387685319188e+00
6.275140255569881198e+00 -3.152632513499267652e+00
6.355590771666931538e+00 -3.177459011838184022e+00
6.436041287763980989e+00 -3.175330910111517912e+00
6.516491803861030441e+00 -3.163150159652482252e+00
6.596942319958079892e+00 -3.171041312340187268e+00
6.677392836055131120e+00 -3.206893624043498203e+00
6.757843352152180572e+00 -3.215891681038214767e+00
6.838293868249230023e+00 -3.187078594732399850e+00
6.918744384346279475e+00 -3.144431928995918391e+00
6.999194900443328926e+00 -3.145419714314555470e+00
7.079645416540378378e+00 -3.185435692360998328e+00
7.160095932637429605e+00 -3.215918337375514025e+00
7.240546448734479057e+00 -3.230467993585009800e+00
7.320996964831528508e+00 -3.217377176697585828e+00
7.401447480928577960e+00 -3.198910294736914572e+00
7.481897997025627411e+00 -3.186900770982022735e+00
7.562348513122678639e+00 -3.164132769624208752e+00
7.642799029219728091e+00 -3.153544375069377459e+00
7.723249545316777542e+00 -3.164722784839082870e+00
7.803700061413826994e+00 -3.191762201649405384e+00
7.884150577510876445e+00 -3.201883176712762680e+00
7.964601093607927673e+00 -3.205511348774085167e+00
8.045051609704977125e+00 -3.202255692913690499e+00
8.125502125802025688e+00 -3.190867373459721712e+00
8.205952641899076028e+00 -3.170043321639626654e+00
8.286403157996124591e+00 -3.137390581136361600e+00
8.366853674093176707e+00 -3.134961111830674607e+00
8.447304190190225270e+00 -3.166758568777819249e+00
8.527754706287275610e+00 -3.184649771491119719e+00
8.608205222384324173e+00 -3.185822921718905132e+00
8.688655738481374513e+00 -3.180885184902895624e+00
8.769106254578423076e+00 -3.181314479029019537e+00
8.849556770675475192e+00 -3.186212282840236387e+00
8.930007286772523756e+00 -3.200113617291773682e+00
9.010457802869574095e+00 -3.199192450205149196e+00
9.090908318966622659e+00 -3.209020253519375920e+00
9.171358835063672998e+00 -3.234238207760005590e+00
9.251809351160723338e+00 -3.243716278484291671e+00
9.332259867257773678e+00 -3.214934474376520690e+00
9.412710383354822241e+00 -3.194105699588162484e+00
9.493160899451872581e+00 -3.203076710238018876e+00
9.573611415548921144e+00 -3.220916358923862965e+00
9.654061931645971484e+00 -3.217885846655720528e+00
9.734512447743021823e+00 -3.217825453547269898e+00
9.814962963840072163e+00 -3.222247358127797501e+00
9.895413479937120727e+00 -3.235723702850485051e+00
9.975863996034171066e+00 -3.260609711115025622e+00
1.005631451213121963e+01 -3.268828182940016092e+00
1.013676502822827175e+01 -3.275155398409927976e+00
1.021721554432532031e+01 -3.276940137850652857e+00
1.029766606042237065e+01 -3.275528453515946570e+00
