0.000000000000000000e+00 -1.549019599857431873e-01
8.045051609704977069e-02 -2.040912517212596367e-01
1.609010321940995414e-01 -6.147849664164208860e-01
2.413515482911492982e-01 -1.465606980541143578e+00
3.218020643881990828e-01 -1.530881819760429918e+00
4.022525804852488118e-01 -1.590660417026484419e+00
4.827030965822985964e-01 -1.889375706214644124e+00
5.631536126793483810e-01 -2.537758641065475551e+00
6.436041287763981655e-01 -2.742840204413059091e+00
7.240546448734478391e-01 -2.775958697099513373e+00
8.045051609704976237e-01 -2.983290006932993510e+00
8.849556770675472972e-01 -3.246365950748419937e+00
9.654061931645971928e-01 -3.333637000070419187e+00
1.045856709261647088e+00 -3.306979691114176667e+00
1.126307225358696762e+00 -3.348659570829173759e+00
1.206757741455746435e+00 -3.406925461257685583e+00
1.287208257552796331e+00 -3.352065150549767836e+00
1.367658773649846005e+00 -3.207085187348472921e+00
1.448109289746895678e+00 -3.092758369076300085e+00
1.528559805843945352e+00 -3.082441829708999492e+00
1.609010321940995247e+00 -3.056583942217940830e+00
1.689460838038045143e+00 -2.995626314010114477e+00
1.769911354135094594e+00 -2.916020196271736253e+00
1.850361870232144490e+00 -2.810091935855840273e+00
1.930812386329194386e+00 -2.732065508117340613e+00
2.011262902426244281e+00 -2.718588985005865322e+00
2.091713418523294177e+00 -2.689686211788943293e+00
2.172163934620343628e+00 -2.706210965323806228e+00
2.252614450717393524e+00 -2.740912548625643375e+00
2.333064966814443419e+00 -2.749361483244964877e+00
2.413515482911492871e+00 -2.772561371735560165e+00
2.493965999008542767e+00 -2.870745376950715411e+00
2.574416515105592662e+00 -2.968707373863676224e+00
2.654867031202642558e+00 -3.048163661736650543e+00
2.735317547299692009e+00 -3.131476651341524864e+00
2.815768063396741905e+00 -3.140816813220536297e+00
2.896218579493791356e+00 -3.103329210076171130e+00
2.976669095590841252e+00 -3.091788601731408015e+00
3.057119611687890703e+00 -3.117319946565474620e+00
3.137570127784940599e+00 -3.123868484904901432e+00
3.218020643881990495e+00 -3.075097844528372537e+00
3.298471159979039946e+00 -3.030300584402207509e+00
3.378921676076090286e+00 -3.039465728039452586e+00
3.459372192173139737e+00 -3.083193118814961053e+00
3.539822708270189189e+00 -3.103142316510662635e+00
3.620273224367239528e+00 -3.105854455275012249e+00
3.700723740464288980e+00 -3.140191271585237143e+00
3.781174256561339320e+00 -3.124422205134075536e+00
3.861624772658388771e+00 -3.127943562460205218e+00
3.942075288755438223e+00 -3.115969688359100154e+00
4.022525804852488562e+00 -3.095838196949446619e+00
4.102976320949538014e+00 -3.119489568595505524e+00
4.183426837046588354e+00 -3.166510030931440678e+00
4.263877353143637805e+00 -3.167801464154420543e+00
4.344327869240687257e+00 -3.178519962575634850e+00
4.424778385337737596e+00 -3.224333453986790499e+00
4.505228901434787048e+00 -3.241562697621089395e+00
4.585679417531836499e+00 -3.209183846117182881e+00
4.666129933628886839e+00 -3.178597222533980027e+00
4.746580449725936290e+00 -3.188270336413703276e+00
4.827030965822985742e+00 -3.172637808695604633e+00
4.907481481920036082e+00 -3.125167585818456217e+00
4.987931998017085533e+00 -3.100110388767491454e+00
5.068382514114135873e+00 -3.101252473654126263e+00
5.148833030211185324e+00 -3.121348858845026886e+00
5.229283546308234776e+00 -3.148931087533057838e+00
5.309734062405285115e+00 -3.152631661285628883e+00
5.390184578502334567e+00 -3.145082572608070670e+00
5.470635094599384018e+00 -3.159984806970983051e+00
5.551085610696433470e+00 -3.209949441580064455e+00
5.631536126793483810e+00 -3.237703764632095194e+00
5.711986642890533261e+00 -3.212912065893646307e+00
5.792437158987582713e+00 -3.156907673310772378e+00
5.872887675084633052e+00 -3.144855211101661663e+00
5.953338191181682504e+00 -3.160299509168112753e+00
6.033788707278731955e+00 -3.154834912249360634e+00
6.114239223375781407e+00 -3.159259308071655781e+00
6.194689739472831747e+00 -3.161084730262419207e+00
6.275140255569881198e+00 -3.168859662937423050e+00
6.355590771666931538e+00 -3.172421939453361261e+00
6.436041287763980989e+00 -3.185020332532312981e+00
6.516491803861030441e+00 -3.176258119331594187e+00
6.596942319958079892e+00 -3.140218656331128955e+00
6.677392836055131120e+00 -3.134379468391424339e+00
6.757843352152180572e+00 -3.175424723201323296e+00
6.838293868249230023e+00 -3.226092527491744910e+00
6.918744384346279475e+00 -3.229240913210315256e+00
6.999194900443328926e+00 -3.195620209474590911e+00
7.079645416540378378e+00 -3.130631119481991576e+00
7.160095932637429605e+00 -3.136777435919326340e+00
7.240546448734479057e+00 -3.156295375420048011e+00
7.320996964831528508e+00 -3.147611342985076721e+00
7.401447480928577960e+00 -3.151428545794285441e+00
7.481897997025627411e+00 -3.163219899000449420e+00
7.562348513122678639e+00 -3.184626514086860816e+00
7.642799029219728091e+00 -3.180060728574817919e+00
7.723249545316777542e+00 -3.159002427994887618e+00
7.803700061413826994e+00 -3.164242875553219481e+00
7.884150577510876445e+00 -3.191149138636615312e+00
7.964601093607927673e+00 -3.218796933244118641e+00
8.045051609704977125e+00 -3.223109826968079350e+00
8.125502125802025688e+00 -3.199497416307243824e+00
8.205952641899076028e+00 -3.186086201321853384e+00
8.286403157996124591e+00 -3.190516010619264264e+00
8.366853674093176707e+00 -3.184991409806678497e+00
8.447304190190225270e+00 -3.174191080469672244e+00
8.527754706287275610e+00 -3.184382753311332692e+00
8.608205222384324173e+00 -3.215738127391702061e+00
8.688655738481374513e+00 -3.254093951472219803e+00
8.769106254578423076e+00 -3.282175522087353858e+00
8.849556770675475192e+00 -3.305910347985340891e+00
8.930007286772523756e+00 -3.294833598240708206e+00
9.010457802869574095e+00 -3.261259063628305643e+00
9.090908318966622659e+00 -3.252032667141690592e+00
9.171358835063672998e+00 -3.268299745985584259e+00
9.251809351160723338e+00 -3.274753115378620016e+00
9.332259867257773678e+00 -3.271823002412443060e+00
9.412710383354822241e+00 -3.264292963651784785e+00
9.493160899451872581e+00 -3.260532161407693863e+00
9.573611415548921144e+00 -3.272690497261948384e+00
9.654061931645971484e+00 -3.279532544117446324e+00
9.734512447743021823e+00 -3.283460083220951287e+00
9.814962963840072163e+00 -3.316089759238375123e+00
9.895413479937120727e+00 -3.337247996318809307e+00
9.975863996034171066e+00 -3.340979562521899648e+00
1.005631451213121963e+01 -3.320407675820688631e+00
1.013676502822827175e+01 -3.288388354067407704e+00
1.021721554432532031e+01 -3.279778584817324205e+00
1.029766606042237065e+01 -3.290251012544898934e+00
