0.000000000000000000e+00 -1.549019599857431873e-01
8.045051609704977069e-02 -1.973271837244967575e-01
1.609010321940995414e-01 -5.879737910411360069e-01
2.413515482911492982e-01 -1.773289906980519026e+00
3.218020643881990828e-01 -2.064854250974238692e+00
4.022525804852488118e-01 -1.978212839903297882e+00
4.827030965822985964e-01 -2.166470269174929353e+00
5.631536126793483810e-01 -2.498796827326166259e+00
6.436041287763981655e-01 -2.716003981668519529e+00
7.240546448734478391e-01 -2.865528190932458585e+00
8.045051609704976237e-01 -3.047603076159747015e+00
8.849556770675472972e-01 -3.219245623887529550e+00
9.654061931645971928e-01 -3.294550248334374487e+00
1.045856709261647088e+00 -3.327713347165876634e+00
1.126307225358696762e+00 -3.344740969664024011e+00
1.206757741455746435e+00 -3.364823797999954902e+00
1.287208257552796331e+00 -3.361662307497067292e+00
1.367658773649846005e+00 -3.292883680487984854e+00
1.448109289746895678e+00 -3.203376915561739757e+00
1.528559805843945352e+00 -3.119596567199641957e+00
1.609010321940995247e+00 -3.035784107929291764e+00
1.689460838038045143e+00 -2.982968946413366407e+00
1.769911354135094594e+00 -2.984008828514884026e+00
1.850361870232144490e+00 -2.951201729391928819e+00
1.930812386329194386e+00 -2.847635316375405790e+00
2.011262902426244281e+00 -2.771893428078570309e+00
2.091713418523294177e+00 -2.735172358046771723e+00
2.172163934620343628e+00 -2.667987684866411691e+00
2.252614450717393524e+00 -2.657217400630610626e+00
2.333064966814443419e+00 -2.737559294662486042e+00
2.413515482911492871e+00 -2.828538753467174871e+00
2.493965999008542767e+00 -2.899373864172156701e+00
2.574416515105592662e+00 -2.929873551521378516e+00
2.654867031202642558e+00 -2.944578554040167440e+00
2.735317547299692009e+00 -2.990013220459104559e+00
2.815768063396741905e+00 -3.058262799205944571e+00
2.896218579493791356e+00 -3.053576012783016047e+00
2.976669095590841252e+00 -3.000376958849094944e+00
3.057119611687890703e+00 -2.966121016589860826e+00
3.137570127784940599e+00 -2.986637028914754577e+00
3.218020643881990495e+00 -3.021060447129408466e+00
3.298471159979039946e+00 -3.027402966083215574e+00
3.378921676076090286e+00 -3.040322246423001751e+00
3.459372192173139737e+00 -3.071801874806772137e+00
3.539822708270189189e+00 -3.082719259726510508e+00
3.620273224367239528e+00 -3.072297605169631129e+00
3.700723740464288980e+00 -3.028021115238997307e+00
3.781174256561339320e+00 -2.992590675000531775e+00
3.861624772658388771e+00 -2.967350952968515809e+00
3.942075288755438223e+00 -3.012507143564591594e+00
4.022525804852488562e+00 -3.066599185417765216e+00
4.102976320949538014e+00 -3.090696022648317776e+00
4.183426837046588354e+00 -3.088752826818331076e+00
4.263877353143637805e+00 -3.086617179825769774e+00
4.344327869240687257e+00 -3.081185103205504650e+00
4.424778385337737596e+00 -3.098599740376554834e+00
4.505228901434787048e+00 -3.108117541896717739e+00
4.585679417531836499e+00 -3.119367343050919228e+00
4.666129933628886839e+00 -3.131103332812432694e+00
4.746580449725936290e+00 -3.161241659939944437e+00
4.827030965822985742e+00 -3.169104585769779270e+00
4.907481481920036082e+00 -3.143114734300393120e+00
4.987931998017085533e+00 -3.105065059605164102e+00
5.068382514114135873e+00 -3.108500774479221018e+00
5.148833030211185324e+00 -3.141233113444631186e+00
5.229283546308234776e+00 -3.158605556467073860e+00
5.309734062405285115e+00 -3.135285664798166394e+00
5.390184578502334567e+00 -3.101142591461201192e+00
5.470635094599384018e+00 -3.112980537240546575e+00
5.551085610696433470e+00 -3.149888443323796139e+00
5.631536126793483810e+00 -3.166804277555572700e+00
5.711986642890533261e+00 -3.164041037551509561e+00
5.792437158987582713e+00 -3.155019716980140831e+00
5.872887675084633052e+00 -3.149061780489569973e+00
5.953338191181682504e+00 -3.141700108906853472e+00
6.033788707278731955e+00 -3.118231219434012047e+00
6.114239223375781407e+00 -3.111856722137502196e+00
6.194689739472831747e+00 -3.121850916420416677e+00
6.275140255569881198e+00 -3.148751674829164848e+00
6.355590771666931538e+00 -3.172873105304512276e+00
6.436041287763980989e+00 -3.175251162342935363e+00
6.516491803861030441e+00 -3.164623115977189816e+00
6.596942319958079892e+00 -3.178844297177140454e+00
6.677392836055131120e+00 -3.178236104664985184e+00
6.757843352152180572e+00 -3.152952046463412206e+00
6.838293868249230023e+00 -3.124021896093193806e+00
6.918744384346279475e+00 -3.145905303987969415e+00
6.999194900443328926e+00 -3.190858256328969578e+00
7.079645416540378378e+00 -3.204160887019953385e+00
7.160095932637429605e+00 -3.191355225808583551e+00
7.240546448734479057e+00 -3.191334513849778176e+00
7.320996964831528508e+00 -3.175750127111491850e+00
7.401447480928577960e+00 -3.160268340883654048e+00
7.481897997025627411e+00 -3.188980347025433648e+00
7.562348513122678639e+00 -3.220251313557199957e+00
7.642799029219728091e+00 -3.234466057297057606e+00
7.723249545316777542e+00 -3.218971950324304387e+00
7.803700061413826994e+00 -3.191492695953744185e+00
7.884150577510876445e+00 -3.174668605569662905e+00
7.964601093607927673e+00 -3.188651271350931182e+00
8.045051609704977125e+00 -3.211752463338840347e+00
8.125502125802025688e+00 -3.212524677027761566e+00
8.205952641899076028e+00 -3.207091605391251488e+00
8.286403157996124591e+00 -3.203703157282921765e+00
8.366853674093176707e+00 -3.199781864927588870e+00
8.447304190190225270e+00 -3.194280010578014473e+00
8.527754706287275610e+00 -3.209278944985988424e+00
8.608205222384324173e+00 -3.236431696777723133e+00
8.688655738481374513e+00 -3.260044864593417469e+00
8.769106254578423076e+00 -3.257968552855782018e+00
8.849556770675475192e+00 -3.247229435391185248e+00
8.930007286772523756e+00 -3.235046920323117803e+00
9.010457802869574095e+00 -3.237464051890420524e+00
9.090908318966622659e+00 -3.232716242317397626e+00
9.171358835063672998e+00 -3.220278874499412414e+00
9.251809351160723338e+00 -3.220948855570014757e+00
9.332259867257773678e+00 -3.207812015817240070e+00
9.412710383354822241e+00 -3.202490821898038575e+00
9.493160899451872581e+00 -3.223696602360458296e+00
9.573611415548921144e+00 -3.271018140349661429e+00
9.654061931645971484e+00 -3.302838449908064966e+00
9.734512447743021823e+00 -3.285089151304592114e+00
9.814962963840072163e+00 -3.268249589134445632e+00
9.895413479937120727e+00 -3.272904430883399662e+00
9.975863996034171066e+00 -3.271926315314373390e+00
1.005631451213121963e+01 -3.272061712936946698e+00
1.013676502822827175e+01 -3.278025644805642180e+00
1.021721554432532031e+01 -3.275514780260486702e+00
1.029766606042237065e+01 -3.269617521447834463e+00
