0.000000000000000000e+00 -1.549019599857431873e-01
8.045051609704977069e-02 -2.119621509175918794e-01
1.609010321940995414e-01 -6.468973310558213674e-01
2.413515482911492982e-01 -1.768055532038802280e+00
3.218020643881990828e-01 -1.785230188771653959e+00
4.022525804852488118e-01 -1.678091787728486883e+00
4.827030965822985964e-01 -2.001082964907388462e+00
5.631536126793483810e-01 -2.418685927625647381e+00
6.436041287763981655e-01 -2.628317625491631393e+00
7.240546448734478391e-01 -2.706802740002361318e+00
8.045051609704976237e-01 -2.854152119142957744e+00
8.849556770675472972e-01 -3.110456490176628730e+00
9.654061931645971928e-01 -3.244766126077209378e+00
1.045856709261647088e+00 -3.219576372339904680e+00
1.126307225358696762e+00 -3.209421991925300421e+00
1.206757741455746435e+00 -3.256212895777188532e+00
1.287208257552796331e+00 -3.170942347007552176e+00
1.367658773649846005e+00 -3.029223483287724950e+00
1.448109289746895678e+00 -2.970271541052085684e+00
1.528559805843945352e+00 -2.949636341051613542e+00
1.609010321940995247e+00 -2.937065353037464632e+00
1.689460838038045143e+00 -2.941547420435413951e+00
1.769911354135094594e+00 -2.905008031455436512e+00
1.850361870232144490e+00 -2.803530811021331282e+00
1.930812386329194386e+00 -2.681836069594388139e+00
2.011262902426244281e+00 -2.599191356767525551e+00
2.091713418523294177e+00 -2.601841086587021845e+00
2.172163934620343628e+00 -2.641903967200932346e+00
2.252614450717393524e+00 -2.688701572830827224e+00
2.333064966814443419e+00 -2.717626971234106570e+00
2.413515482911492871e+00 -2.757647938048773284e+00
2.493965999008542767e+00 -2.867538050770565672e+00
2.574416515105592662e+00 -2.960933411387725478e+00
2.654867031202642558e+00 -3.062272556161840686e+00
2.735317547299692009e+00 -3.131234298753943435e+00
2.815768063396741905e+00 -3.165062518082676579e+00
2.896218579493791356e+00 -3.142533434712289520e+00
2.976669095590841252e+00 -3.119281953575631317e+00
3.057119611687890703e+00 -3.115808127181273868e+00
3.137570127784940599e+00 -3.115662722861562095e+00
3.218020643881990495e+00 -3.113857261093108342e+00
3.298471159979039946e+00 -3.143953682536462679e+00
3.378921676076090286e+00 -3.177954319888595336e+00
3.459372192173139737e+00 -3.166631502338327575e+00
3.539822708270189189e+00 -3.127162783990597106e+00
3.620273224367239528e+00 -3.087919788211449301e+00
3.700723740464288980e+00 -3.104710025778292248e+00
3.781174256561339320e+00 -3.104160396449409109e+00
3.861624772658388771e+00 -3.086548478883782032e+00
3.942075288755438223e+00 -3.084582311935618826e+00
4.022525804852488562e+00 -3.098355089641160465e+00
4.102976320949538014e+00 -3.096299058119878822e+00
4.183426837046588354e+00 -3.110692909992253785e+00
4.263877353143637805e+00 -3.136516948011987438e+00
4.344327869240687257e+00 -3.132052546512375635e+00
4.424778385337737596e+00 -3.159687420327795593e+00
4.505228901434787048e+00 -3.170016656630583185e+00
4.585679417531836499e+00 -3.165154948581047289e+00
4.666129933628886839e+00 -3.160209391367536202e+00
4.746580449725936290e+00 -3.156580283745263227e+00
4.827030965822985742e+00 -3.151135479338100787e+00
4.907481481920036082e+00 -3.155851259800583453e+00
4.987931998017085533e+00 -3.152062819004146199e+00
5.068382514114135873e+00 -3.154700946111589577e+00
5.148833030211185324e+00 -3.149524326572650246e+00
5.229283546308234776e+00 -3.150797753854307270e+00
5.309734062405285115e+00 -3.173646931878916000e+00
5.390184578502334567e+00 -3.205798448603983886e+00
5.470635094599384018e+00 -3.216046102651821226e+00
5.551085610696433470e+00 -3.204668633268721756e+00
5.631536126793483810e+00 -3.164967392629005616e+00
5.711986642890533261e+00 -3.157515393418171890e+00
5.792437158987582713e+00 -3.179569305246173982e+00
5.872887675084633052e+00 -3.205714617951171519e+00
5.953338191181682504e+00 -3.185811321171634347e+00
6.033788707278731955e+00 -3.134589249303743941e+00
6.114239223375781407e+00 -3.127048889131684550e+00
6.194689739472831747e+00 -3.157833870747814409e+00
6.275140255569881198e+00 -3.181862730659652083e+00
6.355590771666931538e+00 -3.200308125962220362e+00
6.436041287763980989e+00 -3.218745981323539951e+00
6.516491803861030441e+00 -3.207485016521774313e+00
6.596942319958079892e+00 -3.165009937908079163e+00
6.677392836055131120e+00 -3.167502828947045934e+00
6.757843352152180572e+00 -3.176373826501596387e+00
6.838293868249230023e+00 -3.193671968556176743e+00
6.918744384346279475e+00 -3.176921431493860748e+00
6.999194900443328926e+00 -3.171509721620841216e+00
7.079645416540378378e+00 -3.159271399891927956e+00
7.160095932637429605e+00 -3.159162421229757101e+00
7.240546448734479057e+00 -3.158567441424826594e+00
7.320996964831528508e+00 -3.165388806016450118e+00
7.401447480928577960e+00 -3.171089593837827625e+00
7.481897997025627411e+00 -3.175458323870130606e+00
7.562348513122678639e+00 -3.196394154167570001e+00
7.642799029219728091e+00 -3.218118471566930872e+00
7.723249545316777542e+00 -3.222135418212678459e+00
7.803700061413826994e+00 -3.231443370790800795e+00
7.884150577510876445e+00 -3.267495099126063174e+00
7.964601093607927673e+00 -3.289238049786733509e+00
8.045051609704977125e+00 -3.274822764162120148e+00
8.125502125802025688e+00 -3.246568049434555014e+00
8.205952641899076028e+00 -3.218060595226202913e+00
8.286403157996124591e+00 -3.217215422644052580e+00
8.366853674093176707e+00 -3.227370959906964654e+00
8.447304190190225270e+00 -3.229162989898544556e+00
8.527754706287275610e+00 -3.230979855288751423e+00
8.608205222384324173e+00 -3.245765780224584063e+00
8.688655738481374513e+00 -3.242764888075010177e+00
8.769106254578423076e+00 -3.240016666355260533e+00
8.849556770675475192e+00 -3.267983145469244732e+00
8.930007286772523756e+00 -3.282915164171064770e+00
9.010457802869574095e+00 -3.263185441373653184e+00
9.090908318966622659e+00 -3.266489449058064487e+00
9.171358835063672998e+00 -3.285144699938751689e+00
9.251809351160723338e+00 -3.306786050700947222e+00
9.332259867257773678e+00 -3.290445218500550162e+00
9.412710383354822241e+00 -3.278294924805791322e+00
9.493160899451872581e+00 -3.304262728358222656e+00
9.573611415548921144e+00 -3.351996235744314045e+00
9.654061931645971484e+00 -3.369896509755414549e+00
9.734512447743021823e+00 -3.359052531584374002e+00
9.814962963840072163e+00 -3.363560094491267805e+00
9.895413479937120727e+00 -3.373441216421554589e+00
9.975863996034171066e+00 -3.346870498690440510e+00
1.005631451213121963e+01 -3.309853446809754463e+00
1.013676502822827175e+01 -3.315725976326059143e+00
1.021721554432532031e+01 -3.336366560937270798e+00
1.029766606042237065e+01 -3.352717335919964903e+00
