0.000000000000000000e+00 -1.549019599857431873e-01
8.045051609704977069e-02 -2.097282761324514022e-01
1.609010321940995414e-01 -6.400835233733364049e-01
2.413515482911492982e-01 -1.680126398099110574e+00
3.218020643881990828e-01 -1.619749485142398582e+00
4.022525804852488118e-01 -1.594692216945806207e+00
4.827030965822985964e-01 -1.917414656203205947e+00
5.631536126793483810e-01 -2.362564461219323064e+00
6.436041287763981655e-01 -2.479636956981915663e+00
7.240546448734478391e-01 -2.520392018777879439e+00
8.045051609704976237e-01 -2.791799875954998011e+00
8.849556770675472972e-01 -3.208900400344597337e+00
9.654061931645971928e-01 -3.403636699331347604e+00
1.045856709261647088e+00 -3.405245475962177526e+00
1.126307225358696762e+00 -3.247283379113901969e+00
1.206757741455746435e+00 -3.150038769000477856e+00
1.287208257552796331e+00 -3.105387642719923846e+00
1.367658773649846005e+00 -3.051285101914061215e+00
1.448109289746895678e+00 -2.999647702182764331e+00
1.528559805843945352e+00 -2.967998543006627354e+00
1.609010321940995247e+00 -2.919434517168479459e+00
1.689460838038045143e+00 -2.874610980088404322e+00
1.769911354135094594e+00 -2.753435425272570569e+00
1.850361870232144490e+00 -2.690426867855673976e+00
1.930812386329194386e+00 -2.689946926666342719e+00
2.011262902426244281e+00 -2.669859320760253230e+00
2.091713418523294177e+00 -2.679063854660552302e+00
2.172163934620343628e+00 -2.716445106027987499e+00
2.252614450717393524e+00 -2.801064755410344720e+00
2.333064966814443419e+00 -2.912371702211714375e+00
2.413515482911492871e+00 -2.949152490097517454e+00
2.493965999008542767e+00 -2.976841087985941492e+00
2.574416515105592662e+00 -3.047547764886507693e+00
2.654867031202642558e+00 -3.114361326827486121e+00
2.735317547299692009e+00 -3.120661123852738417e+00
2.815768063396741905e+00 -3.154500021037526025e+00
2.896218579493791356e+00 -3.201155248641760487e+00
2.976669095590841252e+00 -3.198903289961928742e+00
3.057119611687890703e+00 -3.181150046962176514e+00
3.137570127784940599e+00 -3.207825919968994910e+00
3.218020643881990495e+00 -3.218869893286322004e+00
3.298471159979039946e+00 -3.196548027702060590e+00
3.378921676076090286e+00 -3.189700866512208854e+00
3.459372192173139737e+00 -3.205868800827985421e+00
3.539822708270189189e+00 -3.179674759521478933e+00
3.620273224367239528e+00 -3.143183996200907160e+00
3.700723740464288980e+00 -3.112780168237337275e+00
3.781174256561339320e+00 -3.060238973656716599e+00
3.861624772658388771e+00 -3.049611652164200937e+00
3.942075288755438223e+00 -3.095381521839812411e+00
4.022525804852488562e+00 -3.148665382191707884e+00
4.102976320949538014e+00 -3.162825838513630305e+00
4.183426837046588354e+00 -3.175465488515627044e+00
4.263877353143637805e+00 -3.181155840914069888e+00
4.344327869240687257e+00 -3.157097052603517806e+00
4.424778385337737596e+00 -3.131777919119045794e+00
4.505228901434787048e+00 -3.178433914575330643e+00
4.585679417531836499e+00 -3.198616763723363565e+00
4.666129933628886839e+00 -3.195865232878186024e+00
4.746580449725936290e+00 -3.158342028874859597e+00
4.827030965822985742e+00 -3.151435835230687044e+00
4.907481481920036082e+00 -3.143912536874659214e+00
4.987931998017085533e+00 -3.143645981201688588e+00
5.068382514114135873e+00 -3.148412247613902260e+00
5.148833030211185324e+00 -3.160604577455026210e+00
5.229283546308234776e+00 -3.141980544371405060e+00
5.309734062405285115e+00 -3.142629450071968478e+00
5.390184578502334567e+00 -3.159076112386783208e+00
5.470635094599384018e+00 -3.176792597713200550e+00
5.551085610696433470e+00 -3.204550685530020093e+00
5.631536126793483810e+00 -3.212588192030481959e+00
5.711986642890533261e+00 -3.210285704413550434e+00
5.792437158987582713e+00 -3.174855796927508855e+00
5.872887675084633052e+00 -3.150322130375649454e+00
5.953338191181682504e+00 -3.149386927725636554e+00
6.033788707278731955e+00 -3.153890428343165020e+00
6.114239223375781407e+00 -3.166283865618297000e+00
6.194689739472831747e+00 -3.150308856980625016e+00
6.275140255569881198e+00 -3.136752459020824890e+00
6.355590771666931538e+00 -3.144777056116160985e+00
6.436041287763980989e+00 -3.162335865746978225e+00
6.516491803861030441e+00 -3.184728770527974984e+00
6.596942319958079892e+00 -3.188153442304058061e+00
6.677392836055131120e+00 -3.184915890690696472e+00
6.757843352152180572e+00 -3.196870353759859285e+00
6.838293868249230023e+00 -3.206370579350763084e+00
6.918744384346279475e+00 -3.218116963280199361e+00
6.999194900443328926e+00 -3.227282125113814182e+00
7.079645416540378378e+00 -3.215420949492264757e+00
7.160095932637429605e+00 -3.205745601224641916e+00
7.240546448734479057e+00 -3.218759475482119381e+00
7.320996964831528508e+00 -3.200962585593709608e+00
7.401447480928577960e+00 -3.193053870631047175e+00
7.481897997025627411e+00 -3.209448060821975091e+00
7.562348513122678639e+00 -3.200719273334240889e+00
7.642799029219728091e+00 -3.183315147881463414e+00
7.723249545316777542e+00 -3.187869405039381654e+00
7.803700061413826994e+00 -3.191407155967154630e+00
7.884150577510876445e+00 -3.207014016575778115e+00
7.964601093607927673e+00 -3.239526795697846406e+00
8.045051609704977125e+00 -3.275985221595576924e+00
8.125502125802025688e+00 -3.297673466233685069e+00
8.205952641899076028e+00 -3.298612901673454001e+00
8.286403157996124591e+00 -3.291770440659462338e+00
8.366853674093176707e+00 -3.267862659532042358e+00
8.447304190190225270e+00 -3.245246037901177161e+00
8.527754706287275610e+00 -3.237970564603592116e+00
8.608205222384324173e+00 -3.242726768199166276e+00
8.688655738481374513e+00 -3.224234389099400744e+00
8.769106254578423076e+00 -3.199753896252000906e+00
8.849556770675475192e+00 -3.222337861443860252e+00
8.930007286772523756e+00 -3.276018065376300914e+00
9.010457802869574095e+00 -3.282812829513543473e+00
9.090908318966622659e+00 -3.265257960064087861e+00
9.171358835063672998e+00 -3.281087730838418093e+00
9.251809351160723338e+00 -3.278115610945684821e+00
9.332259867257773678e+00 -3.253767734386508792e+00
9.412710383354822241e+00 -3.235946987539886077e+00
9.493160899451872581e+00 -3.233018308396487850e+00
9.573611415548921144e+00 -3.250150690016798460e+00
9.654061931645971484e+00 -3.264126703500664473e+00
9.734512447743021823e+00 -3.282342319653830387e+00
9.814962963840072163e+00 -3.293289004717898649e+00
9.895413479937120727e+00 -3.288909890417995641e+00
9.975863996034171066e+00 -3.302276802001833378e+00
1.005631451213121963e+01 -3.325980642221737060e+00
1.013676502822827175e+01 -3.326892465226622519e+00
1.021721554432532031e+01 -3.324832196738096712e+00
1.029766606042237065e+01 -3.336836934088742268e+00
