0.000000000000000000e+00 -1.549019599857431873e-01
8.045051609704977069e-02 -1.826006494402686586e-01
1.609010321940995414e-01 -3.972260378497889932e-01
2.413515482911492982e-01 -7.966820552257365406e-01
3.218020643881990828e-01 -1.183755865755605985e+00
4.022525804852488118e-01 -1.773836914415898969e+00
4.827030965822985964e-01 -2.246782810263868946e+00
5.631536126793483810e-01 -2.686536028642339424e+00
6.436041287763981655e-01 -2.898837658237168657e+00
7.240546448734478391e-01 -2.843481540479201541e+00
8.045051609704976237e-01 -2.847638756657961512e+00
8.849556770675472972e-01 -3.026501491940418287e+00
9.654061931645971928e-01 -3.260062821799940114e+00
1.045856709261647088e+00 -3.386781678718498778e+00
1.126307225358696762e+00 -3.454521892276324557e+00
1.206757741455746435e+00 -3.480825628608171129e+00
1.287208257552796331e+00 -3.447786655087377028e+00
1.367658773649846005e+00 -3.421691521950575687e+00
1.448109289746895678e+00 -3.380347559963360116e+00
1.528559805843945352e+00 -3.319817035414282191e+00
1.609010321940995247e+00 -3.231077788577707111e+00
1.689460838038045143e+00 -3.176499543343674237e+00
1.769911354135094594e+00 -3.124706758930299699e+00
1.850361870232144490e+00 -3.069303749703916839e+00
1.930812386329194386e+00 -2.982733927899470672e+00
2.011262902426244281e+00 -2.948956077201670745e+00
2.091713418523294177e+00 -2.956901981301012672e+00
2.172163934620343628e+00 -2.972597900122208259e+00
2.252614450717393524e+00 -2.954779977994039797e+00
2.333064966814443419e+00 -2.938156280328743097e+00
2.413515482911492871e+00 -2.932140482439635321e+00
2.493965999008542767e+00 -2.933979109611057901e+00
2.574416515105592662e+00 -2.948842963284971752e+00
2.654867031202642558e+00 -2.964238362998846021e+00
2.735317547299692009e+00 -2.982274662072602389e+00
2.815768063396741905e+00 -3.000629467178467014e+00
2.896218579493791356e+00 -3.043697938797894409e+00
2.976669095590841252e+00 -3.068955246114608570e+00
3.057119611687890703e+00 -3.065059965779688866e+00
3.137570127784940599e+00 -3.040442899735227744e+00
3.218020643881990495e+00 -3.014240435019760245e+00
3.298471159979039946e+00 -2.994511997469824216e+00
3.378921676076090286e+00 -2.964112881910154762e+00
3.459372192173139737e+00 -2.928618850885657210e+00
3.539822708270189189e+00 -2.903089705536676224e+00
3.620273224367239528e+00 -2.904201637540924086e+00
3.700723740464288980e+00 -2.937352630929801922e+00
3.781174256561339320e+00 -2.994226690648275291e+00
3.861624772658388771e+00 -3.020886467689865906e+00
3.942075288755438223e+00 -3.029396293076813684e+00
4.022525804852488562e+00 -3.039455516556016867e+00
4.102976320949538014e+00 -3.041327667235605325e+00
4.183426837046588354e+00 -3.034667582801923835e+00
4.263877353143637805e+00 -3.015150120544269452e+00
4.344327869240687257e+00 -2.986026159594695972e+00
4.424778385337737596e+00 -2.978641252613245971e+00
4.505228901434787048e+00 -2.990549943141491696e+00
4.585679417531836499e+00 -2.980395977456431922e+00
4.666129933628886839e+00 -2.978931346350592424e+00
4.746580449725936290e+00 -3.014501959618997695e+00
4.827030965822985742e+00 -2.987543178281443002e+00
4.907481481920036082e+00 -2.951326847109705387e+00
4.987931998017085533e+00 -2.942265669633471692e+00
5.068382514114135873e+00 -2.963037972813971965e+00
5.148833030211185324e+00 -2.943815508363548439e+00
5.229283546308234776e+00 -2.922016949253726903e+00
5.309734062405285115e+00 -2.905161965402957236e+00
5.390184578502334567e+00 -2.925839172296782476e+00
5.470635094599384018e+00 -2.972540600067862027e+00
5.551085610696433470e+00 -2.975898182919656243e+00
5.631536126793483810e+00 -2.954727323873398426e+00
5.711986642890533261e+00 -2.947075828146275445e+00
5.792437158987582713e+00 -2.971030386959095271e+00
5.872887675084633052e+00 -2.964966825092499647e+00
5.953338191181682504e+00 -2.957152298741473562e+00
6.033788707278731955e+00 -2.942316590992477998e+00
6.114239223375781407e+00 -2.938304007418084396e+00
6.194689739472831747e+00 -2.949052698527787175e+00
6.275140255569881198e+00 -2.987964064381526619e+00
6.355590771666931538e+00 -3.042233445653010904e+00
6.436041287763980989e+00 -3.051447126596016357e+00
6.516491803861030441e+00 -3.037968034874090950e+00
6.596942319958079892e+00 -3.044583249080704324e+00
6.677392836055131120e+00 -3.065253478036707779e+00
6.757843352152180572e+00 -3.083482116157060027e+00
6.838293868249230023e+00 -3.049579600018075265e+00
6.918744384346279475e+00 -3.027582422986673016e+00
6.999194900443328926e+00 -3.007656770130599622e+00
7.079645416540378378e+00 -2.981830263670497416e+00
7.160095932637429605e+00 -2.974531692695225438e+00
7.240546448734479057e+00 -2.994903201958404093e+00
7.320996964831528508e+00 -3.031189451073665442e+00
7.401447480928577960e+00 -3.057010627096868216e+00
7.481897997025627411e+00 -3.075605047120960833e+00
7.562348513122678639e+00 -3.086031059024964218e+00
7.642799029219728091e+00 -3.075796558261553848e+00
7.723249545316777542e+00 -3.076280578861660953e+00
7.803700061413826994e+00 -3.062997189486826422e+00
7.884150577510876445e+00 -3.013738534288021853e+00
7.964601093607927673e+00 -2.982513325253712821e+00
8.045051609704977125e+00 -2.958477593915998405e+00
8.125502125802025688e+00 -2.958762253985284474e+00
8.205952641899076028e+00 -3.009065332368921819e+00
8.286403157996124591e+00 -3.047514515212676578e+00
8.366853674093176707e+00 -3.040726720889488366e+00
8.447304190190225270e+00 -3.037600436524925396e+00
8.527754706287275610e+00 -3.075160873977137221e+00
8.608205222384324173e+00 -3.111579372225572904e+00
8.688655738481374513e+00 -3.134266860693345258e+00
8.769106254578423076e+00 -3.170974231097306362e+00
8.849556770675475192e+00 -3.172309087272810135e+00
8.930007286772523756e+00 -3.156524703903467177e+00
9.010457802869574095e+00 -3.154179318282940958e+00
9.090908318966622659e+00 -3.146959269332267883e+00
9.171358835063672998e+00 -3.121146483468990152e+00
9.251809351160723338e+00 -3.105011440425798686e+00
9.332259867257773678e+00 -3.108242863683504886e+00
9.412710383354822241e+00 -3.118570255301419181e+00
9.493160899451872581e+00 -3.117889279135299230e+00
9.573611415548921144e+00 -3.111433668811979025e+00
9.654061931645971484e+00 -3.108639581472941060e+00
9.734512447743021823e+00 -3.110142250304061218e+00
9.814962963840072163e+00 -3.099143627648719423e+00
9.895413479937120727e+00 -3.112495516884720814e+00
9.975863996034171066e+00 -3.134771213611779128e+00
1.005631451213121963e+01 -3.147035280282687530e+00
1.013676502822827175e+01 -3.154951748975223236e+00
1.021721554432532031e+01 -3.186686876184359196e+00
1.029766606042237065e+01 -3.196036077355564942e+00
