0.000000000000000000e+00 -1.549019599857431873e-01
8.045051609704977069e-02 -3.952346945737672534e-01
1.609010321940995414e-01 -1.191109610443218836e+00
2.413515482911492982e-01 -2.933784814410454356e+00
3.218020643881990828e-01 -3.529382372398167877e+00
4.022525804852488118e-01 -3.952706875538286813e+00
4.827030965822985964e-01 -4.723966945283279095e+00
5.631536126793483810e-01 -5.452168151609867230e+00
6.436041287763981655e-01 -6.051548702439968785e+00
7.240546448734478391e-01 -6.326357553324799987e+00
8.045051609704976237e-01 -6.248895296406827171e+00
8.849556770675472972e-01 -6.245831604852519980e+00
9.654061931645971928e-01 -6.516030264047857123e+00
1.045856709261647088e+00 -6.753871615824342811e+00
1.126307225358696762e+00 -6.684297848279705079e+00
1.206757741455746435e+00 -6.756690831565839161e+00
1.287208257552796331e+00 -6.856254233071425119e+00
1.367658773649846005e+00 -6.779400665350819644e+00
1.448109289746895678e+00 -6.699412179177882898e+00
1.528559805843945352e+00 -6.627319532453910256e+00
1.609010321940995247e+00 -6.401786184993149220e+00
1.689460838038045143e+00 -6.176967227835011620e+00
1.769911354135094594e+00 -6.067049959226874734e+00
1.850361870232144490e+00 -6.021667025305261767e+00
1.930812386329194386e+00 -5.956454140796243024e+00
2.011262902426244281e+00 -5.876501677612718133e+00
2.091713418523294177e+00 -5.759792159101507991e+00
2.172163934620343628e+00 -5.703387580292678116e+00
2.252614450717393524e+00 -5.674831856982148537e+00
2.333064966814443419e+00 -5.696562097962607929e+00
2.413515482911492871e+00 -5.737740275471878704e+00
2.493965999008542767e+00 -5.782797175529910128e+00
2.574416515105592662e+00 -5.785902429582872486e+00
2.654867031202642558e+00 -5.764896780140868593e+00
2.735317547299692009e+00 -5.752663118219113692e+00
2.815768063396741905e+00 -5.719342084879717625e+00
2.896218579493791356e+00 -5.694227641654737049e+00
2.976669095590841252e+00 -5.726353561057470287e+00
3.057119611687890703e+00 -5.778930907736397060e+00
3.137570127784940599e+00 -5.786867581720872344e+00
3.218020643881990495e+00 -5.816938788842463737e+00
3.298471159979039946e+00 -5.899258634547718039e+00
3.378921676076090286e+00 -5.917747974866601979e+00
3.459372192173139737e+00 -5.932779543428239322e+00
3.539822708270189189e+00 -5.860905815526252560e+00
3.620273224367239528e+00 -5.705793350483950199e+00
3.700723740464288980e+00 -5.619878254136087214e+00
3.781174256561339320e+00 -5.654122929369258088e+00
3.861624772658388771e+00 -5.719672027629626676e+00
3.942075288755438223e+00 -5.815485092570140679e+00
4.022525804852488562e+00 -5.941332814755022618e+00
4.102976320949538014e+00 -5.983941635583655660e+00
4.183426837046588354e+00 -5.845799230034529614e+00
4.263877353143637805e+00 -5.786246953598490173e+00
4.344327869240687257e+00 -5.834681795170314267e+00
4.424778385337737596e+00 -5.867600575888994641e+00
4.505228901434787048e+00 -5.836675656397066092e+00
4.585679417531836499e+00 -5.801681241004483347e+00
4.666129933628886839e+00 -5.799191566192487102e+00
4.746580449725936290e+00 -5.815939817861140781e+00
4.827030965822985742e+00 -5.885316063636456541e+00
4.907481481920036082e+00 -5.974008233395814216e+00
4.987931998017085533e+00 -5.983824535327814331e+00
5.068382514114135873e+00 -5.878244159234842670e+00
5.148833030211185324e+00 -5.767687576319136866e+00
5.229283546308234776e+00 -5.762260347301958241e+00
5.309734062405285115e+00 -5.851265823539668176e+00
5.390184578502334567e+00 -5.932344939762436375e+00
5.470635094599384018e+00 -6.001710058026754169e+00
5.551085610696433470e+00 -6.078210906713991335e+00
5.631536126793483810e+00 -6.056302458918787046e+00
5.711986642890533261e+00 -6.007301989365857686e+00
5.792437158987582713e+00 -6.078786063211802038e+00
5.872887675084633052e+00 -6.139624393195594720e+00
5.953338191181682504e+00 -6.131368888832550823e+00
6.033788707278731955e+00 -6.081534952303076835e+00
6.114239223375781407e+00 -6.037026759783517882e+00
6.194689739472831747e+00 -6.026212971204680358e+00
6.275140255569881198e+00 -5.988409451776266934e+00
6.355590771666931538e+00 -5.968892980575502882e+00
6.436041287763980989e+00 -5.981360009842881631e+00
6.516491803861030441e+00 -6.005036953384265352e+00
6.596942319958079892e+00 -5.966602735621463260e+00
6.677392836055131120e+00 -5.951782034400398658e+00
6.757843352152180572e+00 -5.971541805418313587e+00
6.838293868249230023e+00 -6.005345697032768548e+00
6.918744384346279475e+00 -6.018730492607710758e+00
6.999194900443328926e+00 -6.023736930533734935e+00
7.079645416540378378e+00 -6.014204421210628482e+00
7.160095932637429605e+00 -5.955448798380603037e+00
7.240546448734479057e+00 -5.958321421447257293e+00
7.320996964831528508e+00 -6.045407664911607526e+00
7.401447480928577960e+00 -6.163994839574128193e+00
7.481897997025627411e+00 -6.155046191116760212e+00
7.562348513122678639e+00 -6.085686561629246150e+00
7.642799029219728091e+00 -6.058805057382008030e+00
7.723249545316777542e+00 -6.044008689991022365e+00
7.803700061413826994e+00 -6.017732290222738811e+00
7.884150577510876445e+00 -6.025603293914065794e+00
7.964601093607927673e+00 -6.077990946346746526e+00
8.045051609704977125e+00 -6.143394965945865316e+00
8.125502125802025688e+00 -6.153452732981204321e+00
8.205952641899076028e+00 -6.126172372554153256e+00
8.286403157996124591e+00 -6.136944734386182709e+00
8.366853674093176707e+00 -6.108299487255727023e+00
8.447304190190225270e+00 -6.075674202105201260e+00
8.527754706287275610e+00 -6.087689154113851586e+00
8.608205222384324173e+00 -6.148483073525557785e+00
8.688655738481374513e+00 -6.183757910243089739e+00
8.769106254578423076e+00 -6.201353374610986791e+00
8.849556770675475192e+00 -6.174596257822164702e+00
8.930007286772523756e+00 -6.168842609804132238e+00
9.010457802869574095e+00 -6.163118122237807306e+00
9.090908318966622659e+00 -6.136909006883397133e+00
9.171358835063672998e+00 -6.134968947082957591e+00
9.251809351160723338e+00 -6.120078234094386005e+00
9.332259867257773678e+00 -6.147374367678839491e+00
9.412710383354822241e+00 -6.206105026375313471e+00
9.493160899451872581e+00 -6.200929655516557837e+00
9.573611415548921144e+00 -6.170210094255301314e+00
9.654061931645971484e+00 -6.169540751205462747e+00
9.734512447743021823e+00 -6.211208081240617851e+00
9.814962963840072163e+00 -6.218555723403557778e+00
9.895413479937120727e+00 -6.232703679132855612e+00
9.975863996034171066e+00 -6.231274732480299505e+00
1.005631451213121963e+01 -6.280348914740795152e+00
1.013676502822827175e+01 -6.313184786295798823e+00
1.021721554432532031e+01 -6.306332207286115654e+00
1.029766606042237065e+01 -6.270318452671489240e+00
