0.000000000000000000e+00 -1.549019599857431873e-01
8.045051609704977069e-02 -1.959651212371586737e-01
1.609010321940995414e-01 -5.301930107340012688e-01
2.413515482911492982e-01 -1.171351390482322508e+00
3.218020643881990828e-01 -1.492002855487641000e+00
4.022525804852488118e-01 -1.852741310279680809e+00
4.827030965822985964e-01 -2.245187766421092856e+00
5.631536126793483810e-01 -2.539776527193550848e+00
6.436041287763981655e-01 -2.840033591495093379e+00
7.240546448734478391e-01 -2.987085712721767816e+00
8.045051609704976237e-01 -3.069328669320549707e+00
8.849556770675472972e-01 -3.184523829978815446e+00
9.654061931645971928e-01 -3.254242989768949545e+00
1.045856709261647088e+00 -3.328851670060885226e+00
1.126307225358696762e+00 -3.405123982579866482e+00
1.206757741455746435e+00 -3.468689311492151539e+00
1.287208257552796331e+00 -3.448293219382743580e+00
1.367658773649846005e+00 -3.379354723881717426e+00
1.448109289746895678e+00 -3.320219448119821060e+00
1.528559805843945352e+00 -3.262380627305589531e+00
1.609010321940995247e+00 -3.191674827195043918e+00
1.689460838038045143e+00 -3.166682796900491592e+00
1.769911354135094594e+00 -3.153086642365379166e+00
1.850361870232144490e+00 -3.098117599126765764e+00
1.930812386329194386e+00 -3.009491206788793338e+00
2.011262902426244281e+00 -2.933395748616355547e+00
2.091713418523294177e+00 -2.878492292449011281e+00
2.172163934620343628e+00 -2.860438056510774985e+00
2.252614450717393524e+00 -2.897626321591181053e+00
2.333064966814443419e+00 -2.936380125604741043e+00
2.413515482911492871e+00 -2.938994832917577682e+00
2.493965999008542767e+00 -2.939656999537445081e+00
2.574416515105592662e+00 -2.924320609495372647e+00
2.654867031202642558e+00 -2.959832336632497451e+00
2.735317547299692009e+00 -2.991678808119961452e+00
2.815768063396741905e+00 -2.985509284125407614e+00
2.896218579493791356e+00 -2.984748834156780273e+00
2.976669095590841252e+00 -2.958072989292571897e+00
3.057119611687890703e+00 -2.944878891051462944e+00
3.137570127784940599e+00 -2.955187093201383952e+00
3.218020643881990495e+00 -2.964736935002921570e+00
3.298471159979039946e+00 -2.991080147347312757e+00
3.378921676076090286e+00 -2.983180882544595569e+00
3.459372192173139737e+00 -2.976157979262571196e+00
3.539822708270189189e+00 -2.984662732263364315e+00
3.620273224367239528e+00 -3.005751920615099326e+00
3.700723740464288980e+00 -3.008845107882007319e+00
3.781174256561339320e+00 -3.008039019465317487e+00
3.861624772658388771e+00 -2.953626339582249738e+00
3.942075288755438223e+00 -2.888775104702750784e+00
4.022525804852488562e+00 -2.875478224410839001e+00
4.102976320949538014e+00 -2.887951024925383692e+00
4.183426837046588354e+00 -2.884649576681250771e+00
4.263877353143637805e+00 -2.877341184358475967e+00
4.344327869240687257e+00 -2.919932400173734788e+00
4.424778385337737596e+00 -2.989723597946212230e+00
4.505228901434787048e+00 -3.076136572773029876e+00
4.585679417531836499e+00 -3.067472183639925465e+00
4.666129933628886839e+00 -3.036485218712611900e+00
4.746580449725936290e+00 -3.014786713409541630e+00
4.827030965822985742e+00 -3.012477105736257155e+00
4.907481481920036082e+00 -3.010522778128170263e+00
4.987931998017085533e+00 -3.010036809866757590e+00
5.068382514114135873e+00 -3.014963840160150177e+00
5.148833030211185324e+00 -3.021176771239321823e+00
5.229283546308234776e+00 -3.023308846875599087e+00
5.309734062405285115e+00 -3.009825130983168506e+00
5.390184578502334567e+00 -2.986304539216419141e+00
5.470635094599384018e+00 -2.994042222066860326e+00
5.551085610696433470e+00 -3.011557268418058708e+00
5.631536126793483810e+00 -3.017988724782237675e+00
5.711986642890533261e+00 -3.010900321765016319e+00
5.792437158987582713e+00 -2.992762358854077043e+00
5.872887675084633052e+00 -2.948643453211498677e+00
5.953338191181682504e+00 -2.938228867094193841e+00
6.033788707278731955e+00 -2.947396082584075039e+00
6.114239223375781407e+00 -2.955524449653290642e+00
6.194689739472831747e+00 -2.980174285869027884e+00
6.275140255569881198e+00 -2.986011086016547633e+00
6.355590771666931538e+00 -2.965154677281176543e+00
6.436041287763980989e+00 -2.946677846608434681e+00
6.516491803861030441e+00 -2.943140860253054214e+00
6.596942319958079892e+00 -2.948491492639179867e+00
6.677392836055131120e+00 -2.981578753769571932e+00
6.757843352152180572e+00 -3.027702581835468809e+00
6.838293868249230023e+00 -3.053672134253467174e+00
6.918744384346279475e+00 -3.069393258952318071e+00
6.999194900443328926e+00 -3.073027429418075940e+00
7.079645416540378378e+00 -3.080313541767814467e+00
7.160095932637429605e+00 -3.074391156091339283e+00
7.240546448734479057e+00 -3.069914026944834173e+00
7.320996964831528508e+00 -3.051032416464475983e+00
7.401447480928577960e+00 -3.057750361236959424e+00
7.481897997025627411e+00 -3.066781534613058025e+00
7.562348513122678639e+00 -3.063563786735436167e+00
7.642799029219728091e+00 -3.047334762716318757e+00
7.723249545316777542e+00 -3.024468130049327463e+00
7.803700061413826994e+00 -3.019002814764319087e+00
7.884150577510876445e+00 -3.032495315782423706e+00
7.964601093607927673e+00 -3.040161429312953079e+00
8.045051609704977125e+00 -3.036420315099684242e+00
8.125502125802025688e+00 -3.030420152236923848e+00
8.205952641899076028e+00 -3.059321460158806794e+00
8.286403157996124591e+00 -3.099210697092032785e+00
8.366853674093176707e+00 -3.099729297623644353e+00
8.447304190190225270e+00 -3.089122132557085454e+00
8.527754706287275610e+00 -3.059009992997897331e+00
8.608205222384324173e+00 -3.050309031685718431e+00
8.688655738481374513e+00 -3.069403914079710471e+00
8.769106254578423076e+00 -3.089694144489934846e+00
8.849556770675475192e+00 -3.093181249973522284e+00
8.930007286772523756e+00 -3.111821988023978136e+00
9.010457802869574095e+00 -3.120077522869368902e+00
9.090908318966622659e+00 -3.137676444179749335e+00
9.171358835063672998e+00 -3.141620579638640276e+00
9.251809351160723338e+00 -3.140015325555818304e+00
9.332259867257773678e+00 -3.109551714188242943e+00
9.412710383354822241e+00 -3.078104606906682861e+00
9.493160899451872581e+00 -3.064431483545207779e+00
9.573611415548921144e+00 -3.085244545293267304e+00
9.654061931645971484e+00 -3.101985870825997527e+00
9.734512447743021823e+00 -3.119492066027190091e+00
9.814962963840072163e+00 -3.137581981386938779e+00
9.895413479937120727e+00 -3.157224526648203522e+00
9.975863996034171066e+00 -3.144309873680133816e+00
1.005631451213121963e+01 -3.130358937050316648e+00
1.013676502822827175e+01 -3.142995704876353269e+00
1.021721554432532031e+01 -3.150556634411977530e+00
1.029766606042237065e+01 -3.143414531850458715e+00
