0.000000000000000000e+00 -1.549019599857431873e-01
8.045051609704977069e-02 -3.896445405150734675e-01
1.609010321940995414e-01 -1.095824624164471794e+00
2.413515482911492982e-01 -2.889861252784550416e+00
3.218020643881990828e-01 -3.889010071591469053e+00
4.022525804852488118e-01 -4.617499196687829155e+00
4.827030965822985964e-01 -5.369724328012246417e+00
5.631536126793483810e-01 -5.539586844858650494e+00
6.436041287763981655e-01 -5.773148156854337465e+00
7.240546448734478391e-01 -6.124185182831705099e+00
8.045051609704976237e-01 -6.455849315439198932e+00
8.849556770675472972e-01 -6.736306200593305427e+00
9.654061931645971928e-01 -7.034238703266233017e+00
1.045856709261647088e+00 -7.249298226065287842e+00
1.126307225358696762e+00 -7.189828946100780271e+00
1.206757741455746435e+00 -7.115741296041056430e+00
1.287208257552796331e+00 -7.206806564298258166e+00
1.367658773649846005e+00 -7.213145071041428658e+00
1.448109289746895678e+00 -7.093853036562743242e+00
1.528559805843945352e+00 -7.020971182743493522e+00
1.609010321940995247e+00 -6.930940887654884364e+00
1.689460838038045143e+00 -6.754774494028766618e+00
1.769911354135094594e+00 -6.584054500637319229e+00
1.850361870232144490e+00 -6.466797736182993361e+00
1.930812386329194386e+00 -6.339614017489736852e+00
2.011262902426244281e+00 -6.178612850832249315e+00
2.091713418523294177e+00 -6.001217842292419391e+00
2.172163934620343628e+00 -5.899696089614208105e+00
2.252614450717393524e+00 -5.929146611974751124e+00
2.333064966814443419e+00 -6.050376831340288142e+00
2.413515482911492871e+00 -6.232222099967364315e+00
2.493965999008542767e+00 -6.351898115919473398e+00
2.574416515105592662e+00 -6.342644407451400568e+00
2.654867031202642558e+00 -6.310070908770870624e+00
2.735317547299692009e+00 -6.290083248732536880e+00
2.815768063396741905e+00 -6.251852648835946269e+00
2.896218579493791356e+00 -6.241946744620351595e+00
2.976669095590841252e+00 -6.263020316781975794e+00
3.057119611687890703e+00 -6.226907106848288187e+00
3.137570127784940599e+00 -6.232175807345774032e+00
3.218020643881990495e+00 -6.246584277569179555e+00
3.298471159979039946e+00 -6.254697484322113255e+00
3.378921676076090286e+00 -6.195560455350974216e+00
3.459372192173139737e+00 -6.162719172102714360e+00
3.539822708270189189e+00 -6.132120037282472680e+00
3.620273224367239528e+00 -6.104850419903031344e+00
3.700723740464288980e+00 -6.069038044734250903e+00
3.781174256561339320e+00 -6.106579780696828941e+00
3.861624772658388771e+00 -6.189035809063455851e+00
3.942075288755438223e+00 -6.232291190166813877e+00
4.022525804852488562e+00 -6.277620549534688621e+00
4.102976320949538014e+00 -6.320572329568147296e+00
4.183426837046588354e+00 -6.295075527617400191e+00
4.263877353143637805e+00 -6.172626779337287317e+00
4.344327869240687257e+00 -6.118647445495298598e+00
4.424778385337737596e+00 -6.164367553075100759e+00
4.505228901434787048e+00 -6.199972847010462473e+00
4.585679417531836499e+00 -6.195666547379226508e+00
4.666129933628886839e+00 -6.167790365709962863e+00
4.746580449725936290e+00 -6.105590795722585007e+00
4.827030965822985742e+00 -6.161029066413375332e+00
4.907481481920036082e+00 -6.214183808024284161e+00
4.987931998017085533e+00 -6.181561842746754465e+00
5.068382514114135873e+00 -6.141709770931069734e+00
5.148833030211185324e+00 -6.130710525081500606e+00
5.229283546308234776e+00 -6.208060196383142326e+00
5.309734062405285115e+00 -6.303934668745299064e+00
5.390184578502334567e+00 -6.352768844358807954e+00
5.470635094599384018e+00 -6.352916987965882889e+00
5.551085610696433470e+00 -6.433023934892674767e+00
5.631536126793483810e+00 -6.541292780454360134e+00
5.711986642890533261e+00 -6.530729060853339263e+00
5.792437158987582713e+00 -6.445289573940461203e+00
5.872887675084633052e+00 -6.353970649526547554e+00
5.953338191181682504e+00 -6.337380176930749620e+00
6.033788707278731955e+00 -6.318793013980922524e+00
6.114239223375781407e+00 -6.331283716160487351e+00
6.194689739472831747e+00 -6.327165239720918599e+00
6.275140255569881198e+00 -6.314522118355446523e+00
6.355590771666931538e+00 -6.304224142681123411e+00
6.436041287763980989e+00 -6.354365135542634491e+00
6.516491803861030441e+00 -6.389226511901664018e+00
6.596942319958079892e+00 -6.402500445932142625e+00
6.677392836055131120e+00 -6.379337835161496884e+00
6.757843352152180572e+00 -6.290055557529597330e+00
6.838293868249230023e+00 -6.308567814482581859e+00
6.918744384346279475e+00 -6.389087162850066726e+00
6.999194900443328926e+00 -6.444720203940227599e+00
7.079645416540378378e+00 -6.371417876486474619e+00
7.160095932637429605e+00 -6.307551708509033794e+00
7.240546448734479057e+00 -6.319196049059231157e+00
7.320996964831528508e+00 -6.368855784381096896e+00
7.401447480928577960e+00 -6.413781253048922437e+00
7.481897997025627411e+00 -6.434878553704682425e+00
7.562348513122678639e+00 -6.457275185727456623e+00
7.642799029219728091e+00 -6.440367578219630573e+00
7.723249545316777542e+00 -6.402231074027069369e+00
7.803700061413826994e+00 -6.384467566708113218e+00
7.884150577510876445e+00 -6.396161862339968529e+00
7.964601093607927673e+00 -6.403846457464681841e+00
8.045051609704977125e+00 -6.405280782973528986e+00
8.125502125802025688e+00 -6.432433842720968187e+00
8.205952641899076028e+00 -6.435454657990187677e+00
8.286403157996124591e+00 -6.446324978817918883e+00
8.366853674093176707e+00 -6.459135890295165439e+00
8.447304190190225270e+00 -6.469757525938220510e+00
8.527754706287275610e+00 -6.518946567985371310e+00
8.608205222384324173e+00 -6.549904205028767912e+00
8.688655738481374513e+00 -6.533038960758689839e+00
8.769106254578423076e+00 -6.534005291408618632e+00
8.849556770675475192e+00 -6.496691270714224586e+00
8.930007286772523756e+00 -6.492370108075200541e+00
9.010457802869574095e+00 -6.530298302439025093e+00
9.090908318966622659e+00 -6.546356560943698888e+00
9.171358835063672998e+00 -6.603030953232004840e+00
9.251809351160723338e+00 -6.585208225951114436e+00
9.332259867257773678e+00 -6.526282572329149545e+00
9.412710383354822241e+00 -6.508352219559575325e+00
9.493160899451872581e+00 -6.534544246401173595e+00
9.573611415548921144e+00 -6.528340983341315962e+00
9.654061931645971484e+00 -6.536671867489629584e+00
9.734512447743021823e+00 -6.560271735682301042e+00
9.814962963840072163e+00 -6.553076310889753842e+00
9.895413479937120727e+00 -6.540980118125371945e+00
9.975863996034171066e+00 -6.553277292591623393e+00
1.005631451213121963e+01 -6.598398236265233585e+00
1.013676502822827175e+01 -6.655493995945384711e+00
1.021721554432532031e+01 -6.674676972402031616e+00
1.029766606042237065e+01 -6.707171186359313531e+00
