0.000000000000000000e+00 -1.549019599857431873e-01
8.045051609704977069e-02 -1.820099686575631648e-01
1.609010321940995414e-01 -4.222054765429836820e-01
2.413515482911492982e-01 -8.314857626427989423e-01
3.218020643881990828e-01 -1.318886722830588942e+00
4.022525804852488118e-01 -1.917864518082707415e+00
4.827030965822985964e-01 -2.617313747489278697e+00
5.631536126793483810e-01 -2.752269892232717119e+00
6.436041287763981655e-01 -2.972488266980227944e+00
7.240546448734478391e-01 -3.192130835130266409e+00
8.045051609704976237e-01 -3.350402461160628675e+00
8.849556770675472972e-01 -3.411098923931691562e+00
9.654061931645971928e-01 -3.449385122203528997e+00
1.045856709261647088e+00 -3.544319511538058798e+00
1.126307225358696762e+00 -3.632606311141775457e+00
1.206757741455746435e+00 -3.588721451231062787e+00
1.287208257552796331e+00 -3.485962534340151020e+00
1.367658773649846005e+00 -3.427992050186446704e+00
1.448109289746895678e+00 -3.396412420279116162e+00
1.528559805843945352e+00 -3.366221710026895853e+00
1.609010321940995247e+00 -3.360772132932236644e+00
1.689460838038045143e+00 -3.395729389967862666e+00
1.769911354135094594e+00 -3.399329247415660671e+00
1.850361870232144490e+00 -3.395295404135007633e+00
1.930812386329194386e+00 -3.383182168629999875e+00
2.011262902426244281e+00 -3.323185737782774041e+00
2.091713418523294177e+00 -3.245547366061213079e+00
2.172163934620343628e+00 -3.181565625791106022e+00
2.252614450717393524e+00 -3.146003124329223244e+00
2.333064966814443419e+00 -3.111133586270942164e+00
2.413515482911492871e+00 -3.065902277670153886e+00
2.493965999008542767e+00 -3.035528936003532685e+00
2.574416515105592662e+00 -3.046994283149946359e+00
2.654867031202642558e+00 -3.076936019808369949e+00
2.735317547299692009e+00 -3.096601232681441829e+00
2.815768063396741905e+00 -3.133212082149067879e+00
2.896218579493791356e+00 -3.149935739551094294e+00
2.976669095590841252e+00 -3.169305535517104477e+00
3.057119611687890703e+00 -3.149423720619229261e+00
3.137570127784940599e+00 -3.110572634182839025e+00
3.218020643881990495e+00 -3.087773707214575669e+00
3.298471159979039946e+00 -3.115993766954381794e+00
3.378921676076090286e+00 -3.147980496498602676e+00
3.459372192173139737e+00 -3.144444681482745363e+00
3.539822708270189189e+00 -3.096356349352384019e+00
3.620273224367239528e+00 -3.044167776111657009e+00
3.700723740464288980e+00 -3.031064385601621503e+00
3.781174256561339320e+00 -3.007353200509315538e+00
3.861624772658388771e+00 -3.001766977617803089e+00
3.942075288755438223e+00 -3.032940664595979108e+00
4.022525804852488562e+00 -3.037221830979568438e+00
4.102976320949538014e+00 -3.059093129575995551e+00
4.183426837046588354e+00 -3.097689543867222728e+00
4.263877353143637805e+00 -3.103859894504164885e+00
4.344327869240687257e+00 -3.123741293234899352e+00
4.424778385337737596e+00 -3.148557675159938896e+00
4.505228901434787048e+00 -3.144044292694359033e+00
4.585679417531836499e+00 -3.143762708553947238e+00
4.666129933628886839e+00 -3.162059524552343959e+00
4.746580449725936290e+00 -3.173770799415400301e+00
4.827030965822985742e+00 -3.150291330036042226e+00
4.907481481920036082e+00 -3.130181744675483380e+00
4.987931998017085533e+00 -3.099348904652031500e+00
5.068382514114135873e+00 -3.062026824614533904e+00
5.148833030211185324e+00 -3.041471411868598373e+00
5.229283546308234776e+00 -3.035560889756571790e+00
5.309734062405285115e+00 -3.037474479690530860e+00
5.390184578502334567e+00 -3.049495749992449323e+00
5.470635094599384018e+00 -3.100528292094452798e+00
5.551085610696433470e+00 -3.130485822962965958e+00
5.631536126793483810e+00 -3.131798903044728188e+00
5.711986642890533261e+00 -3.142491766092961658e+00
5.792437158987582713e+00 -3.160480726645320981e+00
5.872887675084633052e+00 -3.179726233198913565e+00
5.953338191181682504e+00 -3.162455333741176933e+00
6.033788707278731955e+00 -3.148122173476186614e+00
6.114239223375781407e+00 -3.135807490863199209e+00
6.194689739472831747e+00 -3.142437117068123342e+00
6.275140255569881198e+00 -3.131623047353873091e+00
6.355590771666931538e+00 -3.128160094732970187e+00
6.436041287763980989e+00 -3.158761166904097362e+00
6.516491803861030441e+00 -3.203572010015594884e+00
6.596942319958079892e+00 -3.222641596118525964e+00
6.677392836055131120e+00 -3.199117236827148769e+00
6.757843352152180572e+00 -3.184685856619509980e+00
6.838293868249230023e+00 -3.170223471325269049e+00
6.918744384346279475e+00 -3.173222825667373126e+00
6.999194900443328926e+00 -3.162410121561668230e+00
7.079645416540378378e+00 -3.139042990685199097e+00
7.160095932637429605e+00 -3.121161840246637897e+00
7.240546448734479057e+00 -3.123811898529451181e+00
7.320996964831528508e+00 -3.128305579695837668e+00
7.401447480928577960e+00 -3.130497905176999218e+00
7.481897997025627411e+00 -3.151352604941725755e+00
7.562348513122678639e+00 -3.165033588301806589e+00
7.642799029219728091e+00 -3.184470139349089735e+00
7.723249545316777542e+00 -3.214981668775815926e+00
7.803700061413826994e+00 -3.204576839841329683e+00
7.884150577510876445e+00 -3.182514213317014562e+00
7.964601093607927673e+00 -3.164691502755403452e+00
8.045051609704977125e+00 -3.173857837334829401e+00
8.125502125802025688e+00 -3.210618613979841385e+00
8.205952641899076028e+00 -3.238207900821415741e+00
8.286403157996124591e+00 -3.239991442754195816e+00
8.366853674093176707e+00 -3.248727718541439824e+00
8.447304190190225270e+00 -3.246395341944781521e+00
8.527754706287275610e+00 -3.240687905520676093e+00
8.608205222384324173e+00 -3.241203953891974798e+00
8.688655738481374513e+00 -3.276345723663911969e+00
8.769106254578423076e+00 -3.313939217538704796e+00
8.849556770675475192e+00 -3.333272028484200789e+00
8.930007286772523756e+00 -3.349905997445566275e+00
9.010457802869574095e+00 -3.347281699525666010e+00
9.090908318966622659e+00 -3.315950331180038013e+00
9.171358835063672998e+00 -3.276884413932537932e+00
9.251809351160723338e+00 -3.241769794975152941e+00
9.332259867257773678e+00 -3.215365215610429317e+00
9.412710383354822241e+00 -3.212662780300759469e+00
9.493160899451872581e+00 -3.223991318620411661e+00
9.573611415548921144e+00 -3.240103496394596494e+00
9.654061931645971484e+00 -3.260385655064500288e+00
9.734512447743021823e+00 -3.259615038866907177e+00
9.814962963840072163e+00 -3.264331306387587617e+00
9.895413479937120727e+00 -3.261441849926673076e+00
9.975863996034171066e+00 -3.274496992112082339e+00
1.005631451213121963e+01 -3.288519804659063350e+00
1.013676502822827175e+01 -3.289003835300423173e+00
1.021721554432532031e+01 -3.285383001880987308e+00
1.029766606042237065e+01 -3.280000787313255728e+00
