0.000000000000000000e+00 -1.549019599857431873e-01
8.045051609704977069e-02 -1.907509028412961438e-01
1.609010321940995414e-01 -5.024306092101795684e-01
2.413515482911492982e-01 -1.126514947428466140e+00
3.218020643881990828e-01 -1.602609692639366035e+00
4.022525804852488118e-01 -2.117845917958537605e+00
4.827030965822985964e-01 -2.511818476310183179e+00
5.631536126793483810e-01 -2.899991635719324279e+00
6.436041287763981655e-01 -3.119678704167975436e+00
7.240546448734478391e-01 -3.217219644171626314e+00
8.045051609704976237e-01 -3.332353359007360183e+00
8.849556770675472972e-01 -3.459601168383070302e+00
9.654061931645971928e-01 -3.492770592054683654e+00
1.045856709261647088e+00 -3.434678778487922468e+00
1.126307225358696762e+00 -3.479771083219995731e+00
1.206757741455746435e+00 -3.606346674334605762e+00
1.287208257552796331e+00 -3.645905826614983525e+00
1.367658773649846005e+00 -3.591187455821502894e+00
1.448109289746895678e+00 -3.536013712449428414e+00
1.528559805843945352e+00 -3.503571112622194228e+00
1.609010321940995247e+00 -3.454440400276894252e+00
1.689460838038045143e+00 -3.398258233730302891e+00
1.769911354135094594e+00 -3.368786081055861636e+00
1.850361870232144490e+00 -3.306518900963925311e+00
1.930812386329194386e+00 -3.140130960821621464e+00
2.011262902426244281e+00 -3.076703120731502761e+00
2.091713418523294177e+00 -3.041271487167920284e+00
2.172163934620343628e+00 -2.977528635041672533e+00
2.252614450717393524e+00 -2.972108167985659133e+00
2.333064966814443419e+00 -3.025365115470965982e+00
2.413515482911492871e+00 -3.063316141525145753e+00
2.493965999008542767e+00 -3.063167743282022570e+00
2.574416515105592662e+00 -3.050553536438687985e+00
2.654867031202642558e+00 -3.059333478591947042e+00
2.735317547299692009e+00 -3.119345301756626387e+00
2.815768063396741905e+00 -3.214398267559122946e+00
2.896218579493791356e+00 -3.239127462768815136e+00
2.976669095590841252e+00 -3.195287767443762306e+00
3.057119611687890703e+00 -3.163630015251071015e+00
3.137570127784940599e+00 -3.192408469402051363e+00
3.218020643881990495e+00 -3.231233451613871210e+00
3.298471159979039946e+00 -3.218090008610328123e+00
3.378921676076090286e+00 -3.162865461357782237e+00
3.459372192173139737e+00 -3.169240712896529644e+00
3.539822708270189189e+00 -3.183763668592185514e+00
3.620273224367239528e+00 -3.154608968653574319e+00
3.700723740464288980e+00 -3.082859653967092939e+00
3.781174256561339320e+00 -3.069293124000353146e+00
3.861624772658388771e+00 -3.112971282800976347e+00
3.942075288755438223e+00 -3.100549424642896845e+00
4.022525804852488562e+00 -3.045658082490699137e+00
4.102976320949538014e+00 -3.025817840867695008e+00
4.183426837046588354e+00 -3.053937935483483468e+00
4.263877353143637805e+00 -3.076717160300729947e+00
4.344327869240687257e+00 -3.104600689342527531e+00
4.424778385337737596e+00 -3.133581626647742091e+00
4.505228901434787048e+00 -3.160801674284063889e+00
4.585679417531836499e+00 -3.171347338895368129e+00
4.666129933628886839e+00 -3.172720639664238895e+00
4.746580449725936290e+00 -3.160436632255615663e+00
4.827030965822985742e+00 -3.158128033449667083e+00
4.907481481920036082e+00 -3.127661637563662111e+00
4.987931998017085533e+00 -3.118154335362930851e+00
5.068382514114135873e+00 -3.128311509754712283e+00
5.148833030211185324e+00 -3.149345895763073777e+00
5.229283546308234776e+00 -3.185485962824056827e+00
5.309734062405285115e+00 -3.181207861084037081e+00
5.390184578502334567e+00 -3.151854221883797713e+00
5.470635094599384018e+00 -3.144962287740454165e+00
5.551085610696433470e+00 -3.164030302081881629e+00
5.631536126793483810e+00 -3.180614299462008798e+00
5.711986642890533261e+00 -3.178618803634972512e+00
5.792437158987582713e+00 -3.170247184543991459e+00
5.872887675084633052e+00 -3.162855998133808910e+00
5.953338191181682504e+00 -3.200738066821381622e+00
6.033788707278731955e+00 -3.232527618639897238e+00
6.114239223375781407e+00 -3.233434391158098720e+00
6.194689739472831747e+00 -3.198844343801860557e+00
6.275140255569881198e+00 -3.182473867133426282e+00
6.355590771666931538e+00 -3.172312595769835042e+00
6.436041287763980989e+00 -3.172475418236389455e+00
6.516491803861030441e+00 -3.162453092225947948e+00
6.596942319958079892e+00 -3.159880644660056692e+00
6.677392836055131120e+00 -3.170346613283093973e+00
6.757843352152180572e+00 -3.201701154679750694e+00
6.838293868249230023e+00 -3.219598715469136341e+00
6.918744384346279475e+00 -3.203690783553851062e+00
6.999194900443328926e+00 -3.204260577285908962e+00
7.079645416540378378e+00 -3.220001562547772700e+00
7.160095932637429605e+00 -3.221402463082629009e+00
7.240546448734479057e+00 -3.225458041568293854e+00
7.320996964831528508e+00 -3.233955018139750504e+00
7.401447480928577960e+00 -3.239637123247955941e+00
7.481897997025627411e+00 -3.225256700348333450e+00
7.562348513122678639e+00 -3.223227647824178810e+00
7.642799029219728091e+00 -3.226962099939444606e+00
7.723249545316777542e+00 -3.219873051135747843e+00
7.803700061413826994e+00 -3.223100188099411678e+00
7.884150577510876445e+00 -3.225092725139929506e+00
7.964601093607927673e+00 -3.195433520802448690e+00
8.045051609704977125e+00 -3.208081115416713036e+00
8.125502125802025688e+00 -3.258137506107500414e+00
8.205952641899076028e+00 -3.294465709882985927e+00
8.286403157996124591e+00 -3.276724991123300512e+00
8.366853674093176707e+00 -3.241579267696251598e+00
8.447304190190225270e+00 -3.250680544369660474e+00
8.527754706287275610e+00 -3.302478615125016059e+00
8.608205222384324173e+00 -3.312940924284931921e+00
8.688655738481374513e+00 -3.310388776531319799e+00
8.769106254578423076e+00 -3.315321583394175597e+00
8.849556770675475192e+00 -3.302751837472557295e+00
8.930007286772523756e+00 -3.278524478139265952e+00
9.010457802869574095e+00 -3.259946842014048940e+00
9.090908318966622659e+00 -3.275845522661805731e+00
9.171358835063672998e+00 -3.282499240421423714e+00
9.251809351160723338e+00 -3.286721153611148694e+00
9.332259867257773678e+00 -3.284517383808761792e+00
9.412710383354822241e+00 -3.320156663838740752e+00
9.493160899451872581e+00 -3.347571689357152991e+00
9.573611415548921144e+00 -3.375922622597886669e+00
9.654061931645971484e+00 -3.381923973811787221e+00
9.734512447743021823e+00 -3.362595471291030869e+00
9.814962963840072163e+00 -3.317926646001973179e+00
9.895413479937120727e+00 -3.312783194044601753e+00
9.975863996034171066e+00 -3.311631873475599175e+00
1.005631451213121963e+01 -3.309214758687020197e+00
1.013676502822827175e+01 -3.316077517353102966e+00
1.021721554432532031e+01 -3.326767107392806455e+00
1.029766606042237065e+01 -3.355643339741291697e+00
