0.000000000000000000e+00 -1.549019599857431873e-01
8.045051609704977069e-02 -2.085938802368335898e-01
1.609010321940995414e-01 -6.093955728275810557e-01
2.413515482911492982e-01 -1.597887190256925827e+00
3.218020643881990828e-01 -2.049659084407253307e+00
4.022525804852488118e-01 -2.447275473743046881e+00
4.827030965822985964e-01 -2.764286266061170227e+00
5.631536126793483810e-01 -2.989780020501225710e+00
6.436041287763981655e-01 -3.191694075299692290e+00
7.240546448734478391e-01 -3.423980972737375339e+00
8.045051609704976237e-01 -3.560835721930615261e+00
8.849556770675472972e-01 -3.649916013597138686e+00
9.654061931645971928e-01 -3.687785251948766607e+00
1.045856709261647088e+00 -3.705789944541981296e+00
1.126307225358696762e+00 -3.788336014727045953e+00
1.206757741455746435e+00 -3.826915799674615482e+00
1.287208257552796331e+00 -3.710935353911244405e+00
1.367658773649846005e+00 -3.574213820265666808e+00
1.448109289746895678e+00 -3.502820515703338078e+00
1.528559805843945352e+00 -3.418759248961384500e+00
1.609010321940995247e+00 -3.329355589062092946e+00
1.689460838038045143e+00 -3.299873050518042916e+00
1.769911354135094594e+00 -3.298115774326165983e+00
1.850361870232144490e+00 -3.294452958690889055e+00
1.930812386329194386e+00 -3.293941266122576650e+00
2.011262902426244281e+00 -3.279438239707515912e+00
2.091713418523294177e+00 -3.227771282367900341e+00
2.172163934620343628e+00 -3.127388237208996724e+00
2.252614450717393524e+00 -3.040965453441505151e+00
2.333064966814443419e+00 -3.031172862082355035e+00
2.413515482911492871e+00 -3.077935023366468403e+00
2.493965999008542767e+00 -3.148092496940193552e+00
2.574416515105592662e+00 -3.135202158621209101e+00
2.654867031202642558e+00 -3.112352179640406558e+00
2.735317547299692009e+00 -3.112244838632556299e+00
2.815768063396741905e+00 -3.127863026280130132e+00
2.896218579493791356e+00 -3.115719885939926659e+00
2.976669095590841252e+00 -3.079891366716750234e+00
3.057119611687890703e+00 -3.039212387674138149e+00
3.137570127784940599e+00 -3.031759926367609381e+00
3.218020643881990495e+00 -3.032298846080442090e+00
3.298471159979039946e+00 -3.047146553291538940e+00
3.378921676076090286e+00 -3.081006093479999208e+00
3.459372192173139737e+00 -3.124494401305410118e+00
3.539822708270189189e+00 -3.156411156466575108e+00
3.620273224367239528e+00 -3.140513913792845280e+00
3.700723740464288980e+00 -3.121022756953308441e+00
3.781174256561339320e+00 -3.133149664672444601e+00
3.861624772658388771e+00 -3.126590165142640654e+00
3.942075288755438223e+00 -3.100364634071103964e+00
4.022525804852488562e+00 -3.101723104349965787e+00
4.102976320949538014e+00 -3.133767783935075268e+00
4.183426837046588354e+00 -3.150093198054104704e+00
4.263877353143637805e+00 -3.167528401532741178e+00
4.344327869240687257e+00 -3.135546841715029842e+00
4.424778385337737596e+00 -3.106809228689979996e+00
4.505228901434787048e+00 -3.098539199401410205e+00
4.585679417531836499e+00 -3.117770913632293528e+00
4.666129933628886839e+00 -3.120358570487427485e+00
4.746580449725936290e+00 -3.128316866382124584e+00
4.827030965822985742e+00 -3.169715539424970974e+00
4.907481481920036082e+00 -3.184157982805196241e+00
4.987931998017085533e+00 -3.156905673158675985e+00
5.068382514114135873e+00 -3.141773889759758465e+00
5.148833030211185324e+00 -3.145407763069244300e+00
5.229283546308234776e+00 -3.159169022218474066e+00
5.309734062405285115e+00 -3.146740513564905584e+00
5.390184578502334567e+00 -3.150783559615278229e+00
5.470635094599384018e+00 -3.139117122420343797e+00
5.551085610696433470e+00 -3.128161158306336898e+00
5.631536126793483810e+00 -3.110495429459363415e+00
5.711986642890533261e+00 -3.119075024892374870e+00
5.792437158987582713e+00 -3.188052450918558378e+00
5.872887675084633052e+00 -3.212949999347544772e+00
5.953338191181682504e+00 -3.187420082678887212e+00
6.033788707278731955e+00 -3.174885361021635877e+00
6.114239223375781407e+00 -3.157875633012406258e+00
6.194689739472831747e+00 -3.148477352054719791e+00
6.275140255569881198e+00 -3.141156793945507619e+00
6.355590771666931538e+00 -3.154929947312240301e+00
6.436041287763980989e+00 -3.183037537613853107e+00
6.516491803861030441e+00 -3.187063098171280640e+00
6.596942319958079892e+00 -3.151223849011439704e+00
6.677392836055131120e+00 -3.163818975979863612e+00
6.757843352152180572e+00 -3.168627052080423834e+00
6.838293868249230023e+00 -3.166805174726569749e+00
6.918744384346279475e+00 -3.177484482985808434e+00
6.999194900443328926e+00 -3.194388691898856880e+00
7.079645416540378378e+00 -3.184973746872882927e+00
7.160095932637429605e+00 -3.195601154895045592e+00
7.240546448734479057e+00 -3.208465861007425701e+00
7.320996964831528508e+00 -3.203287182411586720e+00
7.401447480928577960e+00 -3.196226226113787927e+00
7.481897997025627411e+00 -3.218311341456560726e+00
7.562348513122678639e+00 -3.235433248193286815e+00
7.642799029219728091e+00 -3.247190820647850362e+00
7.723249545316777542e+00 -3.255908971024387810e+00
7.803700061413826994e+00 -3.264891319189652918e+00
7.884150577510876445e+00 -3.256747701460366073e+00
7.964601093607927673e+00 -3.255422992660590875e+00
8.045051609704977125e+00 -3.250163046921016985e+00
8.125502125802025688e+00 -3.251978911071779166e+00
8.205952641899076028e+00 -3.277468032232378370e+00
8.286403157996124591e+00 -3.289874836783779344e+00
8.366853674093176707e+00 -3.283748452974866172e+00
8.447304190190225270e+00 -3.270340063950410769e+00
8.527754706287275610e+00 -3.259283733066530964e+00
8.608205222384324173e+00 -3.258633987810993560e+00
8.688655738481374513e+00 -3.254468084024467966e+00
8.769106254578423076e+00 -3.252972087118285227e+00
8.849556770675475192e+00 -3.248949475591980107e+00
8.930007286772523756e+00 -3.247374212735151477e+00
9.010457802869574095e+00 -3.255028390486260470e+00
9.090908318966622659e+00 -3.259346325510263931e+00
9.171358835063672998e+00 -3.256274840750847943e+00
9.251809351160723338e+00 -3.277691782529159159e+00
9.332259867257773678e+00 -3.304330272380136435e+00
9.412710383354822241e+00 -3.304648690201420269e+00
9.493160899451872581e+00 -3.289378478291069996e+00
9.573611415548921144e+00 -3.309583360397424290e+00
9.654061931645971484e+00 -3.301106423920193933e+00
9.734512447743021823e+00 -3.297126410372064775e+00
9.814962963840072163e+00 -3.309259720748198408e+00
9.895413479937120727e+00 -3.332449121841898787e+00
9.975863996034171066e+00 -3.344756869915819664e+00
1.005631451213121963e+01 -3.351412545624169681e+00
1.013676502822827175e+01 -3.347793845887667263e+00
1.021721554432532031e+01 -3.336071893168399694e+00
1.029766606042237065e+01 -3.327446515588341480e+00
