0.000000000000000000e+00 -1.549019599857431873e-01
8.045051609704977069e-02 -1.958867997177736742e-01
1.609010321940995414e-01 -5.458174978234743291e-01
2.413515482911492982e-01 -1.495831809336236162e+00
3.218020643881990828e-01 -1.961092966902554746e+00
4.022525804852488118e-01 -2.791392746808230463e+00
4.827030965822985964e-01 -3.308380289137539343e+00
5.631536126793483810e-01 -3.526993631964570053e+00
6.436041287763981655e-01 -3.614564800315169357e+00
7.240546448734478391e-01 -3.641939302562577030e+00
8.045051609704976237e-01 -3.768009637644622156e+00
8.849556770675472972e-01 -3.930683698184615160e+00
9.654061931645971928e-01 -3.916496571179286512e+00
1.045856709261647088e+00 -3.861496797567045114e+00
1.126307225358696762e+00 -3.896023873453229314e+00
1.206757741455746435e+00 -3.946735362416649462e+00
1.287208257552796331e+00 -3.928217800386096581e+00
1.367658773649846005e+00 -3.860825626585092429e+00
1.448109289746895678e+00 -3.832252016843280984e+00
1.528559805843945352e+00 -3.823745804566956785e+00
1.609010321940995247e+00 -3.738536589264853660e+00
1.689460838038045143e+00 -3.638315206294107984e+00
1.769911354135094594e+00 -3.568059078172813869e+00
1.850361870232144490e+00 -3.501168603493256093e+00
1.930812386329194386e+00 -3.424980481936664489e+00
2.011262902426244281e+00 -3.325440816182159587e+00
2.091713418523294177e+00 -3.276198046857387247e+00
2.172163934620343628e+00 -3.279033296768611105e+00
2.252614450717393524e+00 -3.255997162125266797e+00
2.333064966814443419e+00 -3.230188921170460858e+00
2.413515482911492871e+00 -3.275007806932920484e+00
2.493965999008542767e+00 -3.343097170028173082e+00
2.574416515105592662e+00 -3.357910913591107160e+00
2.654867031202642558e+00 -3.341761507449940272e+00
2.735317547299692009e+00 -3.341406895988038528e+00
2.815768063396741905e+00 -3.386335308830852320e+00
2.896218579493791356e+00 -3.394848428678427510e+00
2.976669095590841252e+00 -3.348439701902266030e+00
3.057119611687890703e+00 -3.335083708578667316e+00
3.137570127784940599e+00 -3.354337763929804428e+00
3.218020643881990495e+00 -3.376162114323780994e+00
3.298471159979039946e+00 -3.366052345157125369e+00
3.378921676076090286e+00 -3.325609932322126649e+00
3.459372192173139737e+00 -3.290117447446176513e+00
3.539822708270189189e+00 -3.282936849552700931e+00
3.620273224367239528e+00 -3.307921153202765918e+00
3.700723740464288980e+00 -3.319485425660384070e+00
3.781174256561339320e+00 -3.310883337664388471e+00
3.861624772658388771e+00 -3.323806386105367494e+00
3.942075288755438223e+00 -3.377653162859451719e+00
4.022525804852488562e+00 -3.380578610524536565e+00
4.102976320949538014e+00 -3.358620181753348533e+00
4.183426837046588354e+00 -3.339770996236303802e+00
4.263877353143637805e+00 -3.327954809520796697e+00
4.344327869240687257e+00 -3.341951257530030528e+00
4.424778385337737596e+00 -3.370238341657421088e+00
4.505228901434787048e+00 -3.387397115025045480e+00
4.585679417531836499e+00 -3.371836193665652903e+00
4.666129933628886839e+00 -3.385834521553336085e+00
4.746580449725936290e+00 -3.431800085347835871e+00
4.827030965822985742e+00 -3.417454350839296495e+00
4.907481481920036082e+00 -3.351930631323279730e+00
4.987931998017085533e+00 -3.321461343922294862e+00
5.068382514114135873e+00 -3.320660818507316314e+00
5.148833030211185324e+00 -3.330570135855478231e+00
5.229283546308234776e+00 -3.340897889890706018e+00
5.309734062405285115e+00 -3.382722815421771667e+00
5.390184578502334567e+00 -3.436524112160238786e+00
5.470635094599384018e+00 -3.464740187492089341e+00
5.551085610696433470e+00 -3.475967699960962332e+00
5.631536126793483810e+00 -3.458889119182072314e+00
5.711986642890533261e+00 -3.435432920508655563e+00
5.792437158987582713e+00 -3.418142529335341795e+00
5.872887675084633052e+00 -3.422714758142727298e+00
5.953338191181682504e+00 -3.420071711967066719e+00
6.033788707278731955e+00 -3.425958140199105717e+00
6.114239223375781407e+00 -3.438647504621780815e+00
6.194689739472831747e+00 -3.428498299222615397e+00
6.275140255569881198e+00 -3.418242177012989380e+00
6.355590771666931538e+00 -3.420292145631015579e+00
6.436041287763980989e+00 -3.420005311722378760e+00
6.516491803861030441e+00 -3.398011602402931874e+00
6.596942319958079892e+00 -3.417674406723773206e+00
6.677392836055131120e+00 -3.444012992305548249e+00
6.757843352152180572e+00 -3.453955941020609099e+00
6.838293868249230023e+00 -3.462388383721724860e+00
6.918744384346279475e+00 -3.461733862484183355e+00
6.999194900443328926e+00 -3.451556542362549163e+00
7.079645416540378378e+00 -3.441928161267557407e+00
7.160095932637429605e+00 -3.438803251118438542e+00
7.240546448734479057e+00 -3.452833363505910302e+00
7.320996964831528508e+00 -3.442270537259287444e+00
7.401447480928577960e+00 -3.440694484328933989e+00
7.481897997025627411e+00 -3.462043628099765957e+00
7.562348513122678639e+00 -3.468550449459923080e+00
7.642799029219728091e+00 -3.446424486774554818e+00
7.723249545316777542e+00 -3.427066209349881820e+00
7.803700061413826994e+00 -3.443909419174624009e+00
7.884150577510876445e+00 -3.478098539908560660e+00
7.964601093607927673e+00 -3.481318055055029781e+00
8.045051609704977125e+00 -3.442887478741419649e+00
8.125502125802025688e+00 -3.406420340703173011e+00
8.205952641899076028e+00 -3.432686724260257449e+00
8.286403157996124591e+00 -3.484050798866818344e+00
8.366853674093176707e+00 -3.511621584877220315e+00
8.447304190190225270e+00 -3.516566482629333468e+00
8.527754706287275610e+00 -3.506707537809191866e+00
8.608205222384324173e+00 -3.476684089665114552e+00
8.688655738481374513e+00 -3.446176291676172898e+00
8.769106254578423076e+00 -3.448168035303068368e+00
8.849556770675475192e+00 -3.476669564098672005e+00
8.930007286772523756e+00 -3.499109798612591415e+00
9.010457802869574095e+00 -3.504068270396335283e+00
9.090908318966622659e+00 -3.526821899641121583e+00
9.171358835063672998e+00 -3.550763964297274367e+00
9.251809351160723338e+00 -3.539999417634476231e+00
9.332259867257773678e+00 -3.534095667376720762e+00
9.412710383354822241e+00 -3.539475127462230475e+00
9.493160899451872581e+00 -3.541637508192577055e+00
9.573611415548921144e+00 -3.535856693299447517e+00
9.654061931645971484e+00 -3.548934516202567391e+00
9.734512447743021823e+00 -3.552388985801102184e+00
9.814962963840072163e+00 -3.538632636844964097e+00
9.895413479937120727e+00 -3.523335491132686403e+00
9.975863996034171066e+00 -3.515563161453303831e+00
1.005631451213121963e+01 -3.524794358770429792e+00
1.013676502822827175e+01 -3.527306225593559219e+00
1.021721554432532031e+01 -3.511623037247777468e+00
1.029766606042237065e+01 -3.501956996103314790e+00
