0.000000000000000000e+00 -1.549019599857431873e-01
8.045051609704977069e-02 -2.032339815429421437e-01
1.609010321940995414e-01 -5.417777042491227490e-01
2.413515482911492982e-01 -1.368524178553774284e+00
3.218020643881990828e-01 -1.984769264582949111e+00
4.022525804852488118e-01 -2.768376178952427491e+00
4.827030965822985964e-01 -3.404803192444469051e+00
5.631536126793483810e-01 -3.638714011862478337e+00
6.436041287763981655e-01 -3.733803319268720777e+00
7.240546448734478391e-01 -3.750713781269747304e+00
8.045051609704976237e-01 -3.727828874795077851e+00
8.849556770675472972e-01 -3.739450231892753607e+00
9.654061931645971928e-01 -3.795480298279072962e+00
1.045856709261647088e+00 -3.781854839836292115e+00
1.126307225358696762e+00 -3.801431069137702679e+00
1.206757741455746435e+00 -3.889613615881884368e+00
1.287208257552796331e+00 -3.928067011965407751e+00
1.367658773649846005e+00 -3.883802700813856479e+00
1.448109289746895678e+00 -3.841288325570858309e+00
1.528559805843945352e+00 -3.828160831353267568e+00
1.609010321940995247e+00 -3.781705124791415074e+00
1.689460838038045143e+00 -3.660913113042850497e+00
1.769911354135094594e+00 -3.510002407421457082e+00
1.850361870232144490e+00 -3.441028990341154614e+00
1.930812386329194386e+00 -3.402290064487702992e+00
2.011262902426244281e+00 -3.358048410974137976e+00
2.091713418523294177e+00 -3.268572895865264449e+00
2.172163934620343628e+00 -3.244342697255349073e+00
2.252614450717393524e+00 -3.277087804901363643e+00
2.333064966814443419e+00 -3.334678795809778773e+00
2.413515482911492871e+00 -3.328170856762861174e+00
2.493965999008542767e+00 -3.282469226504603821e+00
2.574416515105592662e+00 -3.287227979749451467e+00
2.654867031202642558e+00 -3.275698798102965270e+00
2.735317547299692009e+00 -3.257012982166517023e+00
2.815768063396741905e+00 -3.281210099991285656e+00
2.896218579493791356e+00 -3.356155389595677718e+00
2.976669095590841252e+00 -3.412754472934741656e+00
3.057119611687890703e+00 -3.438862997488172812e+00
3.137570127784940599e+00 -3.425357693713108276e+00
3.218020643881990495e+00 -3.385713336337666135e+00
3.298471159979039946e+00 -3.363907596076337825e+00
3.378921676076090286e+00 -3.336037686285903359e+00
3.459372192173139737e+00 -3.303476104753830356e+00
3.539822708270189189e+00 -3.314129379256411934e+00
3.620273224367239528e+00 -3.344573170486569769e+00
3.700723740464288980e+00 -3.384387124689874238e+00
3.781174256561339320e+00 -3.395102906634388074e+00
3.861624772658388771e+00 -3.393388783282116350e+00
3.942075288755438223e+00 -3.361586808985698394e+00
4.022525804852488562e+00 -3.296862929694315270e+00
4.102976320949538014e+00 -3.245943372194693755e+00
4.183426837046588354e+00 -3.255504404537564067e+00
4.263877353143637805e+00 -3.337007515638902522e+00
4.344327869240687257e+00 -3.402211085607450336e+00
4.424778385337737596e+00 -3.414479948962360289e+00
4.505228901434787048e+00 -3.435012892253435091e+00
4.585679417531836499e+00 -3.434455886392521418e+00
4.666129933628886839e+00 -3.378903149808494266e+00
4.746580449725936290e+00 -3.329926308324461903e+00
4.827030965822985742e+00 -3.330664227055606830e+00
4.907481481920036082e+00 -3.362158256530732192e+00
4.987931998017085533e+00 -3.386805764112554407e+00
5.068382514114135873e+00 -3.383538968101343691e+00
5.148833030211185324e+00 -3.386453844332556251e+00
5.229283546308234776e+00 -3.385941626808042670e+00
5.309734062405285115e+00 -3.364824132944128188e+00
5.390184578502334567e+00 -3.341873542064904612e+00
5.470635094599384018e+00 -3.339240304988159824e+00
5.551085610696433470e+00 -3.342882282406276051e+00
5.631536126793483810e+00 -3.331322074247403897e+00
5.711986642890533261e+00 -3.320964191340051830e+00
5.792437158987582713e+00 -3.335403735194084618e+00
5.872887675084633052e+00 -3.343680598592308151e+00
5.953338191181682504e+00 -3.324777619052706523e+00
6.033788707278731955e+00 -3.320122915231533689e+00
6.114239223375781407e+00 -3.344407258140516426e+00
6.194689739472831747e+00 -3.370557326980745394e+00
6.275140255569881198e+00 -3.378334243382529856e+00
6.355590771666931538e+00 -3.380739414154198208e+00
6.436041287763980989e+00 -3.402847498085605604e+00
6.516491803861030441e+00 -3.448588623831982058e+00
6.596942319958079892e+00 -3.480522277291708821e+00
6.677392836055131120e+00 -3.454454741723375744e+00
6.757843352152180572e+00 -3.415579623735849779e+00
6.838293868249230023e+00 -3.415225627315900514e+00
6.918744384346279475e+00 -3.424281515298877476e+00
6.999194900443328926e+00 -3.398055712447935583e+00
7.079645416540378378e+00 -3.374447565508281066e+00
7.160095932637429605e+00 -3.368488621146656925e+00
7.240546448734479057e+00 -3.395407181944532393e+00
7.320996964831528508e+00 -3.405783346967050207e+00
7.401447480928577960e+00 -3.389096640865318477e+00
7.481897997025627411e+00 -3.412959127334180387e+00
7.562348513122678639e+00 -3.430699640520731286e+00
7.642799029219728091e+00 -3.425227170073998462e+00
7.723249545316777542e+00 -3.423617141201266367e+00
7.803700061413826994e+00 -3.435895708867519716e+00
7.884150577510876445e+00 -3.457320958197914962e+00
7.964601093607927673e+00 -3.468078077376973045e+00
8.045051609704977125e+00 -3.444679885613551207e+00
8.125502125802025688e+00 -3.417175891073036986e+00
8.205952641899076028e+00 -3.406347048884977191e+00
8.286403157996124591e+00 -3.402671337639822546e+00
8.366853674093176707e+00 -3.395569633655264319e+00
8.447304190190225270e+00 -3.424212294724883865e+00
8.527754706287275610e+00 -3.470345006616833317e+00
8.608205222384324173e+00 -3.495198139231727730e+00
8.688655738481374513e+00 -3.498249384818025831e+00
8.769106254578423076e+00 -3.497294657899089110e+00
8.849556770675475192e+00 -3.475045739217103691e+00
8.930007286772523756e+00 -3.461847775613406508e+00
9.010457802869574095e+00 -3.484586520678394361e+00
9.090908318966622659e+00 -3.499107773118097064e+00
9.171358835063672998e+00 -3.493368027844697465e+00
9.251809351160723338e+00 -3.490305438475161726e+00
9.332259867257773678e+00 -3.516850599579629311e+00
9.412710383354822241e+00 -3.547669327825939245e+00
9.493160899451872581e+00 -3.557207957753433458e+00
9.573611415548921144e+00 -3.538262661036029488e+00
9.654061931645971484e+00 -3.531633402063151905e+00
9.734512447743021823e+00 -3.531234634047130339e+00
9.814962963840072163e+00 -3.526748089878958048e+00
9.895413479937120727e+00 -3.507702866839509603e+00
9.975863996034171066e+00 -3.500394767392273287e+00
1.005631451213121963e+01 -3.518431037733567912e+00
1.013676502822827175e+01 -3.539274727590033809e+00
1.021721554432532031e+01 -3.550763450212790495e+00
1.029766606042237065e+01 -3.570527226916735852e+00
