0.000000000000000000e+00 -1.549019599857431873e-01
8.045051609704977069e-02 -2.111059057056605404e-01
1.609010321940995414e-01 -6.357475366812357365e-01
2.413515482911492982e-01 -2.025321847536959208e+00
3.218020643881990828e-01 -2.440300139319051542e+00
4.022525804852488118e-01 -3.082043423581374064e+00
4.827030965822985964e-01 -3.546225387963027664e+00
5.631536126793483810e-01 -3.816981402053926775e+00
6.436041287763981655e-01 -3.851219096258797325e+00
7.240546448734478391e-01 -3.789863334876835577e+00
8.045051609704976237e-01 -3.864351573499209547e+00
8.849556770675472972e-01 -4.032634258794674409e+00
9.654061931645971928e-01 -4.111265724029807167e+00
1.045856709261647088e+00 -4.171232910640840785e+00
1.126307225358696762e+00 -4.137522077061273507e+00
1.206757741455746435e+00 -4.023936989662185937e+00
1.287208257552796331e+00 -3.926941990029896079e+00
1.367658773649846005e+00 -3.904813720738209426e+00
1.448109289746895678e+00 -3.907194011242515419e+00
1.528559805843945352e+00 -3.823168370545463990e+00
1.609010321940995247e+00 -3.665145971620653143e+00
1.689460838038045143e+00 -3.568126824860119228e+00
1.769911354135094594e+00 -3.532634145310929341e+00
1.850361870232144490e+00 -3.482711903134119602e+00
1.930812386329194386e+00 -3.407905420669658181e+00
2.011262902426244281e+00 -3.347952299479437066e+00
2.091713418523294177e+00 -3.323291363580974878e+00
2.172163934620343628e+00 -3.302325250263717926e+00
2.252614450717393524e+00 -3.249409406723602345e+00
2.333064966814443419e+00 -3.226522798289203742e+00
2.413515482911492871e+00 -3.212671951894523925e+00
2.493965999008542767e+00 -3.233211282116685403e+00
2.574416515105592662e+00 -3.244693054352525419e+00
2.654867031202642558e+00 -3.222892493816772674e+00
2.735317547299692009e+00 -3.260428631921670650e+00
2.815768063396741905e+00 -3.337627927208713263e+00
2.896218579493791356e+00 -3.365340193741318320e+00
2.976669095590841252e+00 -3.344349922155941623e+00
3.057119611687890703e+00 -3.344269960178827272e+00
3.137570127784940599e+00 -3.365090457639950738e+00
3.218020643881990495e+00 -3.391904251850064611e+00
3.298471159979039946e+00 -3.395060061086933700e+00
3.378921676076090286e+00 -3.376393037762329463e+00
3.459372192173139737e+00 -3.362522192802494647e+00
3.539822708270189189e+00 -3.346766078685498247e+00
3.620273224367239528e+00 -3.288353501449195804e+00
3.700723740464288980e+00 -3.243180714553155930e+00
3.781174256561339320e+00 -3.253534191742013526e+00
3.861624772658388771e+00 -3.298706919509390101e+00
3.942075288755438223e+00 -3.310923662459418715e+00
4.022525804852488562e+00 -3.315721343317442837e+00
4.102976320949538014e+00 -3.323242236590149279e+00
4.183426837046588354e+00 -3.307507624884587827e+00
4.263877353143637805e+00 -3.293850694503526633e+00
4.344327869240687257e+00 -3.305656818832936050e+00
4.424778385337737596e+00 -3.305430988775906354e+00
4.505228901434787048e+00 -3.325079120374981212e+00
4.585679417531836499e+00 -3.366392517927972339e+00
4.666129933628886839e+00 -3.348592423485154956e+00
4.746580449725936290e+00 -3.301000643558612335e+00
4.827030965822985742e+00 -3.304211750453399876e+00
4.907481481920036082e+00 -3.324774765046670133e+00
4.987931998017085533e+00 -3.323515175029828850e+00
5.068382514114135873e+00 -3.307192819614190427e+00
5.148833030211185324e+00 -3.330993747506258984e+00
5.229283546308234776e+00 -3.379987881074713041e+00
5.309734062405285115e+00 -3.392061888627560418e+00
5.390184578502334567e+00 -3.372259816230493978e+00
5.470635094599384018e+00 -3.338570705697709418e+00
5.551085610696433470e+00 -3.307351062497581040e+00
5.631536126793483810e+00 -3.328232915570526806e+00
5.711986642890533261e+00 -3.369535032673583341e+00
5.792437158987582713e+00 -3.360908582821917179e+00
5.872887675084633052e+00 -3.352358646454910218e+00
5.953338191181682504e+00 -3.386910733132038498e+00
6.033788707278731955e+00 -3.397832588557435862e+00
6.114239223375781407e+00 -3.382994525591848767e+00
6.194689739472831747e+00 -3.410963906335858997e+00
6.275140255569881198e+00 -3.437757190949894071e+00
6.355590771666931538e+00 -3.419234323547128085e+00
6.436041287763980989e+00 -3.425225290967104375e+00
6.516491803861030441e+00 -3.466820076658994498e+00
6.596942319958079892e+00 -3.456744193430746570e+00
6.677392836055131120e+00 -3.425860519502240908e+00
6.757843352152180572e+00 -3.435717140814595005e+00
6.838293868249230023e+00 -3.445438179642859478e+00
6.918744384346279475e+00 -3.419464188602110877e+00
6.999194900443328926e+00 -3.389081338088721473e+00
7.079645416540378378e+00 -3.398649475284704735e+00
7.160095932637429605e+00 -3.447906639404101803e+00
7.240546448734479057e+00 -3.480570681177996839e+00
7.320996964831528508e+00 -3.511387853482215160e+00
7.401447480928577960e+00 -3.517446446060590759e+00
7.481897997025627411e+00 -3.497589466103028233e+00
7.562348513122678639e+00 -3.454302835355536949e+00
7.642799029219728091e+00 -3.421405766271765181e+00
7.723249545316777542e+00 -3.409403294086180036e+00
7.803700061413826994e+00 -3.414938963189916965e+00
7.884150577510876445e+00 -3.441215185064920856e+00
7.964601093607927673e+00 -3.459716945522390397e+00
8.045051609704977125e+00 -3.453630264081930523e+00
8.125502125802025688e+00 -3.464554532956825916e+00
8.205952641899076028e+00 -3.474456775980899970e+00
8.286403157996124591e+00 -3.437727011076144201e+00
8.366853674093176707e+00 -3.409918563110289735e+00
8.447304190190225270e+00 -3.435286952019744433e+00
8.527754706287275610e+00 -3.467814493255581887e+00
8.608205222384324173e+00 -3.475372884774030613e+00
8.688655738481374513e+00 -3.473726045186926292e+00
8.769106254578423076e+00 -3.502523613927492008e+00
8.849556770675475192e+00 -3.501717932775032960e+00
8.930007286772523756e+00 -3.456264765280120610e+00
9.010457802869574095e+00 -3.435337192737524248e+00
9.090908318966622659e+00 -3.475908016755931307e+00
9.171358835063672998e+00 -3.540584051108535579e+00
9.251809351160723338e+00 -3.563152675762100152e+00
9.332259867257773678e+00 -3.534918934076452413e+00
9.412710383354822241e+00 -3.520018322847891401e+00
9.493160899451872581e+00 -3.498511922409847319e+00
9.573611415548921144e+00 -3.499066881495619175e+00
9.654061931645971484e+00 -3.514353953349516946e+00
9.734512447743021823e+00 -3.526323399058941543e+00
9.814962963840072163e+00 -3.517678955734506729e+00
9.895413479937120727e+00 -3.508454787160590449e+00
9.975863996034171066e+00 -3.516664575665289671e+00
1.005631451213121963e+01 -3.539730736827693125e+00
1.013676502822827175e+01 -3.578668452072766737e+00
1.021721554432532031e+01 -3.570065601602641969e+00
1.029766606042237065e+01 -3.549614003593005052e+00
