0.000000000000000000e+00 -1.549019599857431873e-01
8.045051609704977069e-02 -2.043760224760948763e-01
1.609010321940995414e-01 -6.228860838950779355e-01
2.413515482911492982e-01 -2.182230662644974561e+00
3.218020643881990828e-01 -2.991279367960548274e+00
4.022525804852488118e-01 -3.223484450402391399e+00
4.827030965822985964e-01 -3.473761499807473729e+00
5.631536126793483810e-01 -3.686531609832196743e+00
6.436041287763981655e-01 -3.805818918183482058e+00
7.240546448734478391e-01 -3.943506342417792077e+00
8.045051609704976237e-01 -3.944722557938047824e+00
8.849556770675472972e-01 -3.894933115880964358e+00
9.654061931645971928e-01 -3.937152238021135453e+00
1.045856709261647088e+00 -4.056898439467736317e+00
1.126307225358696762e+00 -4.118049392168101619e+00
1.206757741455746435e+00 -4.020680356968964198e+00
1.287208257552796331e+00 -3.886588964497168952e+00
1.367658773649846005e+00 -3.800702266108483052e+00
1.448109289746895678e+00 -3.787447721851519677e+00
1.528559805843945352e+00 -3.798987282045863445e+00
1.609010321940995247e+00 -3.741094498678258162e+00
1.689460838038045143e+00 -3.631114830099919200e+00
1.769911354135094594e+00 -3.522658997463457897e+00
1.850361870232144490e+00 -3.438127129546046490e+00
1.930812386329194386e+00 -3.383357810920537556e+00
2.011262902426244281e+00 -3.328076501095173612e+00
2.091713418523294177e+00 -3.264210229601465230e+00
2.172163934620343628e+00 -3.201617406572764946e+00
2.252614450717393524e+00 -3.176116319637460883e+00
2.333064966814443419e+00 -3.192105034040088718e+00
2.413515482911492871e+00 -3.208889272514006574e+00
2.493965999008542767e+00 -3.230125365549959771e+00
2.574416515105592662e+00 -3.298298879362304259e+00
2.654867031202642558e+00 -3.376405200993803035e+00
2.735317547299692009e+00 -3.411428586340609748e+00
2.815768063396741905e+00 -3.392871508177512929e+00
2.896218579493791356e+00 -3.382812045517819222e+00
2.976669095590841252e+00 -3.392336398416964549e+00
3.057119611687890703e+00 -3.381426181187900504e+00
3.137570127784940599e+00 -3.330152606932162307e+00
3.218020643881990495e+00 -3.304976980089841199e+00
3.298471159979039946e+00 -3.336572939408321226e+00
3.378921676076090286e+00 -3.378627952968120240e+00
3.459372192173139737e+00 -3.404679107003417471e+00
3.539822708270189189e+00 -3.393076275111326368e+00
3.620273224367239528e+00 -3.324666039738925161e+00
3.700723740464288980e+00 -3.259261962944258517e+00
3.781174256561339320e+00 -3.263232628963933291e+00
3.861624772658388771e+00 -3.282867777885882798e+00
3.942075288755438223e+00 -3.280383949554975143e+00
4.022525804852488562e+00 -3.284510859846320407e+00
4.102976320949538014e+00 -3.286673670575095851e+00
4.183426837046588354e+00 -3.308931845011595652e+00
4.263877353143637805e+00 -3.352811937025392375e+00
4.344327869240687257e+00 -3.386731369409276660e+00
4.424778385337737596e+00 -3.413918367695214062e+00
4.505228901434787048e+00 -3.425527410564640718e+00
4.585679417531836499e+00 -3.393260457948859887e+00
4.666129933628886839e+00 -3.304453260197296238e+00
4.746580449725936290e+00 -3.267338064313954682e+00
4.827030965822985742e+00 -3.296880658934376651e+00
4.907481481920036082e+00 -3.355441799838327910e+00
4.987931998017085533e+00 -3.393754113161258523e+00
5.068382514114135873e+00 -3.377112011587600104e+00
5.148833030211185324e+00 -3.329837134967139622e+00
5.229283546308234776e+00 -3.295770431043255844e+00
5.309734062405285115e+00 -3.294936830905679237e+00
5.390184578502334567e+00 -3.328628176034456043e+00
5.470635094599384018e+00 -3.352162045743653618e+00
5.551085610696433470e+00 -3.356151392273032830e+00
5.631536126793483810e+00 -3.368089016766402377e+00
5.711986642890533261e+00 -3.393308010760839544e+00
5.792437158987582713e+00 -3.418501093365533983e+00
5.872887675084633052e+00 -3.451053316462799447e+00
5.953338191181682504e+00 -3.469567631406147878e+00
6.033788707278731955e+00 -3.440237227262048059e+00
6.114239223375781407e+00 -3.388723892352376588e+00
6.194689739472831747e+00 -3.371746414911249712e+00
6.275140255569881198e+00 -3.387642852901946000e+00
6.355590771666931538e+00 -3.414655430714961248e+00
6.436041287763980989e+00 -3.427877089562460178e+00
6.516491803861030441e+00 -3.425008770453650264e+00
6.596942319958079892e+00 -3.434830997011434128e+00
6.677392836055131120e+00 -3.439097657653609197e+00
6.757843352152180572e+00 -3.430327595795934048e+00
6.838293868249230023e+00 -3.433696946883576295e+00
6.918744384346279475e+00 -3.440809218872868058e+00
6.999194900443328926e+00 -3.453076857699734159e+00
7.079645416540378378e+00 -3.439033078582617975e+00
7.160095932637429605e+00 -3.417752822690730774e+00
7.240546448734479057e+00 -3.402631538556230240e+00
7.320996964831528508e+00 -3.412738380231036484e+00
7.401447480928577960e+00 -3.423358993616639978e+00
7.481897997025627411e+00 -3.443621658129946361e+00
7.562348513122678639e+00 -3.457688490380294688e+00
7.642799029219728091e+00 -3.460604396052298526e+00
7.723249545316777542e+00 -3.459142608532452812e+00
7.803700061413826994e+00 -3.440811639476626382e+00
7.884150577510876445e+00 -3.437056000390739552e+00
7.964601093607927673e+00 -3.472078582496240351e+00
8.045051609704977125e+00 -3.489451358300835970e+00
8.125502125802025688e+00 -3.506820671862450833e+00
8.205952641899076028e+00 -3.493203641536697823e+00
8.286403157996124591e+00 -3.462023666830392088e+00
8.366853674093176707e+00 -3.461309438188509890e+00
8.447304190190225270e+00 -3.471699450943527498e+00
8.527754706287275610e+00 -3.476962505009145943e+00
8.608205222384324173e+00 -3.464407462236473556e+00
8.688655738481374513e+00 -3.451007043558612430e+00
8.769106254578423076e+00 -3.458859590671615525e+00
8.849556770675475192e+00 -3.465268398176948317e+00
8.930007286772523756e+00 -3.463566250785939715e+00
9.010457802869574095e+00 -3.474825956027400853e+00
9.090908318966622659e+00 -3.483010085981765425e+00
9.171358835063672998e+00 -3.472704359825371956e+00
9.251809351160723338e+00 -3.463350182864066706e+00
9.332259867257773678e+00 -3.453459623271007306e+00
9.412710383354822241e+00 -3.451056769541291036e+00
9.493160899451872581e+00 -3.460647884083660752e+00
9.573611415548921144e+00 -3.480725361357125180e+00
9.654061931645971484e+00 -3.498539279414167424e+00
9.734512447743021823e+00 -3.509651894198825062e+00
9.814962963840072163e+00 -3.505008213977701903e+00
9.895413479937120727e+00 -3.498310888036944899e+00
9.975863996034171066e+00 -3.516135977650911126e+00
1.005631451213121963e+01 -3.539437770756605151e+00
1.013676502822827175e+01 -3.545656009536052533e+00
1.021721554432532031e+01 -3.555046662350937137e+00
1.029766606042237065e+01 -3.568585666704872761e+00
