0.000000000000000000e+00 -1.549019599857431873e-01
8.045051609704977069e-02 -1.927801387463613236e-01
1.609010321940995414e-01 -5.549779486662971273e-01
2.413515482911492982e-01 -1.682800356407953224e+00
3.218020643881990828e-01 -2.385674246082746919e+00
4.022525804852488118e-01 -2.811019026189283121e+00
4.827030965822985964e-01 -3.211093095647519657e+00
5.631536126793483810e-01 -3.368926767834032887e+00
6.436041287763981655e-01 -3.400316644815251532e+00
7.240546448734478391e-01 -3.512636467111867056e+00
8.045051609704976237e-01 -3.692862163041732426e+00
8.849556770675472972e-01 -3.867328297933158687e+00
9.654061931645971928e-01 -3.989094750580705728e+00
1.045856709261647088e+00 -4.066296759273746453e+00
1.126307225358696762e+00 -4.071872711484067153e+00
1.206757741455746435e+00 -4.049102206274621807e+00
1.287208257552796331e+00 -3.998000679918924494e+00
1.367658773649846005e+00 -3.932744808398808800e+00
1.448109289746895678e+00 -3.781022718834991636e+00
1.528559805843945352e+00 -3.625100513448927142e+00
1.609010321940995247e+00 -3.544496097613453856e+00
1.689460838038045143e+00 -3.491245821804863425e+00
1.769911354135094594e+00 -3.431989220557664755e+00
1.850361870232144490e+00 -3.373363871295265159e+00
1.930812386329194386e+00 -3.349444323448693694e+00
2.011262902426244281e+00 -3.370085838443041659e+00
2.091713418523294177e+00 -3.345690304425523731e+00
2.172163934620343628e+00 -3.309881734281010957e+00
2.252614450717393524e+00 -3.269735384217097529e+00
2.333064966814443419e+00 -3.265038216218763001e+00
2.413515482911492871e+00 -3.302959211201228484e+00
2.493965999008542767e+00 -3.337186221562858712e+00
2.574416515105592662e+00 -3.344668160713331062e+00
2.654867031202642558e+00 -3.382853662435525433e+00
2.735317547299692009e+00 -3.402057040583958081e+00
2.815768063396741905e+00 -3.369529806831137009e+00
2.896218579493791356e+00 -3.353864938203694912e+00
2.976669095590841252e+00 -3.355003417496272622e+00
3.057119611687890703e+00 -3.342211981558531164e+00
3.137570127784940599e+00 -3.311116448962288406e+00
3.218020643881990495e+00 -3.305073257882336968e+00
3.298471159979039946e+00 -3.310751019063158385e+00
3.378921676076090286e+00 -3.338263947287938294e+00
3.459372192173139737e+00 -3.344237190957967343e+00
3.539822708270189189e+00 -3.328922655379205064e+00
3.620273224367239528e+00 -3.305025051211339271e+00
3.700723740464288980e+00 -3.287083321266904168e+00
3.781174256561339320e+00 -3.294546410137033643e+00
3.861624772658388771e+00 -3.298319192515049458e+00
3.942075288755438223e+00 -3.270025977586520582e+00
4.022525804852488562e+00 -3.244619601284141286e+00
4.102976320949538014e+00 -3.229797377507105605e+00
4.183426837046588354e+00 -3.248491803084239127e+00
4.263877353143637805e+00 -3.287394535420351094e+00
4.344327869240687257e+00 -3.305531816410974155e+00
4.424778385337737596e+00 -3.279564344538307807e+00
4.505228901434787048e+00 -3.276167668899361285e+00
4.585679417531836499e+00 -3.314151469698715324e+00
4.666129933628886839e+00 -3.362120498032926896e+00
4.746580449725936290e+00 -3.388967827947506617e+00
4.827030965822985742e+00 -3.400759166168456193e+00
4.907481481920036082e+00 -3.423166637401683587e+00
4.987931998017085533e+00 -3.437959461091041558e+00
5.068382514114135873e+00 -3.410718082708477539e+00
5.148833030211185324e+00 -3.353095083343336391e+00
5.229283546308234776e+00 -3.303290271345776574e+00
5.309734062405285115e+00 -3.277016174551559136e+00
5.390184578502334567e+00 -3.275168102723096553e+00
5.470635094599384018e+00 -3.288389502111799700e+00
5.551085610696433470e+00 -3.314686097419147881e+00
5.631536126793483810e+00 -3.334618092979374726e+00
5.711986642890533261e+00 -3.334502634211824912e+00
5.792437158987582713e+00 -3.315386278027265821e+00
5.872887675084633052e+00 -3.293114660120158188e+00
5.953338191181682504e+00 -3.311394898101618800e+00
6.033788707278731955e+00 -3.337909741576444489e+00
6.114239223375781407e+00 -3.343264636243966414e+00
6.194689739472831747e+00 -3.351275978584264514e+00
6.275140255569881198e+00 -3.335474760485465762e+00
6.355590771666931538e+00 -3.321798375040857731e+00
6.436041287763980989e+00 -3.356829499004421180e+00
6.516491803861030441e+00 -3.389285953508936799e+00
6.596942319958079892e+00 -3.392493529811519082e+00
6.677392836055131120e+00 -3.394791556114204134e+00
6.757843352152180572e+00 -3.397091760709872954e+00
6.838293868249230023e+00 -3.392580445507908493e+00
6.918744384346279475e+00 -3.375378160885769141e+00
6.999194900443328926e+00 -3.362546836799556349e+00
7.079645416540378378e+00 -3.360604398601251486e+00
7.160095932637429605e+00 -3.392434104814939122e+00
7.240546448734479057e+00 -3.432041519485235614e+00
7.320996964831528508e+00 -3.443987429853517135e+00
7.401447480928577960e+00 -3.415099130852742082e+00
7.481897997025627411e+00 -3.375677842333423051e+00
7.562348513122678639e+00 -3.371636483827200603e+00
7.642799029219728091e+00 -3.407782942458263964e+00
7.723249545316777542e+00 -3.442059277867591138e+00
7.803700061413826994e+00 -3.473739675975521912e+00
7.884150577510876445e+00 -3.455552033651523747e+00
7.964601093607927673e+00 -3.432684174845373803e+00
8.045051609704977125e+00 -3.415981262266104768e+00
8.125502125802025688e+00 -3.415889434842429573e+00
8.205952641899076028e+00 -3.442159284730422097e+00
8.286403157996124591e+00 -3.447172321738131817e+00
8.366853674093176707e+00 -3.422585457060319580e+00
8.447304190190225270e+00 -3.422012827474292695e+00
8.527754706287275610e+00 -3.408988077041392728e+00
8.608205222384324173e+00 -3.387722028787116368e+00
8.688655738481374513e+00 -3.392201748339896739e+00
8.769106254578423076e+00 -3.428951386609759844e+00
8.849556770675475192e+00 -3.465446112041759452e+00
8.930007286772523756e+00 -3.470542874898955965e+00
9.010457802869574095e+00 -3.463596466287226949e+00
9.090908318966622659e+00 -3.452193480211549037e+00
9.171358835063672998e+00 -3.436769185938654214e+00
9.251809351160723338e+00 -3.451942669199167035e+00
9.332259867257773678e+00 -3.478628704184912213e+00
9.412710383354822241e+00 -3.493045386115877893e+00
9.493160899451872581e+00 -3.488068974240202014e+00
9.573611415548921144e+00 -3.507463112828229423e+00
9.654061931645971484e+00 -3.503333345953279387e+00
9.734512447743021823e+00 -3.501129709349976693e+00
9.814962963840072163e+00 -3.501399034153165335e+00
9.895413479937120727e+00 -3.500147832947573256e+00
9.975863996034171066e+00 -3.488198382185949686e+00
1.005631451213121963e+01 -3.484763561452745684e+00
1.013676502822827175e+01 -3.488836095753602873e+00
1.021721554432532031e+01 -3.507248075941759691e+00
1.029766606042237065e+01 -3.526756119377344678e+00
