0.000000000000000000e+00 -1.549019599857431873e-01
8.045051609704977069e-02 -1.930120790242534357e-01
1.609010321940995414e-01 -5.496329959493633233e-01
2.413515482911492982e-01 -1.737702350441770571e+00
3.218020643881990828e-01 -2.821396427776096782e+00
4.022525804852488118e-01 -2.962302409486565757e+00
4.827030965822985964e-01 -3.207276625399987591e+00
5.631536126793483810e-01 -3.464709981489343615e+00
6.436041287763981655e-01 -3.715401920075326103e+00
7.240546448734478391e-01 -3.973635594580021024e+00
8.045051609704976237e-01 -4.060565990575524253e+00
8.849556770675472972e-01 -4.061685608083381638e+00
9.654061931645971928e-01 -4.145405064474545931e+00
1.045856709261647088e+00 -4.222930190484739832e+00
1.126307225358696762e+00 -4.185115406448455921e+00
1.206757741455746435e+00 -4.017725059671811039e+00
1.287208257552796331e+00 -3.857279509780841664e+00
1.367658773649846005e+00 -3.751051330808234940e+00
1.448109289746895678e+00 -3.692656521311202589e+00
1.528559805843945352e+00 -3.653930412973322994e+00
1.609010321940995247e+00 -3.616118494024206598e+00
1.689460838038045143e+00 -3.604063077615363042e+00
1.769911354135094594e+00 -3.568716596455791201e+00
1.850361870232144490e+00 -3.470005608120131591e+00
1.930812386329194386e+00 -3.369013552090542429e+00
2.011262902426244281e+00 -3.324148764506792642e+00
2.091713418523294177e+00 -3.293993131055925616e+00
2.172163934620343628e+00 -3.302970384132134285e+00
2.252614450717393524e+00 -3.248242980257034063e+00
2.333064966814443419e+00 -3.213746365069015010e+00
2.413515482911492871e+00 -3.234492617470125619e+00
2.493965999008542767e+00 -3.277451619138173289e+00
2.574416515105592662e+00 -3.307944448726161557e+00
2.654867031202642558e+00 -3.347220062128228868e+00
2.735317547299692009e+00 -3.378141522145361009e+00
2.815768063396741905e+00 -3.403931447080136063e+00
2.896218579493791356e+00 -3.388724880996415667e+00
2.976669095590841252e+00 -3.398462119588986141e+00
3.057119611687890703e+00 -3.412461030312360588e+00
3.137570127784940599e+00 -3.434437753568770901e+00
3.218020643881990495e+00 -3.397895086188174041e+00
3.298471159979039946e+00 -3.339626192992442455e+00
3.378921676076090286e+00 -3.281193409739172839e+00
3.459372192173139737e+00 -3.254042996868748538e+00
3.539822708270189189e+00 -3.219896481561550949e+00
3.620273224367239528e+00 -3.210636476868949263e+00
3.700723740464288980e+00 -3.245785698440301736e+00
3.781174256561339320e+00 -3.285783141814807795e+00
3.861624772658388771e+00 -3.279757007081650411e+00
3.942075288755438223e+00 -3.284499077631743980e+00
4.022525804852488562e+00 -3.310573671000837326e+00
4.102976320949538014e+00 -3.286522802698205403e+00
4.183426837046588354e+00 -3.265495282054197368e+00
4.263877353143637805e+00 -3.284539818102107489e+00
4.344327869240687257e+00 -3.304639753859084816e+00
4.424778385337737596e+00 -3.346133127272317598e+00
4.505228901434787048e+00 -3.372352349467899746e+00
4.585679417531836499e+00 -3.363496649986272846e+00
4.666129933628886839e+00 -3.345351197917372676e+00
4.746580449725936290e+00 -3.338069015938528672e+00
4.827030965822985742e+00 -3.357803695325433768e+00
4.907481481920036082e+00 -3.383253065143513538e+00
4.987931998017085533e+00 -3.392568595384195529e+00
5.068382514114135873e+00 -3.408590387235091779e+00
5.148833030211185324e+00 -3.415910744543483979e+00
5.229283546308234776e+00 -3.386466802251112185e+00
5.309734062405285115e+00 -3.338203903261427019e+00
5.390184578502334567e+00 -3.311902096121998706e+00
5.470635094599384018e+00 -3.322576208087705041e+00
5.551085610696433470e+00 -3.362152432819604631e+00
5.631536126793483810e+00 -3.385066703262970655e+00
5.711986642890533261e+00 -3.400150414223815698e+00
5.792437158987582713e+00 -3.387379686499833564e+00
5.872887675084633052e+00 -3.368500305239085169e+00
5.953338191181682504e+00 -3.357510668778143526e+00
6.033788707278731955e+00 -3.370012534913227054e+00
6.114239223375781407e+00 -3.389809488482986133e+00
6.194689739472831747e+00 -3.403592179758266667e+00
6.275140255569881198e+00 -3.388928200200689744e+00
6.355590771666931538e+00 -3.403477882432516477e+00
6.436041287763980989e+00 -3.415731468183928587e+00
6.516491803861030441e+00 -3.414975734563502563e+00
6.596942319958079892e+00 -3.420302367810426514e+00
6.677392836055131120e+00 -3.431787186722558225e+00
6.757843352152180572e+00 -3.424848312985184329e+00
6.838293868249230023e+00 -3.397475877806873434e+00
6.918744384346279475e+00 -3.369543585386667761e+00
6.999194900443328926e+00 -3.380255785435833715e+00
7.079645416540378378e+00 -3.437351262855579570e+00
7.160095932637429605e+00 -3.449338302396641520e+00
7.240546448734479057e+00 -3.421221064428940917e+00
7.320996964831528508e+00 -3.400923930714997656e+00
7.401447480928577960e+00 -3.382201059971185142e+00
7.481897997025627411e+00 -3.384160940528281536e+00
7.562348513122678639e+00 -3.403804014886512963e+00
7.642799029219728091e+00 -3.399852303192596459e+00
7.723249545316777542e+00 -3.387415818076734642e+00
7.803700061413826994e+00 -3.391800828732429274e+00
7.884150577510876445e+00 -3.395894849400154847e+00
7.964601093607927673e+00 -3.412131922441150600e+00
8.045051609704977125e+00 -3.435967533104061555e+00
8.125502125802025688e+00 -3.438328579763516579e+00
8.205952641899076028e+00 -3.415770414521093645e+00
8.286403157996124591e+00 -3.413642311681268637e+00
8.366853674093176707e+00 -3.425886589920562830e+00
8.447304190190225270e+00 -3.453191936358196656e+00
8.527754706287275610e+00 -3.483255518663563421e+00
8.608205222384324173e+00 -3.505750628359781906e+00
8.688655738481374513e+00 -3.482905149940663136e+00
8.769106254578423076e+00 -3.447315919340157908e+00
8.849556770675475192e+00 -3.431230114556230504e+00
8.930007286772523756e+00 -3.453853672339577408e+00
9.010457802869574095e+00 -3.457738837054895598e+00
9.090908318966622659e+00 -3.423460411971036788e+00
9.171358835063672998e+00 -3.408899513969647188e+00
9.251809351160723338e+00 -3.414927516572734412e+00
9.332259867257773678e+00 -3.421325771414968298e+00
9.412710383354822241e+00 -3.433639126081942106e+00
9.493160899451872581e+00 -3.448479599008970720e+00
9.573611415548921144e+00 -3.468311124998589179e+00
9.654061931645971484e+00 -3.483061235227833841e+00
9.734512447743021823e+00 -3.482474251644422036e+00
9.814962963840072163e+00 -3.478341523131892821e+00
9.895413479937120727e+00 -3.482068000248579320e+00
9.975863996034171066e+00 -3.505836448034628905e+00
1.005631451213121963e+01 -3.515806802290195154e+00
1.013676502822827175e+01 -3.507240314228983191e+00
1.021721554432532031e+01 -3.521098452458284012e+00
1.029766606042237065e+01 -3.516871544094295476e+00
