0.000000000000000000e+00 -1.549019599857431873e-01
8.045051609704977069e-02 -1.828418721815541215e-01
1.609010321940995414e-01 -4.283373098251966882e-01
2.413515482911492982e-01 -8.913229510628242203e-01
3.218020643881990828e-01 -1.519598791228437218e+00
4.022525804852488118e-01 -2.115316473424953880e+00
4.827030965822985964e-01 -3.128758034612711292e+00
5.631536126793483810e-01 -3.198825835649779403e+00
6.436041287763981655e-01 -3.179749151713906485e+00
7.240546448734478391e-01 -3.288723807661272147e+00
8.045051609704976237e-01 -3.497558607743302073e+00
8.849556770675472972e-01 -3.782014516060672182e+00
9.654061931645971928e-01 -3.952462361539794689e+00
1.045856709261647088e+00 -3.952620932272530307e+00
1.126307225358696762e+00 -3.894953496327520526e+00
1.206757741455746435e+00 -3.859759441583066941e+00
1.287208257552796331e+00 -3.834365787743615694e+00
1.367658773649846005e+00 -3.747889041391601950e+00
1.448109289746895678e+00 -3.699091074780613386e+00
1.528559805843945352e+00 -3.689275923071885455e+00
1.609010321940995247e+00 -3.667518898544635420e+00
1.689460838038045143e+00 -3.631681606219957725e+00
1.769911354135094594e+00 -3.557917531002480427e+00
1.850361870232144490e+00 -3.479400498149078036e+00
1.930812386329194386e+00 -3.399509902461704147e+00
2.011262902426244281e+00 -3.368000974685597004e+00
2.091713418523294177e+00 -3.365944552083603991e+00
2.172163934620343628e+00 -3.309141894029111075e+00
2.252614450717393524e+00 -3.280780301989933534e+00
2.333064966814443419e+00 -3.299609938110703578e+00
2.413515482911492871e+00 -3.312681382267129493e+00
2.493965999008542767e+00 -3.300029594287376522e+00
2.574416515105592662e+00 -3.263931124773548742e+00
2.654867031202642558e+00 -3.247463196007935426e+00
2.735317547299692009e+00 -3.260606462886025625e+00
2.815768063396741905e+00 -3.305077651352354984e+00
2.896218579493791356e+00 -3.349254647837042853e+00
2.976669095590841252e+00 -3.356887075435622148e+00
3.057119611687890703e+00 -3.368450083031582221e+00
3.137570127784940599e+00 -3.396508845096751106e+00
3.218020643881990495e+00 -3.380145074155076035e+00
3.298471159979039946e+00 -3.348934692042844219e+00
3.378921676076090286e+00 -3.333207226008671142e+00
3.459372192173139737e+00 -3.309562444225980560e+00
3.539822708270189189e+00 -3.265628045317259698e+00
3.620273224367239528e+00 -3.263274780693139032e+00
3.700723740464288980e+00 -3.274999092217473873e+00
3.781174256561339320e+00 -3.288552050371354785e+00
3.861624772658388771e+00 -3.288259098677139391e+00
3.942075288755438223e+00 -3.297226480856169317e+00
4.022525804852488562e+00 -3.306216049058590123e+00
4.102976320949538014e+00 -3.308814922519455859e+00
4.183426837046588354e+00 -3.303474419557931085e+00
4.263877353143637805e+00 -3.286571040424730139e+00
4.344327869240687257e+00 -3.265099331330630239e+00
4.424778385337737596e+00 -3.256116028281081043e+00
4.505228901434787048e+00 -3.271413816111723438e+00
4.585679417531836499e+00 -3.305939034495719575e+00
4.666129933628886839e+00 -3.324047981072513203e+00
4.746580449725936290e+00 -3.329127618520655307e+00
4.827030965822985742e+00 -3.316003965124586728e+00
4.907481481920036082e+00 -3.304564007401026071e+00
4.987931998017085533e+00 -3.317278033928896974e+00
5.068382514114135873e+00 -3.333386732680437170e+00
5.148833030211185324e+00 -3.334945799086139306e+00
5.229283546308234776e+00 -3.349061447518099310e+00
5.309734062405285115e+00 -3.378786930678501665e+00
5.390184578502334567e+00 -3.413873802042756811e+00
5.470635094599384018e+00 -3.435016215983579535e+00
5.551085610696433470e+00 -3.451879333398186755e+00
5.631536126793483810e+00 -3.456620637717177313e+00
5.711986642890533261e+00 -3.458587411929739286e+00
5.792437158987582713e+00 -3.444454332763904336e+00
5.872887675084633052e+00 -3.414473529903748084e+00
5.953338191181682504e+00 -3.371910573656118792e+00
6.033788707278731955e+00 -3.355436261278012644e+00
6.114239223375781407e+00 -3.369344874682762114e+00
6.194689739472831747e+00 -3.415759410868896229e+00
6.275140255569881198e+00 -3.460640788269139456e+00
6.355590771666931538e+00 -3.485143720738318684e+00
6.436041287763980989e+00 -3.491541068274428561e+00
6.516491803861030441e+00 -3.487112451259827939e+00
6.596942319958079892e+00 -3.472619595469071729e+00
6.677392836055131120e+00 -3.433566332847490798e+00
6.757843352152180572e+00 -3.382146678282133667e+00
6.838293868249230023e+00 -3.324690808968892686e+00
6.918744384346279475e+00 -3.325173413189256966e+00
6.999194900443328926e+00 -3.357674070575313863e+00
7.079645416540378378e+00 -3.388398596004063901e+00
7.160095932637429605e+00 -3.415766164327476595e+00
7.240546448734479057e+00 -3.444864504638714742e+00
7.320996964831528508e+00 -3.482390765238120522e+00
7.401447480928577960e+00 -3.491998595399969485e+00
7.481897997025627411e+00 -3.490187567980062244e+00
7.562348513122678639e+00 -3.462543694296329466e+00
7.642799029219728091e+00 -3.448269766707281914e+00
7.723249545316777542e+00 -3.445667856622302683e+00
7.803700061413826994e+00 -3.458310046043511221e+00
7.884150577510876445e+00 -3.474481560707301409e+00
7.964601093607927673e+00 -3.495234217199543636e+00
8.045051609704977125e+00 -3.493312248473007919e+00
8.125502125802025688e+00 -3.465763695589240800e+00
8.205952641899076028e+00 -3.476299431300588605e+00
8.286403157996124591e+00 -3.506634570114055549e+00
8.366853674093176707e+00 -3.518367827415656457e+00
8.447304190190225270e+00 -3.500406032988427452e+00
8.527754706287275610e+00 -3.448277664478387905e+00
8.608205222384324173e+00 -3.426443639547532172e+00
8.688655738481374513e+00 -3.419903509865299895e+00
8.769106254578423076e+00 -3.420939818952677403e+00
8.849556770675475192e+00 -3.424598169176908069e+00
8.930007286772523756e+00 -3.454132420277971072e+00
9.010457802869574095e+00 -3.469695956911516443e+00
9.090908318966622659e+00 -3.454369932847072722e+00
9.171358835063672998e+00 -3.448856987088672277e+00
9.251809351160723338e+00 -3.441155638618727863e+00
9.332259867257773678e+00 -3.446722984148196112e+00
9.412710383354822241e+00 -3.440302684494775498e+00
9.493160899451872581e+00 -3.466366861154166923e+00
9.573611415548921144e+00 -3.502054323407487235e+00
9.654061931645971484e+00 -3.520795709120718708e+00
9.734512447743021823e+00 -3.532633303719983520e+00
9.814962963840072163e+00 -3.521330428766217047e+00
9.895413479937120727e+00 -3.520775163749587211e+00
9.975863996034171066e+00 -3.532217453037963750e+00
1.005631451213121963e+01 -3.529515958253120367e+00
1.013676502822827175e+01 -3.541065163632897583e+00
1.021721554432532031e+01 -3.531232106077827115e+00
1.029766606042237065e+01 -3.505685624882671547e+00
