0.000000000000000000e+00 -1.549019599857431873e-01
8.045051609704977069e-02 -2.049418280259113212e-01
1.609010321940995414e-01 -6.313567027925116593e-01
2.413515482911492982e-01 -2.582323857022589486e+00
3.218020643881990828e-01 -2.870358459454203537e+00
4.022525804852488118e-01 -2.888102083869201753e+00
4.827030965822985964e-01 -3.209355535854896413e+00
5.631536126793483810e-01 -3.640479794681767967e+00
6.436041287763981655e-01 -3.861862226197158243e+00
7.240546448734478391e-01 -3.931696610066088393e+00
8.045051609704976237e-01 -3.992118815576537472e+00
8.849556770675472972e-01 -4.038403680027319531e+00
9.654061931645971928e-01 -4.082345937666484126e+00
1.045856709261647088e+00 -4.071504127388596572e+00
1.126307225358696762e+00 -4.046693046988525388e+00
1.206757741455746435e+00 -4.012868691866762205e+00
1.287208257552796331e+00 -3.972972868102607524e+00
1.367658773649846005e+00 -3.913264801458673059e+00
1.448109289746895678e+00 -3.822331434194417454e+00
1.528559805843945352e+00 -3.762055024740276199e+00
1.609010321940995247e+00 -3.724594777718841954e+00
1.689460838038045143e+00 -3.610198039474897147e+00
1.769911354135094594e+00 -3.482946717717928298e+00
1.850361870232144490e+00 -3.418963036134718969e+00
1.930812386329194386e+00 -3.452298221605382356e+00
2.011262902426244281e+00 -3.439232721559809747e+00
2.091713418523294177e+00 -3.371068629556270402e+00
2.172163934620343628e+00 -3.313612892916016239e+00
2.252614450717393524e+00 -3.280600039112780753e+00
2.333064966814443419e+00 -3.273620416617325724e+00
2.413515482911492871e+00 -3.308566689409029760e+00
2.493965999008542767e+00 -3.307293616769605649e+00
2.574416515105592662e+00 -3.308555946616371646e+00
2.654867031202642558e+00 -3.332570236440964173e+00
2.735317547299692009e+00 -3.360888323178257586e+00
2.815768063396741905e+00 -3.372267249642206810e+00
2.896218579493791356e+00 -3.335281644684777724e+00
2.976669095590841252e+00 -3.289358912279796598e+00
3.057119611687890703e+00 -3.264804865524732147e+00
3.137570127784940599e+00 -3.265195914772359487e+00
3.218020643881990495e+00 -3.259264739421546153e+00
3.298471159979039946e+00 -3.257799054965232255e+00
3.378921676076090286e+00 -3.295406470797275666e+00
3.459372192173139737e+00 -3.349576517243666451e+00
3.539822708270189189e+00 -3.376293351671316501e+00
3.620273224367239528e+00 -3.366095796784258631e+00
3.700723740464288980e+00 -3.344804000587451753e+00
3.781174256561339320e+00 -3.282897308598073050e+00
3.861624772658388771e+00 -3.227900268387321692e+00
3.942075288755438223e+00 -3.218628407977723427e+00
4.022525804852488562e+00 -3.276226510689391969e+00
4.102976320949538014e+00 -3.340208171646425583e+00
4.183426837046588354e+00 -3.384369573955811727e+00
4.263877353143637805e+00 -3.347577189525086538e+00
4.344327869240687257e+00 -3.297459630799772334e+00
4.424778385337737596e+00 -3.278785520269304143e+00
4.505228901434787048e+00 -3.307107881027727014e+00
4.585679417531836499e+00 -3.298193216078737056e+00
4.666129933628886839e+00 -3.279442558634440008e+00
4.746580449725936290e+00 -3.278895272338770983e+00
4.827030965822985742e+00 -3.316095677174673462e+00
4.907481481920036082e+00 -3.343118174544963406e+00
4.987931998017085533e+00 -3.336987543896112296e+00
5.068382514114135873e+00 -3.342847372317154786e+00
5.148833030211185324e+00 -3.382803117787622771e+00
5.229283546308234776e+00 -3.420248491787265976e+00
5.309734062405285115e+00 -3.397039975456515482e+00
5.390184578502334567e+00 -3.345545699733786904e+00
5.470635094599384018e+00 -3.338271190613069539e+00
5.551085610696433470e+00 -3.361732012694882865e+00
5.631536126793483810e+00 -3.372148711854999092e+00
5.711986642890533261e+00 -3.371881413440778186e+00
5.792437158987582713e+00 -3.367489871793414302e+00
5.872887675084633052e+00 -3.358011068785611286e+00
5.953338191181682504e+00 -3.341403547206117874e+00
6.033788707278731955e+00 -3.321715328636488884e+00
6.114239223375781407e+00 -3.310118888485960920e+00
6.194689739472831747e+00 -3.306345206118278313e+00
6.275140255569881198e+00 -3.292320882147274919e+00
6.355590771666931538e+00 -3.310767758583880394e+00
6.436041287763980989e+00 -3.370837530444100061e+00
6.516491803861030441e+00 -3.431673527318335637e+00
6.596942319958079892e+00 -3.457950127510271532e+00
6.677392836055131120e+00 -3.439873374004047690e+00
6.757843352152180572e+00 -3.417527473191888543e+00
6.838293868249230023e+00 -3.411858956572416890e+00
6.918744384346279475e+00 -3.396641887871425958e+00
6.999194900443328926e+00 -3.359007880091747111e+00
7.079645416540378378e+00 -3.327388150366946906e+00
7.160095932637429605e+00 -3.353249718028843418e+00
7.240546448734479057e+00 -3.412524949312587541e+00
7.320996964831528508e+00 -3.412598232074790960e+00
7.401447480928577960e+00 -3.372397514943221708e+00
7.481897997025627411e+00 -3.366545689439198519e+00
7.562348513122678639e+00 -3.413910324533989460e+00
7.642799029219728091e+00 -3.450940045570511927e+00
7.723249545316777542e+00 -3.448378831240044295e+00
7.803700061413826994e+00 -3.429469999184412199e+00
7.884150577510876445e+00 -3.413024743421829932e+00
7.964601093607927673e+00 -3.432092480110876753e+00
8.045051609704977125e+00 -3.446237182051793191e+00
8.125502125802025688e+00 -3.443522909378066377e+00
8.205952641899076028e+00 -3.445749551790443288e+00
8.286403157996124591e+00 -3.452004683098025772e+00
8.366853674093176707e+00 -3.462006260719689532e+00
8.447304190190225270e+00 -3.444771528711407349e+00
8.527754706287275610e+00 -3.443630003114712235e+00
8.608205222384324173e+00 -3.433311743844640329e+00
8.688655738481374513e+00 -3.429693186042998221e+00
8.769106254578423076e+00 -3.436605811403725230e+00
8.849556770675475192e+00 -3.457500099662451643e+00
8.930007286772523756e+00 -3.478111064520965190e+00
9.010457802869574095e+00 -3.474005538540262616e+00
9.090908318966622659e+00 -3.464886782074735105e+00
9.171358835063672998e+00 -3.457317836160120894e+00
9.251809351160723338e+00 -3.451639105326792745e+00
9.332259867257773678e+00 -3.468710944638341509e+00
9.412710383354822241e+00 -3.482688877800319993e+00
9.493160899451872581e+00 -3.478521932318281884e+00
9.573611415548921144e+00 -3.493811920518210545e+00
9.654061931645971484e+00 -3.509087079867773351e+00
9.734512447743021823e+00 -3.499137027965584235e+00
9.814962963840072163e+00 -3.516892722455201348e+00
9.895413479937120727e+00 -3.540497447673389697e+00
9.975863996034171066e+00 -3.550739898958024998e+00
1.005631451213121963e+01 -3.541732627015140356e+00
1.013676502822827175e+01 -3.543857625028377090e+00
1.021721554432532031e+01 -3.565736819802914681e+00
1.029766606042237065e+01 -3.590616730805212153e+00
