0.000000000000000000e+00 -1.549019599857431873e-01
8.045051609704977069e-02 -1.991803916316540191e-01
1.609010321940995414e-01 -5.650253910587905715e-01
2.413515482911492982e-01 -2.090985239224165682e+00
3.218020643881990828e-01 -2.728183427980160669e+00
4.022525804852488118e-01 -2.959146740473227677e+00
4.827030965822985964e-01 -3.287540510966974416e+00
5.631536126793483810e-01 -3.461894490672759339e+00
6.436041287763981655e-01 -3.616960031573139389e+00
7.240546448734478391e-01 -3.765158457820605875e+00
8.045051609704976237e-01 -3.894931532282929432e+00
8.849556770675472972e-01 -3.931245227853899404e+00
9.654061931645971928e-01 -3.990887760613617719e+00
1.045856709261647088e+00 -4.062167535994581691e+00
1.126307225358696762e+00 -4.064894911071350592e+00
1.206757741455746435e+00 -4.017115698091910936e+00
1.287208257552796331e+00 -3.950914040185861342e+00
1.367658773649846005e+00 -3.822987170490023345e+00
1.448109289746895678e+00 -3.722162706220239148e+00
1.528559805843945352e+00 -3.702738954317745801e+00
1.609010321940995247e+00 -3.708494985318964154e+00
1.689460838038045143e+00 -3.636965024310367944e+00
1.769911354135094594e+00 -3.531390471316560919e+00
1.850361870232144490e+00 -3.411844180453177611e+00
1.930812386329194386e+00 -3.322717881656156891e+00
2.011262902426244281e+00 -3.303862290468772223e+00
2.091713418523294177e+00 -3.329441248260617492e+00
2.172163934620343628e+00 -3.337949531565603589e+00
2.252614450717393524e+00 -3.319338272785306465e+00
2.333064966814443419e+00 -3.339441759604126592e+00
2.413515482911492871e+00 -3.362535908008744912e+00
2.493965999008542767e+00 -3.349977163900798249e+00
2.574416515105592662e+00 -3.311544157228742513e+00
2.654867031202642558e+00 -3.275018968493753846e+00
2.735317547299692009e+00 -3.278657403791306546e+00
2.815768063396741905e+00 -3.310236973489317336e+00
2.896218579493791356e+00 -3.328899736627940698e+00
2.976669095590841252e+00 -3.328198664805267715e+00
3.057119611687890703e+00 -3.323852195871185078e+00
3.137570127784940599e+00 -3.298555509853918544e+00
3.218020643881990495e+00 -3.295219676262061803e+00
3.298471159979039946e+00 -3.309414507822400875e+00
3.378921676076090286e+00 -3.328744477477488140e+00
3.459372192173139737e+00 -3.329014322693780503e+00
3.539822708270189189e+00 -3.275189018837661337e+00
3.620273224367239528e+00 -3.257581551758137017e+00
3.700723740464288980e+00 -3.284756378942828459e+00
3.781174256561339320e+00 -3.328662310649680656e+00
3.861624772658388771e+00 -3.318475493527823339e+00
3.942075288755438223e+00 -3.289355686825327751e+00
4.022525804852488562e+00 -3.266039930445597594e+00
4.102976320949538014e+00 -3.260828914885240959e+00
4.183426837046588354e+00 -3.279776677218738890e+00
4.263877353143637805e+00 -3.291264710974188379e+00
4.344327869240687257e+00 -3.290686935847032313e+00
4.424778385337737596e+00 -3.311064163458336651e+00
4.505228901434787048e+00 -3.350486616287141395e+00
4.585679417531836499e+00 -3.343817869417602395e+00
4.666129933628886839e+00 -3.313026112596795247e+00
4.746580449725936290e+00 -3.318132388553056700e+00
4.827030965822985742e+00 -3.342533713836009390e+00
4.907481481920036082e+00 -3.355615844814125115e+00
4.987931998017085533e+00 -3.384000981640761463e+00
5.068382514114135873e+00 -3.405985480360705253e+00
5.148833030211185324e+00 -3.398170426843666991e+00
5.229283546308234776e+00 -3.359965054975039056e+00
5.309734062405285115e+00 -3.302309048829988658e+00
5.390184578502334567e+00 -3.290677235467445616e+00
5.470635094599384018e+00 -3.307904583974899282e+00
5.551085610696433470e+00 -3.335604966926204007e+00
5.631536126793483810e+00 -3.365427276093490683e+00
5.711986642890533261e+00 -3.403359432640787219e+00
5.792437158987582713e+00 -3.417103825198694711e+00
5.872887675084633052e+00 -3.417034332611176950e+00
5.953338191181682504e+00 -3.406288622147633838e+00
6.033788707278731955e+00 -3.375841220957532585e+00
6.114239223375781407e+00 -3.350550095087679203e+00
6.194689739472831747e+00 -3.347183991819097759e+00
6.275140255569881198e+00 -3.336434372689600192e+00
6.355590771666931538e+00 -3.353315408920618079e+00
6.436041287763980989e+00 -3.381346396766800488e+00
6.516491803861030441e+00 -3.400663305872658082e+00
6.596942319958079892e+00 -3.382752072171778313e+00
6.677392836055131120e+00 -3.367712577512559147e+00
6.757843352152180572e+00 -3.393740289116314202e+00
6.838293868249230023e+00 -3.427993004727481363e+00
6.918744384346279475e+00 -3.395448133759749965e+00
6.999194900443328926e+00 -3.336105850978894782e+00
7.079645416540378378e+00 -3.315506563478025637e+00
7.160095932637429605e+00 -3.323648927694426547e+00
7.240546448734479057e+00 -3.345904238586493218e+00
7.320996964831528508e+00 -3.359453076926014692e+00
7.401447480928577960e+00 -3.389988657023522478e+00
7.481897997025627411e+00 -3.413472694221395098e+00
7.562348513122678639e+00 -3.423068240189755418e+00
7.642799029219728091e+00 -3.410569554281873028e+00
7.723249545316777542e+00 -3.396536235233426737e+00
7.803700061413826994e+00 -3.410406973324370483e+00
7.884150577510876445e+00 -3.444529642882917297e+00
7.964601093607927673e+00 -3.446653910996611891e+00
8.045051609704977125e+00 -3.404545976469774970e+00
8.125502125802025688e+00 -3.382691380065657505e+00
8.205952641899076028e+00 -3.405876309442287031e+00
8.286403157996124591e+00 -3.448532656698001464e+00
8.366853674093176707e+00 -3.475039451268084889e+00
8.447304190190225270e+00 -3.465731591794802391e+00
8.527754706287275610e+00 -3.460091813282885287e+00
8.608205222384324173e+00 -3.484505410189500552e+00
8.688655738481374513e+00 -3.487276481812114692e+00
8.769106254578423076e+00 -3.461561109002562198e+00
8.849556770675475192e+00 -3.438485715160614742e+00
8.930007286772523756e+00 -3.429638704347923284e+00
9.010457802869574095e+00 -3.425566544865995766e+00
9.090908318966622659e+00 -3.452453620469075002e+00
9.171358835063672998e+00 -3.477678435916808919e+00
9.251809351160723338e+00 -3.485339495271484456e+00
9.332259867257773678e+00 -3.502969649554235065e+00
9.412710383354822241e+00 -3.513579455289270737e+00
9.493160899451872581e+00 -3.520750133954813066e+00
9.573611415548921144e+00 -3.504632215185336630e+00
9.654061931645971484e+00 -3.498621296145402404e+00
9.734512447743021823e+00 -3.495257401870042635e+00
9.814962963840072163e+00 -3.516706024902791494e+00
9.895413479937120727e+00 -3.534435685419557771e+00
9.975863996034171066e+00 -3.531638208752373220e+00
1.005631451213121963e+01 -3.519832558681771584e+00
1.013676502822827175e+01 -3.519267986892001154e+00
1.021721554432532031e+01 -3.527372276767890558e+00
1.029766606042237065e+01 -3.523288150941297658e+00
