0.000000000000000000e+00 -1.549019599857431873e-01
8.045051609704977069e-02 -1.986620119191601086e-01
1.609010321940995414e-01 -5.199881512090805957e-01
2.413515482911492982e-01 -1.844764396761854108e+00
3.218020643881990828e-01 -2.500972573906722562e+00
4.022525804852488118e-01 -2.967192545699850026e+00
4.827030965822985964e-01 -3.285887032260699225e+00
5.631536126793483810e-01 -3.510483949509610291e+00
6.436041287763981655e-01 -3.660429396740926489e+00
7.240546448734478391e-01 -3.738660614267617532e+00
8.045051609704976237e-01 -3.785560176776674446e+00
8.849556770675472972e-01 -3.834255964957891116e+00
9.654061931645971928e-01 -3.914967849509034092e+00
1.045856709261647088e+00 -3.988846878721782119e+00
1.126307225358696762e+00 -3.978746154026048920e+00
1.206757741455746435e+00 -3.905873870114967783e+00
1.287208257552796331e+00 -3.861743801097080819e+00
1.367658773649846005e+00 -3.864284386385201220e+00
1.448109289746895678e+00 -3.844848975976550953e+00
1.528559805843945352e+00 -3.765967853512891317e+00
1.609010321940995247e+00 -3.672986385882438753e+00
1.689460838038045143e+00 -3.640035084431074264e+00
1.769911354135094594e+00 -3.619800688827087054e+00
1.850361870232144490e+00 -3.562239999914410316e+00
1.930812386329194386e+00 -3.515446928898330103e+00
2.011262902426244281e+00 -3.526102187599439830e+00
2.091713418523294177e+00 -3.501272095861000633e+00
2.172163934620343628e+00 -3.427992946976150979e+00
2.252614450717393524e+00 -3.323791931510370556e+00
2.333064966814443419e+00 -3.250767915948845399e+00
2.413515482911492871e+00 -3.260993263703774847e+00
2.493965999008542767e+00 -3.309207647152893728e+00
2.574416515105592662e+00 -3.342104050968419227e+00
2.654867031202642558e+00 -3.337019526609565467e+00
2.735317547299692009e+00 -3.369576398880912205e+00
2.815768063396741905e+00 -3.390919438212792514e+00
2.896218579493791356e+00 -3.336001492717853623e+00
2.976669095590841252e+00 -3.285236773693871015e+00
3.057119611687890703e+00 -3.311715633051048435e+00
3.137570127784940599e+00 -3.376802219639457814e+00
3.218020643881990495e+00 -3.399896278922360349e+00
3.298471159979039946e+00 -3.391545197323527550e+00
3.378921676076090286e+00 -3.369563013875068958e+00
3.459372192173139737e+00 -3.342966062976191477e+00
3.539822708270189189e+00 -3.341624790341929163e+00
3.620273224367239528e+00 -3.343857614800072042e+00
3.700723740464288980e+00 -3.356033518489480727e+00
3.781174256561339320e+00 -3.343662366818366039e+00
3.861624772658388771e+00 -3.340898520857797926e+00
3.942075288755438223e+00 -3.368347351853566263e+00
4.022525804852488562e+00 -3.400628938219206976e+00
4.102976320949538014e+00 -3.418481988990882847e+00
4.183426837046588354e+00 -3.425013694051176394e+00
4.263877353143637805e+00 -3.434856559142235977e+00
4.344327869240687257e+00 -3.432285349082357051e+00
4.424778385337737596e+00 -3.427819429121013339e+00
4.505228901434787048e+00 -3.407097290300059367e+00
4.585679417531836499e+00 -3.404713852678845409e+00
4.666129933628886839e+00 -3.431753159691494304e+00
4.746580449725936290e+00 -3.437017024637909035e+00
4.827030965822985742e+00 -3.395707288009577773e+00
4.907481481920036082e+00 -3.380131341533166633e+00
4.987931998017085533e+00 -3.377827521564160662e+00
5.068382514114135873e+00 -3.381260740479140381e+00
5.148833030211185324e+00 -3.382669600887598271e+00
5.229283546308234776e+00 -3.369864705837731123e+00
5.309734062405285115e+00 -3.362045389409356488e+00
5.390184578502334567e+00 -3.357901990251209057e+00
5.470635094599384018e+00 -3.377679867896287824e+00
5.551085610696433470e+00 -3.399756772663966142e+00
5.631536126793483810e+00 -3.393679927880094649e+00
5.711986642890533261e+00 -3.363549108646963770e+00
5.792437158987582713e+00 -3.361686879610338963e+00
5.872887675084633052e+00 -3.370239556707521622e+00
5.953338191181682504e+00 -3.401395167260121255e+00
6.033788707278731955e+00 -3.434144344740750032e+00
6.114239223375781407e+00 -3.456592058007606827e+00
6.194689739472831747e+00 -3.432947245072253128e+00
6.275140255569881198e+00 -3.413288910968516721e+00
6.355590771666931538e+00 -3.419924797661539007e+00
6.436041287763980989e+00 -3.455964221699519001e+00
6.516491803861030441e+00 -3.445175874529747606e+00
6.596942319958079892e+00 -3.414540512236666547e+00
6.677392836055131120e+00 -3.395529111819192813e+00
6.757843352152180572e+00 -3.388719849135102269e+00
6.838293868249230023e+00 -3.376789859353107381e+00
6.918744384346279475e+00 -3.382792471220365638e+00
6.999194900443328926e+00 -3.398447296378408922e+00
7.079645416540378378e+00 -3.404120335337778691e+00
7.160095932637429605e+00 -3.398644538356179190e+00
7.240546448734479057e+00 -3.438071239124990797e+00
7.320996964831528508e+00 -3.480878585246783619e+00
7.401447480928577960e+00 -3.491176094507104199e+00
7.481897997025627411e+00 -3.486807813652731625e+00
7.562348513122678639e+00 -3.483345614195154205e+00
7.642799029219728091e+00 -3.471381935561411058e+00
7.723249545316777542e+00 -3.444559464801240534e+00
7.803700061413826994e+00 -3.421406397222462648e+00
7.884150577510876445e+00 -3.430003337112599748e+00
7.964601093607927673e+00 -3.472377567809090237e+00
8.045051609704977125e+00 -3.514049578724693479e+00
8.125502125802025688e+00 -3.536957348289180292e+00
8.205952641899076028e+00 -3.538390395498125951e+00
8.286403157996124591e+00 -3.535532294344716497e+00
8.366853674093176707e+00 -3.528372491014943435e+00
8.447304190190225270e+00 -3.527041884474826805e+00
8.527754706287275610e+00 -3.520895548719917834e+00
8.608205222384324173e+00 -3.521358895071593498e+00
8.688655738481374513e+00 -3.522771003686720359e+00
8.769106254578423076e+00 -3.514832100332905718e+00
8.849556770675475192e+00 -3.495186480816689922e+00
8.930007286772523756e+00 -3.490784172164531629e+00
9.010457802869574095e+00 -3.515188784995496363e+00
9.090908318966622659e+00 -3.512236263737777531e+00
9.171358835063672998e+00 -3.508233531908039105e+00
9.251809351160723338e+00 -3.528072937963850464e+00
9.332259867257773678e+00 -3.552877041548047732e+00
9.412710383354822241e+00 -3.557600976932948633e+00
9.493160899451872581e+00 -3.551849671623271920e+00
9.573611415548921144e+00 -3.527362705474630378e+00
9.654061931645971484e+00 -3.488025370260790847e+00
9.734512447743021823e+00 -3.461577124643742120e+00
9.814962963840072163e+00 -3.475659124074375494e+00
9.895413479937120727e+00 -3.511698137566870326e+00
9.975863996034171066e+00 -3.530505837702655025e+00
1.005631451213121963e+01 -3.542014692475662585e+00
1.013676502822827175e+01 -3.556830753429184977e+00
1.021721554432532031e+01 -3.588653840555402486e+00
1.029766606042237065e+01 -3.605178197954814756e+00
