0.000000000000000000e+00 -1.549019599857431873e-01
8.045051609704977069e-02 -1.947273364412236696e-01
1.609010321940995414e-01 -5.602563493720972287e-01
2.413515482911492982e-01 -1.590588068751087159e+00
3.218020643881990828e-01 -2.155413677259153005e+00
4.022525804852488118e-01 -2.596245640736984051e+00
4.827030965822985964e-01 -3.086810761582719831e+00
5.631536126793483810e-01 -3.191817955468481571e+00
6.436041287763981655e-01 -3.291640592646868591e+00
7.240546448734478391e-01 -3.571894053929991930e+00
8.045051609704976237e-01 -3.759686070845273953e+00
8.849556770675472972e-01 -3.809632938321386497e+00
9.654061931645971928e-01 -3.802312645109043210e+00
1.045856709261647088e+00 -3.832553215855474704e+00
1.126307225358696762e+00 -3.887968336905988753e+00
1.206757741455746435e+00 -3.842850264474711341e+00
1.287208257552796331e+00 -3.717941444886941671e+00
1.367658773649846005e+00 -3.675450834047843340e+00
1.448109289746895678e+00 -3.721234338226707461e+00
1.528559805843945352e+00 -3.740028868375884663e+00
1.609010321940995247e+00 -3.616783697182256674e+00
1.689460838038045143e+00 -3.492716779572860197e+00
1.769911354135094594e+00 -3.419013285003562608e+00
1.850361870232144490e+00 -3.412944713434586497e+00
1.930812386329194386e+00 -3.384972312355358337e+00
2.011262902426244281e+00 -3.304885926554060660e+00
2.091713418523294177e+00 -3.210013417859028273e+00
2.172163934620343628e+00 -3.232336084138998089e+00
2.252614450717393524e+00 -3.258972965538970534e+00
2.333064966814443419e+00 -3.227643012804783496e+00
2.413515482911492871e+00 -3.195414123857979849e+00
2.493965999008542767e+00 -3.187995817893177541e+00
2.574416515105592662e+00 -3.232514904097087971e+00
2.654867031202642558e+00 -3.280656888925810311e+00
2.735317547299692009e+00 -3.305061279528025420e+00
2.815768063396741905e+00 -3.333513544035156873e+00
2.896218579493791356e+00 -3.361677297184277879e+00
2.976669095590841252e+00 -3.338010281819969283e+00
3.057119611687890703e+00 -3.308154151583940994e+00
3.137570127784940599e+00 -3.345147418652727467e+00
3.218020643881990495e+00 -3.359270323100690181e+00
3.298471159979039946e+00 -3.370850119525515165e+00
3.378921676076090286e+00 -3.353446835028094597e+00
3.459372192173139737e+00 -3.326478408415417753e+00
3.539822708270189189e+00 -3.312055835444063678e+00
3.620273224367239528e+00 -3.306693569179210090e+00
3.700723740464288980e+00 -3.319855070137184949e+00
3.781174256561339320e+00 -3.285797938572898147e+00
3.861624772658388771e+00 -3.238578746642980732e+00
3.942075288755438223e+00 -3.220756545655745651e+00
4.022525804852488562e+00 -3.239758829602492618e+00
4.102976320949538014e+00 -3.297674686742285921e+00
4.183426837046588354e+00 -3.347040808028315606e+00
4.263877353143637805e+00 -3.359278272519635511e+00
4.344327869240687257e+00 -3.333267249942411414e+00
4.424778385337737596e+00 -3.312061562963401595e+00
4.505228901434787048e+00 -3.301318956617729672e+00
4.585679417531836499e+00 -3.296414296374474695e+00
4.666129933628886839e+00 -3.288601557111909823e+00
4.746580449725936290e+00 -3.289702915894277879e+00
4.827030965822985742e+00 -3.305176001524606111e+00
4.907481481920036082e+00 -3.306602057562525232e+00
4.987931998017085533e+00 -3.311345952441953955e+00
5.068382514114135873e+00 -3.317924592134957607e+00
5.148833030211185324e+00 -3.312117011392162080e+00
5.229283546308234776e+00 -3.330862063166901699e+00
5.309734062405285115e+00 -3.355178563892238230e+00
5.390184578502334567e+00 -3.352830457203889836e+00
5.470635094599384018e+00 -3.374460125921674436e+00
5.551085610696433470e+00 -3.397499586604927124e+00
5.631536126793483810e+00 -3.389517908204032093e+00
5.711986642890533261e+00 -3.392867899791510933e+00
5.792437158987582713e+00 -3.411947679446543535e+00
5.872887675084633052e+00 -3.408258447625093002e+00
5.953338191181682504e+00 -3.412472253082803775e+00
6.033788707278731955e+00 -3.406411257590570063e+00
6.114239223375781407e+00 -3.395982328660851035e+00
6.194689739472831747e+00 -3.388120552506802330e+00
6.275140255569881198e+00 -3.370134832515256917e+00
6.355590771666931538e+00 -3.324476303695440560e+00
6.436041287763980989e+00 -3.312759277452567819e+00
6.516491803861030441e+00 -3.344307346394668645e+00
6.596942319958079892e+00 -3.388887371667009596e+00
6.677392836055131120e+00 -3.423351583958889055e+00
6.757843352152180572e+00 -3.437296774496886087e+00
6.838293868249230023e+00 -3.419700135161018562e+00
6.918744384346279475e+00 -3.389820825940459859e+00
6.999194900443328926e+00 -3.374859735311181552e+00
7.079645416540378378e+00 -3.376658204847379441e+00
7.160095932637429605e+00 -3.374505356889533569e+00
7.240546448734479057e+00 -3.357401428350099692e+00
7.320996964831528508e+00 -3.349612719229012825e+00
7.401447480928577960e+00 -3.357134362773624758e+00
7.481897997025627411e+00 -3.392232813472333852e+00
7.562348513122678639e+00 -3.424725644852867568e+00
7.642799029219728091e+00 -3.413152529104263699e+00
7.723249545316777542e+00 -3.385436674616852493e+00
7.803700061413826994e+00 -3.376995877936439516e+00
7.884150577510876445e+00 -3.413738681786148366e+00
7.964601093607927673e+00 -3.447815884337980030e+00
8.045051609704977125e+00 -3.456653233668951497e+00
8.125502125802025688e+00 -3.452700197222537959e+00
8.205952641899076028e+00 -3.450761511142425686e+00
8.286403157996124591e+00 -3.459550298258726286e+00
8.366853674093176707e+00 -3.463788667418106648e+00
8.447304190190225270e+00 -3.454495524655387229e+00
8.527754706287275610e+00 -3.433113275291888478e+00
8.608205222384324173e+00 -3.426404409249660610e+00
8.688655738481374513e+00 -3.448912628573316486e+00
8.769106254578423076e+00 -3.454507450373478061e+00
8.849556770675475192e+00 -3.427201935168938451e+00
8.930007286772523756e+00 -3.409828093674380778e+00
9.010457802869574095e+00 -3.427320736425758962e+00
9.090908318966622659e+00 -3.443941407187371073e+00
9.171358835063672998e+00 -3.466125543216785232e+00
9.251809351160723338e+00 -3.503261045150259267e+00
9.332259867257773678e+00 -3.553510775428198265e+00
9.412710383354822241e+00 -3.556902848677480300e+00
9.493160899451872581e+00 -3.538036687206137287e+00
9.573611415548921144e+00 -3.519695904901148253e+00
9.654061931645971484e+00 -3.516741625172838059e+00
9.734512447743021823e+00 -3.501561931612000134e+00
9.814962963840072163e+00 -3.485016051188233988e+00
9.895413479937120727e+00 -3.467772100901423293e+00
9.975863996034171066e+00 -3.464943773525852588e+00
1.005631451213121963e+01 -3.476231601970535934e+00
1.013676502822827175e+01 -3.494438693142885022e+00
1.021721554432532031e+01 -3.507694237923715264e+00
1.029766606042237065e+01 -3.526640517755244453e+00
