0.000000000000000000e+00 -1.549019599857431873e-01
8.045051609704977069e-02 -3.904051411025905582e-01
1.609010321940995414e-01 -1.181466361419141853e+00
2.413515482911492982e-01 -2.732964780936077531e+00
3.218020643881990828e-01 -3.496645323418399176e+00
4.022525804852488118e-01 -4.901192215246170214e+00
4.827030965822985964e-01 -6.271735554948551616e+00
5.631536126793483810e-01 -6.321741195740966823e+00
6.436041287763981655e-01 -6.335295494860155863e+00
7.240546448734478391e-01 -6.678076941913482223e+00
8.045051609704976237e-01 -7.216194280319560228e+00
8.849556770675472972e-01 -7.620573116031612138e+00
9.654061931645971928e-01 -7.822263938346616818e+00
1.045856709261647088e+00 -7.793872037909456374e+00
1.126307225358696762e+00 -7.653598604607313227e+00
1.206757741455746435e+00 -7.518422554065153030e+00
1.287208257552796331e+00 -7.466267204573135530e+00
1.367658773649846005e+00 -7.622790173874652631e+00
1.448109289746895678e+00 -7.798275718856674921e+00
1.528559805843945352e+00 -7.776035620130238968e+00
1.609010321940995247e+00 -7.565171662983402712e+00
1.689460838038045143e+00 -7.378559689247907727e+00
1.769911354135094594e+00 -7.124320675879088682e+00
1.850361870232144490e+00 -6.862032537412644295e+00
1.930812386329194386e+00 -6.680286238938587751e+00
2.011262902426244281e+00 -6.542087110189341637e+00
2.091713418523294177e+00 -6.404285617603673764e+00
2.172163934620343628e+00 -6.337527591395176074e+00
2.252614450717393524e+00 -6.406516563883352333e+00
2.333064966814443419e+00 -6.550865164832144316e+00
2.413515482911492871e+00 -6.718566508644456370e+00
2.493965999008542767e+00 -6.798718037374556822e+00
2.574416515105592662e+00 -6.730320875700657623e+00
2.654867031202642558e+00 -6.624151590615922736e+00
2.735317547299692009e+00 -6.584108483233159781e+00
2.815768063396741905e+00 -6.603045426641942051e+00
2.896218579493791356e+00 -6.617188210049001817e+00
2.976669095590841252e+00 -6.679481498556985919e+00
3.057119611687890703e+00 -6.751621407093320038e+00
3.137570127784940599e+00 -6.741570853030095734e+00
3.218020643881990495e+00 -6.599915556439738040e+00
3.298471159979039946e+00 -6.527379094266878568e+00
3.378921676076090286e+00 -6.523578507853651232e+00
3.459372192173139737e+00 -6.510231941068829187e+00
3.539822708270189189e+00 -6.466883777000290046e+00
3.620273224367239528e+00 -6.472772224776528027e+00
3.700723740464288980e+00 -6.529109737879870146e+00
3.781174256561339320e+00 -6.623908372953678736e+00
3.861624772658388771e+00 -6.723991000688041453e+00
3.942075288755438223e+00 -6.825378307225509644e+00
4.022525804852488562e+00 -6.844805214782862635e+00
4.102976320949538014e+00 -6.775063479532105859e+00
4.183426837046588354e+00 -6.652349761422346575e+00
4.263877353143637805e+00 -6.636097661300567552e+00
4.344327869240687257e+00 -6.709509077744865380e+00
4.424778385337737596e+00 -6.737356080481305298e+00
4.505228901434787048e+00 -6.652603317523587023e+00
4.585679417531836499e+00 -6.582473933964081425e+00
4.666129933628886839e+00 -6.556571301905735005e+00
4.746580449725936290e+00 -6.624913761629541042e+00
4.827030965822985742e+00 -6.722208126779947612e+00
4.907481481920036082e+00 -6.789984262283792482e+00
4.987931998017085533e+00 -6.739045434818822677e+00
5.068382514114135873e+00 -6.731748571227832656e+00
5.148833030211185324e+00 -6.738437032307838415e+00
5.229283546308234776e+00 -6.775663589504437034e+00
5.309734062405285115e+00 -6.732030390123237673e+00
5.390184578502334567e+00 -6.724837851342287287e+00
5.470635094599384018e+00 -6.737604024288815552e+00
5.551085610696433470e+00 -6.793748841788209702e+00
5.631536126793483810e+00 -6.818150461669853613e+00
5.711986642890533261e+00 -6.802356197760312639e+00
5.792437158987582713e+00 -6.746229260867496969e+00
5.872887675084633052e+00 -6.780358391584552891e+00
5.953338191181682504e+00 -6.791040305646198760e+00
6.033788707278731955e+00 -6.744591950357536447e+00
6.114239223375781407e+00 -6.697774815588918074e+00
6.194689739472831747e+00 -6.672991698187672682e+00
6.275140255569881198e+00 -6.668538852548386409e+00
6.355590771666931538e+00 -6.723896587214346354e+00
6.436041287763980989e+00 -6.792356189436774550e+00
6.516491803861030441e+00 -6.818671342107950117e+00
6.596942319958079892e+00 -6.826533905240278699e+00
6.677392836055131120e+00 -6.836627061428369956e+00
6.757843352152180572e+00 -6.849936255321999568e+00
6.838293868249230023e+00 -6.869121230217986707e+00
6.918744384346279475e+00 -6.911826101618609997e+00
6.999194900443328926e+00 -6.942244941903495281e+00
7.079645416540378378e+00 -6.926190818086535472e+00
7.160095932637429605e+00 -6.924949658820213294e+00
7.240546448734479057e+00 -6.883179678024764492e+00
7.320996964831528508e+00 -6.818671473863604504e+00
7.401447480928577960e+00 -6.816022777336413263e+00
7.481897997025627411e+00 -6.812500318820994494e+00
7.562348513122678639e+00 -6.742615695641211992e+00
7.642799029219728091e+00 -6.661736200006542319e+00
7.723249545316777542e+00 -6.662671872868099143e+00
7.803700061413826994e+00 -6.780647841900406370e+00
7.884150577510876445e+00 -6.892798489954504504e+00
7.964601093607927673e+00 -6.914832650616005161e+00
8.045051609704977125e+00 -6.868242370918646422e+00
8.125502125802025688e+00 -6.884687295222744474e+00
8.205952641899076028e+00 -6.929128324120839011e+00
8.286403157996124591e+00 -6.943543248685607239e+00
8.366853674093176707e+00 -6.873296247196245545e+00
8.447304190190225270e+00 -6.866171746943144250e+00
8.527754706287275610e+00 -6.934352770664587773e+00
8.608205222384324173e+00 -6.972109464618255537e+00
8.688655738481374513e+00 -6.983364048681888647e+00
8.769106254578423076e+00 -6.936961931449605601e+00
8.849556770675475192e+00 -6.919795299598005656e+00
8.930007286772523756e+00 -6.896731598538734964e+00
9.010457802869574095e+00 -6.914296701077484286e+00
9.090908318966622659e+00 -6.945047567785459286e+00
9.171358835063672998e+00 -6.940594572770391935e+00
9.251809351160723338e+00 -6.935038094704259137e+00
9.332259867257773678e+00 -7.013715065009957783e+00
9.412710383354822241e+00 -7.054204380215274739e+00
9.493160899451872581e+00 -7.056566683431452880e+00
9.573611415548921144e+00 -7.072563813796264753e+00
9.654061931645971484e+00 -7.083612028883247369e+00
9.734512447743021823e+00 -7.092390114760732445e+00
9.814962963840072163e+00 -7.050652886366497896e+00
9.895413479937120727e+00 -7.004325984758581924e+00
9.975863996034171066e+00 -7.000110006186790024e+00
1.005631451213121963e+01 -7.049077452015310108e+00
1.013676502822827175e+01 -7.092114215540086697e+00
1.021721554432532031e+01 -7.101467045304799441e+00
1.029766606042237065e+01 -7.068529349273958928e+00
