0.000000000000000000e+00 -1.549019599857431873e-01
8.045051609704977069e-02 -2.066366426755501251e-01
1.609010321940995414e-01 -6.081041716965901456e-01
2.413515482911492982e-01 -1.488950099255086812e+00
3.218020643881990828e-01 -1.954120789643736478e+00
4.022525804852488118e-01 -2.684952734269940855e+00
4.827030965822985964e-01 -3.371048658761986339e+00
5.631536126793483810e-01 -3.474755461063915973e+00
6.436041287763981655e-01 -3.537658591311474421e+00
7.240546448734478391e-01 -3.698963455243593490e+00
8.045051609704976237e-01 -3.949684707357542290e+00
8.849556770675472972e-01 -4.096041014689383530e+00
9.654061931645971928e-01 -4.073688586230746367e+00
1.045856709261647088e+00 -4.011849523793230787e+00
1.126307225358696762e+00 -4.020147955714524990e+00
1.206757741455746435e+00 -4.043266480235665483e+00
1.287208257552796331e+00 -4.031576498634928285e+00
1.367658773649846005e+00 -3.981695147057485951e+00
1.448109289746895678e+00 -3.872080591195061317e+00
1.528559805843945352e+00 -3.743719759584952289e+00
1.609010321940995247e+00 -3.645059383500651506e+00
1.689460838038045143e+00 -3.622928762828698357e+00
1.769911354135094594e+00 -3.609092587820517561e+00
1.850361870232144490e+00 -3.582542887487462746e+00
1.930812386329194386e+00 -3.563912986187621534e+00
2.011262902426244281e+00 -3.460810432088145649e+00
2.091713418523294177e+00 -3.301552988201605032e+00
2.172163934620343628e+00 -3.226578199062456243e+00
2.252614450717393524e+00 -3.245131045162114258e+00
2.333064966814443419e+00 -3.317818254731248917e+00
2.413515482911492871e+00 -3.344115682846170223e+00
2.493965999008542767e+00 -3.309780581226299034e+00
2.574416515105592662e+00 -3.306595031916031324e+00
2.654867031202642558e+00 -3.331285475487462122e+00
2.735317547299692009e+00 -3.324772272948962382e+00
2.815768063396741905e+00 -3.312820090693986863e+00
2.896218579493791356e+00 -3.334626074619474689e+00
2.976669095590841252e+00 -3.374036854498664972e+00
3.057119611687890703e+00 -3.421916298210594842e+00
3.137570127784940599e+00 -3.431979928565622728e+00
3.218020643881990495e+00 -3.371564841138773083e+00
3.298471159979039946e+00 -3.319640546859748298e+00
3.378921676076090286e+00 -3.313852892759525659e+00
3.459372192173139737e+00 -3.344176972699884232e+00
3.539822708270189189e+00 -3.349500692250270806e+00
3.620273224367239528e+00 -3.320911529122991812e+00
3.700723740464288980e+00 -3.310242193229350871e+00
3.781174256561339320e+00 -3.325894180489280760e+00
3.861624772658388771e+00 -3.309386041676825041e+00
3.942075288755438223e+00 -3.305887070719439880e+00
4.022525804852488562e+00 -3.345988199254787077e+00
4.102976320949538014e+00 -3.384426997158917150e+00
4.183426837046588354e+00 -3.369104653062152455e+00
4.263877353143637805e+00 -3.369893435250925329e+00
4.344327869240687257e+00 -3.402533197293258205e+00
4.424778385337737596e+00 -3.440901006968488218e+00
4.505228901434787048e+00 -3.437291718588832090e+00
4.585679417531836499e+00 -3.401349131518995872e+00
4.666129933628886839e+00 -3.373949891855456684e+00
4.746580449725936290e+00 -3.327021155650117912e+00
4.827030965822985742e+00 -3.329883300895917220e+00
4.907481481920036082e+00 -3.332775515593037863e+00
4.987931998017085533e+00 -3.330247916682445464e+00
5.068382514114135873e+00 -3.318154151193448254e+00
5.148833030211185324e+00 -3.312383633116037451e+00
5.229283546308234776e+00 -3.346670654079382690e+00
5.309734062405285115e+00 -3.390068204430039867e+00
5.390184578502334567e+00 -3.374249146020009693e+00
5.470635094599384018e+00 -3.323094498622051862e+00
5.551085610696433470e+00 -3.333849563154878570e+00
5.631536126793483810e+00 -3.370310190018888097e+00
5.711986642890533261e+00 -3.367123436316277196e+00
5.792437158987582713e+00 -3.339639479227947128e+00
5.872887675084633052e+00 -3.318085942058321081e+00
5.953338191181682504e+00 -3.324091560926923705e+00
6.033788707278731955e+00 -3.332750625153111823e+00
6.114239223375781407e+00 -3.343136969129580915e+00
6.194689739472831747e+00 -3.382274311228767427e+00
6.275140255569881198e+00 -3.437068887441107723e+00
6.355590771666931538e+00 -3.434517910978570843e+00
6.436041287763980989e+00 -3.420138340579634395e+00
6.516491803861030441e+00 -3.425543179812924777e+00
6.596942319958079892e+00 -3.456831946560201096e+00
6.677392836055131120e+00 -3.461559145485243683e+00
6.757843352152180572e+00 -3.459135453457873766e+00
6.838293868249230023e+00 -3.453155666234973165e+00
6.918744384346279475e+00 -3.447481379724188333e+00
6.999194900443328926e+00 -3.434336113941134361e+00
7.079645416540378378e+00 -3.433910725363706451e+00
7.160095932637429605e+00 -3.427730814382607516e+00
7.240546448734479057e+00 -3.399219060535927373e+00
7.320996964831528508e+00 -3.374700318387290565e+00
7.401447480928577960e+00 -3.391004123140004989e+00
7.481897997025627411e+00 -3.406799941578470658e+00
7.562348513122678639e+00 -3.407893192144484829e+00
7.642799029219728091e+00 -3.389630247187658707e+00
7.723249545316777542e+00 -3.396042323174151445e+00
7.803700061413826994e+00 -3.420707016208995643e+00
7.884150577510876445e+00 -3.438180657959879039e+00
7.964601093607927673e+00 -3.477083128217203001e+00
8.045051609704977125e+00 -3.498114586713559682e+00
8.125502125802025688e+00 -3.483808309860715102e+00
8.205952641899076028e+00 -3.446181246495616524e+00
8.286403157996124591e+00 -3.435490859778667527e+00
8.366853674093176707e+00 -3.424016880840975219e+00
8.447304190190225270e+00 -3.452409274550748197e+00
8.527754706287275610e+00 -3.494891928307580109e+00
8.608205222384324173e+00 -3.514349347894783371e+00
8.688655738481374513e+00 -3.477252609794152072e+00
8.769106254578423076e+00 -3.443905034574658686e+00
8.849556770675475192e+00 -3.453544708620013282e+00
8.930007286772523756e+00 -3.471529307075430282e+00
9.010457802869574095e+00 -3.498455602216477889e+00
9.090908318966622659e+00 -3.519857238381539410e+00
9.171358835063672998e+00 -3.528130156237722304e+00
9.251809351160723338e+00 -3.539429818468212030e+00
9.332259867257773678e+00 -3.529462679557159532e+00
9.412710383354822241e+00 -3.514838235657294252e+00
9.493160899451872581e+00 -3.507499630793975420e+00
9.573611415548921144e+00 -3.505247959818587500e+00
9.654061931645971484e+00 -3.494349083354836072e+00
9.734512447743021823e+00 -3.501147235035508398e+00
9.814962963840072163e+00 -3.535963389888153063e+00
9.895413479937120727e+00 -3.566586119054078186e+00
9.975863996034171066e+00 -3.591980684337502616e+00
1.005631451213121963e+01 -3.612740970787447825e+00
1.013676502822827175e+01 -3.610922414927890678e+00
1.021721554432532031e+01 -3.596494911053211396e+00
1.029766606042237065e+01 -3.593907275526344591e+00
