0.000000000000000000e+00 -1.549019599857431873e-01
8.045051609704977069e-02 -2.004427234740944197e-01
1.609010321940995414e-01 -5.805209401090922761e-01
2.413515482911492982e-01 -1.748134935039972193e+00
3.218020643881990828e-01 -2.248549980810822913e+00
4.022525804852488118e-01 -2.734592264984627707e+00
4.827030965822985964e-01 -3.147454732480238881e+00
5.631536126793483810e-01 -3.355962685990330652e+00
6.436041287763981655e-01 -3.539275433902771439e+00
7.240546448734478391e-01 -3.715904164179044677e+00
8.045051609704976237e-01 -3.776666334704039674e+00
8.849556770675472972e-01 -3.787986748963122707e+00
9.654061931645971928e-01 -3.792236520644258313e+00
1.045856709261647088e+00 -3.780907830166273076e+00
1.126307225358696762e+00 -3.783237504640386994e+00
1.206757741455746435e+00 -3.801480220475192073e+00
1.287208257552796331e+00 -3.792447576448626290e+00
1.367658773649846005e+00 -3.732371748652348220e+00
1.448109289746895678e+00 -3.690910266413245822e+00
1.528559805843945352e+00 -3.654476873802737558e+00
1.609010321940995247e+00 -3.630526670258046096e+00
1.689460838038045143e+00 -3.562979486903859794e+00
1.769911354135094594e+00 -3.434707367620145835e+00
1.850361870232144490e+00 -3.316809775324597087e+00
1.930812386329194386e+00 -3.286395421530027949e+00
2.011262902426244281e+00 -3.271731914924323803e+00
2.091713418523294177e+00 -3.249309575145535867e+00
2.172163934620343628e+00 -3.266617503538136624e+00
2.252614450717393524e+00 -3.332952139474582687e+00
2.333064966814443419e+00 -3.327380062775221692e+00
2.413515482911492871e+00 -3.290187555930741414e+00
2.493965999008542767e+00 -3.302319293767386199e+00
2.574416515105592662e+00 -3.324288525243662029e+00
2.654867031202642558e+00 -3.344847005329575129e+00
2.735317547299692009e+00 -3.347773743155095350e+00
2.815768063396741905e+00 -3.347102261493741349e+00
2.896218579493791356e+00 -3.377952031387511767e+00
2.976669095590841252e+00 -3.390887905170942407e+00
3.057119611687890703e+00 -3.379559416465008681e+00
3.137570127784940599e+00 -3.379050213030222238e+00
3.218020643881990495e+00 -3.393991964401099626e+00
3.298471159979039946e+00 -3.381450318519808373e+00
3.378921676076090286e+00 -3.352172857887041335e+00
3.459372192173139737e+00 -3.274968507754278502e+00
3.539822708270189189e+00 -3.253683665250108437e+00
3.620273224367239528e+00 -3.279381673411642772e+00
3.700723740464288980e+00 -3.324429755578265588e+00
3.781174256561339320e+00 -3.359767390081853655e+00
3.861624772658388771e+00 -3.381910815371995671e+00
3.942075288755438223e+00 -3.370056482894083327e+00
4.022525804852488562e+00 -3.352498551711766694e+00
4.102976320949538014e+00 -3.350735596277272688e+00
4.183426837046588354e+00 -3.365086744220135095e+00
4.263877353143637805e+00 -3.379279124141486346e+00
4.344327869240687257e+00 -3.346031432145344375e+00
4.424778385337737596e+00 -3.294733148091927522e+00
4.505228901434787048e+00 -3.275224314689652694e+00
4.585679417531836499e+00 -3.284748237680358063e+00
4.666129933628886839e+00 -3.336323773179194152e+00
4.746580449725936290e+00 -3.357564426441302707e+00
4.827030965822985742e+00 -3.322768545646812122e+00
4.907481481920036082e+00 -3.295723826324925998e+00
4.987931998017085533e+00 -3.296530301426379594e+00
5.068382514114135873e+00 -3.330667129423725115e+00
5.148833030211185324e+00 -3.356416679016898996e+00
5.229283546308234776e+00 -3.364340562628394427e+00
5.309734062405285115e+00 -3.344728162817323103e+00
5.390184578502334567e+00 -3.341536759683014779e+00
5.470635094599384018e+00 -3.366266688463842804e+00
5.551085610696433470e+00 -3.402381491808598835e+00
5.631536126793483810e+00 -3.411449161281670417e+00
5.711986642890533261e+00 -3.381179240104035699e+00
5.792437158987582713e+00 -3.356388973684599542e+00
5.872887675084633052e+00 -3.347101325877027911e+00
5.953338191181682504e+00 -3.352463833505261004e+00
6.033788707278731955e+00 -3.365680271900257203e+00
6.114239223375781407e+00 -3.381032528918386681e+00
6.194689739472831747e+00 -3.399177790897220053e+00
6.275140255569881198e+00 -3.407332291336528485e+00
6.355590771666931538e+00 -3.397425354610688952e+00
6.436041287763980989e+00 -3.381378385481561555e+00
6.516491803861030441e+00 -3.396695837683184394e+00
6.596942319958079892e+00 -3.415687029423268850e+00
6.677392836055131120e+00 -3.418818538927870243e+00
6.757843352152180572e+00 -3.420081809548346730e+00
6.838293868249230023e+00 -3.429479571966244311e+00
6.918744384346279475e+00 -3.441932382336426510e+00
6.999194900443328926e+00 -3.440942106233586095e+00
7.079645416540378378e+00 -3.427596595885719299e+00
7.160095932637429605e+00 -3.420003830386075805e+00
7.240546448734479057e+00 -3.388912761084859948e+00
7.320996964831528508e+00 -3.362637912214939906e+00
7.401447480928577960e+00 -3.386710973365353095e+00
7.481897997025627411e+00 -3.429572089358507103e+00
7.562348513122678639e+00 -3.450661617429119143e+00
7.642799029219728091e+00 -3.438060594083059751e+00
7.723249545316777542e+00 -3.418602137253404560e+00
7.803700061413826994e+00 -3.400373106013232505e+00
7.884150577510876445e+00 -3.409609440619712828e+00
7.964601093607927673e+00 -3.454917959168696928e+00
8.045051609704977125e+00 -3.479723851786922673e+00
8.125502125802025688e+00 -3.463120651704016950e+00
8.205952641899076028e+00 -3.455422398473231738e+00
8.286403157996124591e+00 -3.478443318521044603e+00
8.366853674093176707e+00 -3.491620814735696410e+00
8.447304190190225270e+00 -3.471648858682787608e+00
8.527754706287275610e+00 -3.460056830202189904e+00
8.608205222384324173e+00 -3.439759028298152277e+00
8.688655738481374513e+00 -3.430928820860506878e+00
8.769106254578423076e+00 -3.402894393755959257e+00
8.849556770675475192e+00 -3.400669249355938284e+00
8.930007286772523756e+00 -3.423882564614177504e+00
9.010457802869574095e+00 -3.469347714473837829e+00
9.090908318966622659e+00 -3.495348553072180842e+00
9.171358835063672998e+00 -3.501732748086535452e+00
9.251809351160723338e+00 -3.517367825500882450e+00
9.332259867257773678e+00 -3.529850548742508032e+00
9.412710383354822241e+00 -3.508512843636932388e+00
9.493160899451872581e+00 -3.474625980748613063e+00
9.573611415548921144e+00 -3.467074317934485173e+00
9.654061931645971484e+00 -3.481343646015139015e+00
9.734512447743021823e+00 -3.509593280632524515e+00
9.814962963840072163e+00 -3.538999324375863509e+00
9.895413479937120727e+00 -3.545827764936785087e+00
9.975863996034171066e+00 -3.541843823393663993e+00
1.005631451213121963e+01 -3.534978538058004549e+00
1.013676502822827175e+01 -3.542508217714899210e+00
1.021721554432532031e+01 -3.568275485826181370e+00
1.029766606042237065e+01 -3.586830147665114765e+00
