0.000000000000000000e+00 -1.549019599857431873e-01
8.045051609704977069e-02 -1.992548274912945561e-01
1.609010321940995414e-01 -4.897214608674931302e-01
2.413515482911492982e-01 -1.168695930219361800e+00
3.218020643881990828e-01 -1.716549063083745441e+00
4.022525804852488118e-01 -2.468267658541051457e+00
4.827030965822985964e-01 -3.135228524447655651e+00
5.631536126793483810e-01 -3.287555663529890815e+00
6.436041287763981655e-01 -3.350581953836992977e+00
7.240546448734478391e-01 -3.436137457627607361e+00
8.045051609704976237e-01 -3.616545967813712625e+00
8.849556770675472972e-01 -3.808326717466946842e+00
9.654061931645971928e-01 -3.915726729542714946e+00
1.045856709261647088e+00 -3.905726390791370406e+00
1.126307225358696762e+00 -3.902195196313732239e+00
1.206757741455746435e+00 -3.933198178231775533e+00
1.287208257552796331e+00 -3.913586169383290958e+00
1.367658773649846005e+00 -3.876588104882785046e+00
1.448109289746895678e+00 -3.822460242497208505e+00
1.528559805843945352e+00 -3.742497934559880335e+00
1.609010321940995247e+00 -3.677832634560857628e+00
1.689460838038045143e+00 -3.604316972730346791e+00
1.769911354135094594e+00 -3.488654872669393114e+00
1.850361870232144490e+00 -3.426003624317858876e+00
1.930812386329194386e+00 -3.368254584813065833e+00
2.011262902426244281e+00 -3.316234126874261889e+00
2.091713418523294177e+00 -3.318641598236588663e+00
2.172163934620343628e+00 -3.293815613068489689e+00
2.252614450717393524e+00 -3.243850951035061048e+00
2.333064966814443419e+00 -3.229963052441337190e+00
2.413515482911492871e+00 -3.282768854557124527e+00
2.493965999008542767e+00 -3.325198134827813679e+00
2.574416515105592662e+00 -3.338854056103655488e+00
2.654867031202642558e+00 -3.355518868605213534e+00
2.735317547299692009e+00 -3.381442897434235206e+00
2.815768063396741905e+00 -3.383917227883836532e+00
2.896218579493791356e+00 -3.361744725610817941e+00
2.976669095590841252e+00 -3.364404048198884389e+00
3.057119611687890703e+00 -3.377715578179026235e+00
3.137570127784940599e+00 -3.376351149741578350e+00
3.218020643881990495e+00 -3.384289189894903682e+00
3.298471159979039946e+00 -3.390489293274546068e+00
3.378921676076090286e+00 -3.315131400989843602e+00
3.459372192173139737e+00 -3.232123110242835384e+00
3.539822708270189189e+00 -3.197154742575847752e+00
3.620273224367239528e+00 -3.227375448406007763e+00
3.700723740464288980e+00 -3.271029658201548340e+00
3.781174256561339320e+00 -3.291757374357485055e+00
3.861624772658388771e+00 -3.327276936952900055e+00
3.942075288755438223e+00 -3.339289690666841448e+00
4.022525804852488562e+00 -3.363209049796105354e+00
4.102976320949538014e+00 -3.392149251100714746e+00
4.183426837046588354e+00 -3.399946351258512411e+00
4.263877353143637805e+00 -3.395704612544424350e+00
4.344327869240687257e+00 -3.376038639768761396e+00
4.424778385337737596e+00 -3.377406486756205695e+00
4.505228901434787048e+00 -3.353743621072394987e+00
4.585679417531836499e+00 -3.326725267495322935e+00
4.666129933628886839e+00 -3.307039690918234243e+00
4.746580449725936290e+00 -3.316929031867931865e+00
4.827030965822985742e+00 -3.340314326163348557e+00
4.907481481920036082e+00 -3.345834475352290394e+00
4.987931998017085533e+00 -3.346320362199498799e+00
5.068382514114135873e+00 -3.349209253853004054e+00
5.148833030211185324e+00 -3.359705208131567034e+00
5.229283546308234776e+00 -3.370676640532238810e+00
5.309734062405285115e+00 -3.390129105594379411e+00
5.390184578502334567e+00 -3.389435991068900034e+00
5.470635094599384018e+00 -3.397445625596412278e+00
5.551085610696433470e+00 -3.401803874976381703e+00
5.631536126793483810e+00 -3.384205090412198746e+00
5.711986642890533261e+00 -3.349060740958897942e+00
5.792437158987582713e+00 -3.323382370926433627e+00
5.872887675084633052e+00 -3.340123477980984745e+00
5.953338191181682504e+00 -3.382349045937391718e+00
6.033788707278731955e+00 -3.408789199825739136e+00
6.114239223375781407e+00 -3.383869357855389559e+00
6.194689739472831747e+00 -3.352056044848488625e+00
6.275140255569881198e+00 -3.361698585156477570e+00
6.355590771666931538e+00 -3.398582140755112668e+00
6.436041287763980989e+00 -3.429148996586759424e+00
6.516491803861030441e+00 -3.409462486578783036e+00
6.596942319958079892e+00 -3.389535102815814049e+00
6.677392836055131120e+00 -3.373007909953131822e+00
6.757843352152180572e+00 -3.359203484629205150e+00
6.838293868249230023e+00 -3.365674714565778824e+00
6.918744384346279475e+00 -3.383819566293186032e+00
6.999194900443328926e+00 -3.425536470556262536e+00
7.079645416540378378e+00 -3.441469171086119161e+00
7.160095932637429605e+00 -3.430887408421975593e+00
7.240546448734479057e+00 -3.405374430780526041e+00
7.320996964831528508e+00 -3.384623843049778369e+00
7.401447480928577960e+00 -3.372149310168511605e+00
7.481897997025627411e+00 -3.374955857467444087e+00
7.562348513122678639e+00 -3.378195064814409232e+00
7.642799029219728091e+00 -3.394442958809816169e+00
7.723249545316777542e+00 -3.415752734681020808e+00
7.803700061413826994e+00 -3.432897329642329076e+00
7.884150577510876445e+00 -3.440725359074065626e+00
7.964601093607927673e+00 -3.453610283683039572e+00
8.045051609704977125e+00 -3.477056467689195518e+00
8.125502125802025688e+00 -3.473019133963608951e+00
8.205952641899076028e+00 -3.435169453573164944e+00
8.286403157996124591e+00 -3.423989724543946345e+00
8.366853674093176707e+00 -3.418023261861856454e+00
8.447304190190225270e+00 -3.414467752179191518e+00
8.527754706287275610e+00 -3.427075975071888436e+00
8.608205222384324173e+00 -3.467325533134270277e+00
8.688655738481374513e+00 -3.502356829426731988e+00
8.769106254578423076e+00 -3.514734548574421691e+00
8.849556770675475192e+00 -3.486628090132819935e+00
8.930007286772523756e+00 -3.472963651795029971e+00
9.010457802869574095e+00 -3.478630146854720717e+00
9.090908318966622659e+00 -3.493847342588881411e+00
9.171358835063672998e+00 -3.507621693553998110e+00
9.251809351160723338e+00 -3.498019866457598770e+00
9.332259867257773678e+00 -3.497413918393472265e+00
9.412710383354822241e+00 -3.470583238840275531e+00
9.493160899451872581e+00 -3.442477666667504099e+00
9.573611415548921144e+00 -3.430069985130258292e+00
9.654061931645971484e+00 -3.470790890131723483e+00
9.734512447743021823e+00 -3.497178156949408923e+00
9.814962963840072163e+00 -3.475003576906236624e+00
9.895413479937120727e+00 -3.459757334692296737e+00
9.975863996034171066e+00 -3.466353076712380687e+00
1.005631451213121963e+01 -3.480252532022612311e+00
1.013676502822827175e+01 -3.500863708995233026e+00
1.021721554432532031e+01 -3.519863454281379589e+00
1.029766606042237065e+01 -3.506282241637078023e+00
