0.000000000000000000e+00 -1.549019599857431873e-01
8.045051609704977069e-02 -2.102479150372199290e-01
1.609010321940995414e-01 -6.550992193401840025e-01
2.413515482911492982e-01 -2.859004213266403305e+00
3.218020643881990828e-01 -3.071484188911286939e+00
4.022525804852488118e-01 -2.945017614271879136e+00
4.827030965822985964e-01 -2.973200111292455983e+00
5.631536126793483810e-01 -3.073704266220005810e+00
6.436041287763981655e-01 -3.173559883440890683e+00
7.240546448734478391e-01 -3.286581305204448800e+00
8.045051609704976237e-01 -3.399311534661997758e+00
8.849556770675472972e-01 -3.494943352007637394e+00
9.654061931645971928e-01 -3.551119226547387431e+00
1.045856709261647088e+00 -3.553020482968138882e+00
1.126307225358696762e+00 -3.512011216431409899e+00
1.206757741455746435e+00 -3.523785606616105959e+00
1.287208257552796331e+00 -3.594900465847959747e+00
1.367658773649846005e+00 -3.551799068411683358e+00
1.448109289746895678e+00 -3.436314161108975362e+00
1.528559805843945352e+00 -3.337731727969544870e+00
1.609010321940995247e+00 -3.294236035514362726e+00
1.689460838038045143e+00 -3.239205780176642513e+00
1.769911354135094594e+00 -3.194239510657045589e+00
1.850361870232144490e+00 -3.177829743166339593e+00
1.930812386329194386e+00 -3.214566942484019751e+00
2.011262902426244281e+00 -3.241877563421635688e+00
2.091713418523294177e+00 -3.207084814519157945e+00
2.172163934620343628e+00 -3.133903171382511843e+00
2.252614450717393524e+00 -3.081888896996658467e+00
2.333064966814443419e+00 -3.131401148513698551e+00
2.413515482911492871e+00 -3.192940113068622132e+00
2.493965999008542767e+00 -3.226345160638615539e+00
2.574416515105592662e+00 -3.229403929479799817e+00
2.654867031202642558e+00 -3.217324444023244912e+00
2.735317547299692009e+00 -3.208075111449130379e+00
2.815768063396741905e+00 -3.209541726487045832e+00
2.896218579493791356e+00 -3.243296022869862405e+00
2.976669095590841252e+00 -3.287228311541039449e+00
3.057119611687890703e+00 -3.292705073957765016e+00
3.137570127784940599e+00 -3.274185782368210784e+00
3.218020643881990495e+00 -3.231392755021766483e+00
3.298471159979039946e+00 -3.231432767613460211e+00
3.378921676076090286e+00 -3.181702197100954255e+00
3.459372192173139737e+00 -3.146576215089044837e+00
3.539822708270189189e+00 -3.195473681461268534e+00
3.620273224367239528e+00 -3.254930330395782168e+00
3.700723740464288980e+00 -3.243881913894931746e+00
3.781174256561339320e+00 -3.226439487268877304e+00
3.861624772658388771e+00 -3.242925933234249936e+00
3.942075288755438223e+00 -3.271786531746919913e+00
4.022525804852488562e+00 -3.232777323267824521e+00
4.102976320949538014e+00 -3.188035336700534295e+00
4.183426837046588354e+00 -3.171375406759674664e+00
4.263877353143637805e+00 -3.192389968220457508e+00
4.344327869240687257e+00 -3.253969922302263562e+00
4.424778385337737596e+00 -3.305361145830561398e+00
4.505228901434787048e+00 -3.286965184180870470e+00
4.585679417531836499e+00 -3.267843565507971171e+00
4.666129933628886839e+00 -3.268544401695299140e+00
4.746580449725936290e+00 -3.260765746527691800e+00
4.827030965822985742e+00 -3.261935258044565522e+00
4.907481481920036082e+00 -3.258076817195615149e+00
4.987931998017085533e+00 -3.250933024917131320e+00
5.068382514114135873e+00 -3.257856209552940197e+00
5.148833030211185324e+00 -3.275629703794367131e+00
5.229283546308234776e+00 -3.275244804304239032e+00
5.309734062405285115e+00 -3.300909897843072649e+00
5.390184578502334567e+00 -3.298213253875961648e+00
5.470635094599384018e+00 -3.299777141991024010e+00
5.551085610696433470e+00 -3.296514937580547144e+00
5.631536126793483810e+00 -3.291008276172269209e+00
5.711986642890533261e+00 -3.287138007723295452e+00
5.792437158987582713e+00 -3.278404020597652568e+00
5.872887675084633052e+00 -3.261722406867365365e+00
5.953338191181682504e+00 -3.292332735605417060e+00
6.033788707278731955e+00 -3.304927106658496427e+00
6.114239223375781407e+00 -3.249181934100068947e+00
6.194689739472831747e+00 -3.206515534220519381e+00
6.275140255569881198e+00 -3.227521607445843710e+00
6.355590771666931538e+00 -3.273604013488640163e+00
6.436041287763980989e+00 -3.308494159697398906e+00
6.516491803861030441e+00 -3.320462965434758829e+00
6.596942319958079892e+00 -3.313540214722855648e+00
6.677392836055131120e+00 -3.331461706883397156e+00
6.757843352152180572e+00 -3.358469947476728112e+00
6.838293868249230023e+00 -3.351895598065271376e+00
6.918744384346279475e+00 -3.323209006953122824e+00
6.999194900443328926e+00 -3.303663353075788400e+00
7.079645416540378378e+00 -3.307679220568468637e+00
7.160095932637429605e+00 -3.313759883541214091e+00
7.240546448734479057e+00 -3.339215444348626605e+00
7.320996964831528508e+00 -3.345433889938603134e+00
7.401447480928577960e+00 -3.325549802350146411e+00
7.481897997025627411e+00 -3.297971948755054949e+00
7.562348513122678639e+00 -3.301790898672632313e+00
7.642799029219728091e+00 -3.317792373838719833e+00
7.723249545316777542e+00 -3.318979925080337789e+00
7.803700061413826994e+00 -3.318395004829414408e+00
7.884150577510876445e+00 -3.317109105174905981e+00
7.964601093607927673e+00 -3.332741695339579646e+00
8.045051609704977125e+00 -3.357478339320882910e+00
8.125502125802025688e+00 -3.377079944697914726e+00
8.205952641899076028e+00 -3.367033806661506645e+00
8.286403157996124591e+00 -3.341779983709809887e+00
8.366853674093176707e+00 -3.333960280512774599e+00
8.447304190190225270e+00 -3.339133382751256374e+00
8.527754706287275610e+00 -3.330957170597083294e+00
8.608205222384324173e+00 -3.345816290783109270e+00
8.688655738481374513e+00 -3.379056961017193217e+00
8.769106254578423076e+00 -3.430573820835273846e+00
8.849556770675475192e+00 -3.448597446192896321e+00
8.930007286772523756e+00 -3.424546519323547589e+00
9.010457802869574095e+00 -3.397686289111018887e+00
9.090908318966622659e+00 -3.393485327729313550e+00
9.171358835063672998e+00 -3.379538246968836201e+00
9.251809351160723338e+00 -3.385833061176005021e+00
9.332259867257773678e+00 -3.413386114172245467e+00
9.412710383354822241e+00 -3.420099654731980188e+00
9.493160899451872581e+00 -3.405255628800393453e+00
9.573611415548921144e+00 -3.411084613821158573e+00
9.654061931645971484e+00 -3.432821259439470474e+00
9.734512447743021823e+00 -3.460538825420487186e+00
9.814962963840072163e+00 -3.460717623058630288e+00
9.895413479937120727e+00 -3.445777892628930861e+00
9.975863996034171066e+00 -3.453708161763292317e+00
1.005631451213121963e+01 -3.483986402721111819e+00
1.013676502822827175e+01 -3.495411744339318894e+00
1.021721554432532031e+01 -3.462618311401419735e+00
1.029766606042237065e+01 -3.434808302557621928e+00
