0.000000000000000000e+00 -1.549019599857431873e-01
8.045051609704977069e-02 -1.872262606664469864e-01
1.609010321940995414e-01 -5.068859312675704221e-01
2.413515482911492982e-01 -1.938883432753305991e+00
3.218020643881990828e-01 -3.130821288875329955e+00
4.022525804852488118e-01 -3.213934599270638515e+00
4.827030965822985964e-01 -3.224109564048305732e+00
5.631536126793483810e-01 -3.293068201409910856e+00
6.436041287763981655e-01 -3.356429957915112450e+00
7.240546448734478391e-01 -3.302565206374057816e+00
8.045051609704976237e-01 -3.321015483032028648e+00
8.849556770675472972e-01 -3.383166205405097049e+00
9.654061931645971928e-01 -3.431376966951604768e+00
1.045856709261647088e+00 -3.457994132931215159e+00
1.126307225358696762e+00 -3.442955696254675235e+00
1.206757741455746435e+00 -3.413881284348761813e+00
1.287208257552796331e+00 -3.374792739140999753e+00
1.367658773649846005e+00 -3.372613365529760987e+00
1.448109289746895678e+00 -3.419984310265824057e+00
1.528559805843945352e+00 -3.395639604352705287e+00
1.609010321940995247e+00 -3.305412284034666470e+00
1.689460838038045143e+00 -3.223581951506930832e+00
1.769911354135094594e+00 -3.186760338732242737e+00
1.850361870232144490e+00 -3.166187069696405842e+00
1.930812386329194386e+00 -3.160138457125069689e+00
2.011262902426244281e+00 -3.168301695013114205e+00
2.091713418523294177e+00 -3.169915044805446946e+00
2.172163934620343628e+00 -3.148326510872995865e+00
2.252614450717393524e+00 -3.159271604066317796e+00
2.333064966814443419e+00 -3.198261517808951293e+00
2.413515482911492871e+00 -3.271350449111693148e+00
2.493965999008542767e+00 -3.325354123980345467e+00
2.574416515105592662e+00 -3.312712872416708532e+00
2.654867031202642558e+00 -3.268241782971390119e+00
2.735317547299692009e+00 -3.197588498007646329e+00
2.815768063396741905e+00 -3.173563324521180729e+00
2.896218579493791356e+00 -3.191094686512807588e+00
2.976669095590841252e+00 -3.198166098554441561e+00
3.057119611687890703e+00 -3.168302384796708893e+00
3.137570127784940599e+00 -3.168466783090066130e+00
3.218020643881990495e+00 -3.226762349634693550e+00
3.298471159979039946e+00 -3.292309187168561468e+00
3.378921676076090286e+00 -3.279875335612913112e+00
3.459372192173139737e+00 -3.258232186504621986e+00
3.539822708270189189e+00 -3.229036697108233600e+00
3.620273224367239528e+00 -3.187486084693834432e+00
3.700723740464288980e+00 -3.198449404019993558e+00
3.781174256561339320e+00 -3.245720936872712681e+00
3.861624772658388771e+00 -3.248274895447723853e+00
3.942075288755438223e+00 -3.237320531634324539e+00
4.022525804852488562e+00 -3.262223924027695343e+00
4.102976320949538014e+00 -3.295968713665319072e+00
4.183426837046588354e+00 -3.283210366939620428e+00
4.263877353143637805e+00 -3.293672681950857495e+00
4.344327869240687257e+00 -3.310836349666736567e+00
4.424778385337737596e+00 -3.302846652993029153e+00
4.505228901434787048e+00 -3.300031896767011030e+00
4.585679417531836499e+00 -3.329243056607691376e+00
4.666129933628886839e+00 -3.337193676624001792e+00
4.746580449725936290e+00 -3.327511957069686943e+00
4.827030965822985742e+00 -3.304186970709559912e+00
4.907481481920036082e+00 -3.271480159638573859e+00
4.987931998017085533e+00 -3.239579192550196218e+00
5.068382514114135873e+00 -3.226647782434902467e+00
5.148833030211185324e+00 -3.240966061266687515e+00
5.229283546308234776e+00 -3.287641570998727225e+00
5.309734062405285115e+00 -3.322152905487876229e+00
5.390184578502334567e+00 -3.335098189655039125e+00
5.470635094599384018e+00 -3.351181919463527947e+00
5.551085610696433470e+00 -3.361657825887570006e+00
5.631536126793483810e+00 -3.348282637466157841e+00
5.711986642890533261e+00 -3.340175351761449196e+00
5.792437158987582713e+00 -3.340061189476660974e+00
5.872887675084633052e+00 -3.337943626377919415e+00
5.953338191181682504e+00 -3.317715418036591313e+00
6.033788707278731955e+00 -3.319655054183966669e+00
6.114239223375781407e+00 -3.305845683249756917e+00
6.194689739472831747e+00 -3.267834141224285283e+00
6.275140255569881198e+00 -3.255648264833880479e+00
6.355590771666931538e+00 -3.277058917739027244e+00
6.436041287763980989e+00 -3.285587654147537062e+00
6.516491803861030441e+00 -3.308028097827766967e+00
6.596942319958079892e+00 -3.343508940110543559e+00
6.677392836055131120e+00 -3.371743456713022447e+00
6.757843352152180572e+00 -3.361750213921998132e+00
6.838293868249230023e+00 -3.329843016201246009e+00
6.918744384346279475e+00 -3.300849097178253366e+00
6.999194900443328926e+00 -3.291018067508721057e+00
7.079645416540378378e+00 -3.317484246376248169e+00
7.160095932637429605e+00 -3.343958338460414570e+00
7.240546448734479057e+00 -3.360630244579948744e+00
7.320996964831528508e+00 -3.381715641459669186e+00
7.401447480928577960e+00 -3.371745727764503542e+00
7.481897997025627411e+00 -3.342981010523208507e+00
7.562348513122678639e+00 -3.337928303654797979e+00
7.642799029219728091e+00 -3.332472672401010083e+00
7.723249545316777542e+00 -3.346022189693676374e+00
7.803700061413826994e+00 -3.340279536424005435e+00
7.884150577510876445e+00 -3.322593335646181867e+00
7.964601093607927673e+00 -3.304644994056683771e+00
8.045051609704977125e+00 -3.312552554489670786e+00
8.125502125802025688e+00 -3.314405425615987166e+00
8.205952641899076028e+00 -3.326829736956442130e+00
8.286403157996124591e+00 -3.340481124345579644e+00
8.366853674093176707e+00 -3.350444383416181005e+00
8.447304190190225270e+00 -3.354843020893579553e+00
8.527754706287275610e+00 -3.333093717603644812e+00
8.608205222384324173e+00 -3.328622997586344834e+00
8.688655738481374513e+00 -3.336608448061170407e+00
8.769106254578423076e+00 -3.358192379277023409e+00
8.849556770675475192e+00 -3.381463074588482609e+00
8.930007286772523756e+00 -3.387295103466273272e+00
9.010457802869574095e+00 -3.357978083306569328e+00
9.090908318966622659e+00 -3.340483631845021950e+00
9.171358835063672998e+00 -3.337442785346464991e+00
9.251809351160723338e+00 -3.355194347017540490e+00
9.332259867257773678e+00 -3.388761813040129134e+00
9.412710383354822241e+00 -3.391763693953322001e+00
9.493160899451872581e+00 -3.369226687011249499e+00
9.573611415548921144e+00 -3.360066069124552524e+00
9.654061931645971484e+00 -3.388340062404754605e+00
9.734512447743021823e+00 -3.397573091017890068e+00
9.814962963840072163e+00 -3.380585580088961262e+00
9.895413479937120727e+00 -3.352215875584456661e+00
9.975863996034171066e+00 -3.346862954948740754e+00
1.005631451213121963e+01 -3.370698277807369525e+00
1.013676502822827175e+01 -3.386932051787294284e+00
1.021721554432532031e+01 -3.392099927841710105e+00
1.029766606042237065e+01 -3.399025119180469900e+00
