0.000000000000000000e+00 -1.549019599857431873e-01
8.045051609704977069e-02 -3.955533142851119788e-01
1.609010321940995414e-01 -1.350468186596455844e+00
2.413515482911492982e-01 -5.166134310363500681e+00
3.218020643881990828e-01 -6.224230567341043852e+00
4.022525804852488118e-01 -5.668031762614200275e+00
4.827030965822985964e-01 -5.862464805205681806e+00
5.631536126793483810e-01 -6.262536839395394850e+00
6.436041287763981655e-01 -6.315422621659005031e+00
7.240546448734478391e-01 -6.294161594752186062e+00
8.045051609704976237e-01 -6.572876079711363673e+00
8.849556770675472972e-01 -6.970791332694660447e+00
9.654061931645971928e-01 -7.104560063237630452e+00
1.045856709261647088e+00 -6.992891808270464971e+00
1.126307225358696762e+00 -6.861662957202240065e+00
1.206757741455746435e+00 -6.808024416087283370e+00
1.287208257552796331e+00 -6.933371741422203804e+00
1.367658773649846005e+00 -7.004470460115840069e+00
1.448109289746895678e+00 -6.833173831762039185e+00
1.528559805843945352e+00 -6.533523471354135026e+00
1.609010321940995247e+00 -6.408998984299145718e+00
1.689460838038045143e+00 -6.426394288923838793e+00
1.769911354135094594e+00 -6.581550431169950421e+00
1.850361870232144490e+00 -6.617269347943237179e+00
1.930812386329194386e+00 -6.477388567149875875e+00
2.011262902426244281e+00 -6.405393535385503156e+00
2.091713418523294177e+00 -6.403469824617730843e+00
2.172163934620343628e+00 -6.393162974416600086e+00
2.252614450717393524e+00 -6.385649754927944954e+00
2.333064966814443419e+00 -6.398433836833850918e+00
2.413515482911492871e+00 -6.390766466236189380e+00
2.493965999008542767e+00 -6.460356041920851666e+00
2.574416515105592662e+00 -6.487870968632908131e+00
2.654867031202642558e+00 -6.452537212016223656e+00
2.735317547299692009e+00 -6.401040464385896911e+00
2.815768063396741905e+00 -6.358688587449389473e+00
2.896218579493791356e+00 -6.318939199201062173e+00
2.976669095590841252e+00 -6.319535981346410480e+00
3.057119611687890703e+00 -6.309161360645745731e+00
3.137570127784940599e+00 -6.300896521959701957e+00
3.218020643881990495e+00 -6.375845806164091911e+00
3.298471159979039946e+00 -6.383401892734999805e+00
3.378921676076090286e+00 -6.424903568389173536e+00
3.459372192173139737e+00 -6.461445449578644862e+00
3.539822708270189189e+00 -6.494362173260147308e+00
3.620273224367239528e+00 -6.414182592334347177e+00
3.700723740464288980e+00 -6.287078889519814417e+00
3.781174256561339320e+00 -6.241179058424583204e+00
3.861624772658388771e+00 -6.263189368613103269e+00
3.942075288755438223e+00 -6.289568299066146118e+00
4.022525804852488562e+00 -6.377099060232556127e+00
4.102976320949538014e+00 -6.481815741069630654e+00
4.183426837046588354e+00 -6.528990077414982274e+00
4.263877353143637805e+00 -6.474823452938728074e+00
4.344327869240687257e+00 -6.442754830078111006e+00
4.424778385337737596e+00 -6.469750322402532561e+00
4.505228901434787048e+00 -6.461187010962810895e+00
4.585679417531836499e+00 -6.415709094171281990e+00
4.666129933628886839e+00 -6.387503677066374230e+00
4.746580449725936290e+00 -6.471570636863570591e+00
4.827030965822985742e+00 -6.580842107429204724e+00
4.907481481920036082e+00 -6.609536174967508337e+00
4.987931998017085533e+00 -6.570554421357530650e+00
5.068382514114135873e+00 -6.499268272717278805e+00
5.148833030211185324e+00 -6.463188021609557410e+00
5.229283546308234776e+00 -6.483697127074345090e+00
5.309734062405285115e+00 -6.470524124480548700e+00
5.390184578502334567e+00 -6.464167894477474086e+00
5.470635094599384018e+00 -6.449590541260882048e+00
5.551085610696433470e+00 -6.436850767603583989e+00
5.631536126793483810e+00 -6.471172296455597106e+00
5.711986642890533261e+00 -6.529039460779319626e+00
5.792437158987582713e+00 -6.541240889923604307e+00
5.872887675084633052e+00 -6.558605717580889838e+00
5.953338191181682504e+00 -6.574256603893021911e+00
6.033788707278731955e+00 -6.573509354628369827e+00
6.114239223375781407e+00 -6.617383459466321227e+00
6.194689739472831747e+00 -6.632469367942135818e+00
6.275140255569881198e+00 -6.579452160273335792e+00
6.355590771666931538e+00 -6.493587802617913241e+00
6.436041287763980989e+00 -6.468676653484839001e+00
6.516491803861030441e+00 -6.548343629623098572e+00
6.596942319958079892e+00 -6.585158244164337482e+00
6.677392836055131120e+00 -6.585343563829649582e+00
6.757843352152180572e+00 -6.601248605790527080e+00
6.838293868249230023e+00 -6.614125642026149166e+00
6.918744384346279475e+00 -6.614116135188825574e+00
6.999194900443328926e+00 -6.646613889271922204e+00
7.079645416540378378e+00 -6.716616418449274484e+00
7.160095932637429605e+00 -6.747590546943070144e+00
7.240546448734479057e+00 -6.659601347276261407e+00
7.320996964831528508e+00 -6.608643543264726361e+00
7.401447480928577960e+00 -6.635261080152440982e+00
7.481897997025627411e+00 -6.625066248838253458e+00
7.562348513122678639e+00 -6.633681128468324140e+00
7.642799029219728091e+00 -6.624912988408063974e+00
7.723249545316777542e+00 -6.666437745741437659e+00
7.803700061413826994e+00 -6.712509401040877677e+00
7.884150577510876445e+00 -6.738428505935743829e+00
7.964601093607927673e+00 -6.728937297723073918e+00
8.045051609704977125e+00 -6.713399247539844517e+00
8.125502125802025688e+00 -6.691428383895930310e+00
8.205952641899076028e+00 -6.675278662817581754e+00
8.286403157996124591e+00 -6.661987018548295225e+00
8.366853674093176707e+00 -6.604394102567831659e+00
8.447304190190225270e+00 -6.586946845109689086e+00
8.527754706287275610e+00 -6.625296460483065530e+00
8.608205222384324173e+00 -6.704326547427626792e+00
8.688655738481374513e+00 -6.752323059477903122e+00
8.769106254578423076e+00 -6.753529873199665801e+00
8.849556770675475192e+00 -6.707239132688931349e+00
8.930007286772523756e+00 -6.680819130007457751e+00
9.010457802869574095e+00 -6.744970074600737497e+00
9.090908318966622659e+00 -6.791144175004829364e+00
9.171358835063672998e+00 -6.835944660772545589e+00
9.251809351160723338e+00 -6.856014172149508923e+00
9.332259867257773678e+00 -6.851883155944048731e+00
9.412710383354822241e+00 -6.802017092937603593e+00
9.493160899451872581e+00 -6.728884604937691805e+00
9.573611415548921144e+00 -6.697473948391524878e+00
9.654061931645971484e+00 -6.720037933145095010e+00
9.734512447743021823e+00 -6.722103780481293533e+00
9.814962963840072163e+00 -6.718151019207526886e+00
9.895413479937120727e+00 -6.751825995981612927e+00
9.975863996034171066e+00 -6.779244844894944499e+00
1.005631451213121963e+01 -6.773340609461049766e+00
1.013676502822827175e+01 -6.785032694659786756e+00
1.021721554432532031e+01 -6.857674538980641721e+00
1.029766606042237065e+01 -6.930706645797930499e+00
