0.000000000000000000e+00 -1.549019599857431873e-01
8.045051609704977069e-02 -2.124562494608265295e-01
1.609010321940995414e-01 -6.543243881075669899e-01
2.413515482911492982e-01 -2.883487018142573355e+00
3.218020643881990828e-01 -3.102562902627114649e+00
4.022525804852488118e-01 -2.891022124318495923e+00
4.827030965822985964e-01 -3.039504237611586834e+00
5.631536126793483810e-01 -3.207367872416149623e+00
6.436041287763981655e-01 -3.359905087744538221e+00
7.240546448734478391e-01 -3.383483949120775325e+00
8.045051609704976237e-01 -3.375223759108648913e+00
8.849556770675472972e-01 -3.444904649169319821e+00
9.654061931645971928e-01 -3.459788831740422843e+00
1.045856709261647088e+00 -3.436254455259464269e+00
1.126307225358696762e+00 -3.423091115657647787e+00
1.206757741455746435e+00 -3.440275877738372401e+00
1.287208257552796331e+00 -3.502699725996235358e+00
1.367658773649846005e+00 -3.599823952566619134e+00
1.448109289746895678e+00 -3.566194447670738565e+00
1.528559805843945352e+00 -3.434396804882247967e+00
1.609010321940995247e+00 -3.334574064751272715e+00
1.689460838038045143e+00 -3.265193081670120456e+00
1.769911354135094594e+00 -3.214980207615356189e+00
1.850361870232144490e+00 -3.153847331406829380e+00
1.930812386329194386e+00 -3.134664293575382565e+00
2.011262902426244281e+00 -3.129811390936728444e+00
2.091713418523294177e+00 -3.150992904981158027e+00
2.172163934620343628e+00 -3.180308926105473333e+00
2.252614450717393524e+00 -3.215549644687749176e+00
2.333064966814443419e+00 -3.253062767972076053e+00
2.413515482911492871e+00 -3.259886893875321157e+00
2.493965999008542767e+00 -3.223312360234228624e+00
2.574416515105592662e+00 -3.189413031161754120e+00
2.654867031202642558e+00 -3.194248966573552728e+00
2.735317547299692009e+00 -3.235356373372706873e+00
2.815768063396741905e+00 -3.248849441538146365e+00
2.896218579493791356e+00 -3.231197372937743673e+00
2.976669095590841252e+00 -3.257752776282428098e+00
3.057119611687890703e+00 -3.289018438765774821e+00
3.137570127784940599e+00 -3.269165299503569155e+00
3.218020643881990495e+00 -3.244291499103469256e+00
3.298471159979039946e+00 -3.219964414036275979e+00
3.378921676076090286e+00 -3.228992689897128621e+00
3.459372192173139737e+00 -3.222404438578014840e+00
3.539822708270189189e+00 -3.219336157396893494e+00
3.620273224367239528e+00 -3.208053172514692353e+00
3.700723740464288980e+00 -3.205468487214511608e+00
3.781174256561339320e+00 -3.228734055695413829e+00
3.861624772658388771e+00 -3.239815925226372073e+00
3.942075288755438223e+00 -3.228157258110407657e+00
4.022525804852488562e+00 -3.222425885617463681e+00
4.102976320949538014e+00 -3.241200759628934502e+00
4.183426837046588354e+00 -3.245626772584286446e+00
4.263877353143637805e+00 -3.253444193272617024e+00
4.344327869240687257e+00 -3.270667403264676310e+00
4.424778385337737596e+00 -3.297847372788299758e+00
4.505228901434787048e+00 -3.271835992707482266e+00
4.585679417531836499e+00 -3.255455614401164155e+00
4.666129933628886839e+00 -3.245022426591296583e+00
4.746580449725936290e+00 -3.236608975988929160e+00
4.827030965822985742e+00 -3.250700988669577463e+00
4.907481481920036082e+00 -3.264814828768399568e+00
4.987931998017085533e+00 -3.263204743560315979e+00
5.068382514114135873e+00 -3.271119886501960838e+00
5.148833030211185324e+00 -3.298027296408792441e+00
5.229283546308234776e+00 -3.295112422258927865e+00
5.309734062405285115e+00 -3.278541265591688791e+00
5.390184578502334567e+00 -3.273807420163813209e+00
5.470635094599384018e+00 -3.230915135303113583e+00
5.551085610696433470e+00 -3.205383062727910293e+00
5.631536126793483810e+00 -3.221421932999034343e+00
5.711986642890533261e+00 -3.263264933688087233e+00
5.792437158987582713e+00 -3.280249533652292104e+00
5.872887675084633052e+00 -3.282453198893327873e+00
5.953338191181682504e+00 -3.272455113096873536e+00
6.033788707278731955e+00 -3.275931350285959276e+00
6.114239223375781407e+00 -3.288988228440846040e+00
6.194689739472831747e+00 -3.257829104162908163e+00
6.275140255569881198e+00 -3.258324560198560871e+00
6.355590771666931538e+00 -3.272863933155552463e+00
6.436041287763980989e+00 -3.307485909666407764e+00
6.516491803861030441e+00 -3.340075647966318506e+00
6.596942319958079892e+00 -3.302382962408356715e+00
6.677392836055131120e+00 -3.275455437987564000e+00
6.757843352152180572e+00 -3.258635481375248943e+00
6.838293868249230023e+00 -3.256511812528850136e+00
6.918744384346279475e+00 -3.266746798057133194e+00
6.999194900443328926e+00 -3.302499621153961229e+00
7.079645416540378378e+00 -3.316833372993758910e+00
7.160095932637429605e+00 -3.338135854665853497e+00
7.240546448734479057e+00 -3.335409312075419574e+00
7.320996964831528508e+00 -3.323104246303682618e+00
7.401447480928577960e+00 -3.319537624059555547e+00
7.481897997025627411e+00 -3.324578562412385807e+00
7.562348513122678639e+00 -3.305872082868643869e+00
7.642799029219728091e+00 -3.297244729318999479e+00
7.723249545316777542e+00 -3.287290832268683793e+00
7.803700061413826994e+00 -3.294838078126040681e+00
7.884150577510876445e+00 -3.318328641821917557e+00
7.964601093607927673e+00 -3.337093468666335383e+00
8.045051609704977125e+00 -3.361968453724106798e+00
8.125502125802025688e+00 -3.361178956856776257e+00
8.205952641899076028e+00 -3.341399275451427897e+00
8.286403157996124591e+00 -3.343118967527078045e+00
8.366853674093176707e+00 -3.342129328653811182e+00
8.447304190190225270e+00 -3.315234879203653673e+00
8.527754706287275610e+00 -3.317341324792237423e+00
8.608205222384324173e+00 -3.342947481041378399e+00
8.688655738481374513e+00 -3.364109488030065709e+00
8.769106254578423076e+00 -3.371498407975842326e+00
8.849556770675475192e+00 -3.392564427821083584e+00
8.930007286772523756e+00 -3.411157886902072889e+00
9.010457802869574095e+00 -3.401225202877145914e+00
9.090908318966622659e+00 -3.407933727404333091e+00
9.171358835063672998e+00 -3.419573152236751401e+00
9.251809351160723338e+00 -3.414035901044744747e+00
9.332259867257773678e+00 -3.372834696080601269e+00
9.412710383354822241e+00 -3.369002002109870553e+00
9.493160899451872581e+00 -3.391305159264433211e+00
9.573611415548921144e+00 -3.408758969140801565e+00
9.654061931645971484e+00 -3.417396409042853467e+00
9.734512447743021823e+00 -3.424743542636706994e+00
9.814962963840072163e+00 -3.407214585881111812e+00
9.895413479937120727e+00 -3.394970734048894379e+00
9.975863996034171066e+00 -3.407006274917054434e+00
1.005631451213121963e+01 -3.422323245675575443e+00
1.013676502822827175e+01 -3.428666669783345444e+00
1.021721554432532031e+01 -3.428280707401780258e+00
1.029766606042237065e+01 -3.425056454309844955e+00
