0.000000000000000000e+00 -1.549019599857431873e-01
8.045051609704977069e-02 -2.122143015930339216e-01
1.609010321940995414e-01 -6.083882539955977053e-01
2.413515482911492982e-01 -2.633119356134228983e+00
3.218020643881990828e-01 -3.224156255038924446e+00
4.022525804852488118e-01 -3.040261792487143566e+00
4.827030965822985964e-01 -3.101840681295463309e+00
5.631536126793483810e-01 -3.161069279448597946e+00
6.436041287763981655e-01 -3.243131642392166558e+00
7.240546448734478391e-01 -3.275545454212760887e+00
8.045051609704976237e-01 -3.357807456774429156e+00
8.849556770675472972e-01 -3.388761701858748587e+00
9.654061931645971928e-01 -3.382385272971595302e+00
1.045856709261647088e+00 -3.458213854197319304e+00
1.126307225358696762e+00 -3.558268637141523083e+00
1.206757741455746435e+00 -3.567254818061003530e+00
1.287208257552796331e+00 -3.499978312910279943e+00
1.367658773649846005e+00 -3.468115481946680401e+00
1.448109289746895678e+00 -3.477792039106924804e+00
1.528559805843945352e+00 -3.481021906713379632e+00
1.609010321940995247e+00 -3.431188307306229035e+00
1.689460838038045143e+00 -3.349529181520629173e+00
1.769911354135094594e+00 -3.280711256226203520e+00
1.850361870232144490e+00 -3.248873200192058608e+00
1.930812386329194386e+00 -3.226504772058687021e+00
2.011262902426244281e+00 -3.246900726516016800e+00
2.091713418523294177e+00 -3.268745749465505668e+00
2.172163934620343628e+00 -3.277474212432519352e+00
2.252614450717393524e+00 -3.232032992193749621e+00
2.333064966814443419e+00 -3.178829672993926714e+00
2.413515482911492871e+00 -3.170101772519523742e+00
2.493965999008542767e+00 -3.176778365389702596e+00
2.574416515105592662e+00 -3.231609213189107876e+00
2.654867031202642558e+00 -3.289711533521918696e+00
2.735317547299692009e+00 -3.304614065341175078e+00
2.815768063396741905e+00 -3.286184575882707293e+00
2.896218579493791356e+00 -3.284179287371896461e+00
2.976669095590841252e+00 -3.307339008435038252e+00
3.057119611687890703e+00 -3.290447094682220630e+00
3.137570127784940599e+00 -3.283509390034097031e+00
3.218020643881990495e+00 -3.291166609910300078e+00
3.298471159979039946e+00 -3.265496091048678995e+00
3.378921676076090286e+00 -3.226093128037057056e+00
3.459372192173139737e+00 -3.182095309876990630e+00
3.539822708270189189e+00 -3.199944964929996249e+00
3.620273224367239528e+00 -3.240009513519869433e+00
3.700723740464288980e+00 -3.245562854599224334e+00
3.781174256561339320e+00 -3.230961809745377167e+00
3.861624772658388771e+00 -3.209795213431323901e+00
3.942075288755438223e+00 -3.224858351989213112e+00
4.022525804852488562e+00 -3.237440231889436415e+00
4.102976320949538014e+00 -3.253382569901998700e+00
4.183426837046588354e+00 -3.239567959439463074e+00
4.263877353143637805e+00 -3.223782902524520377e+00
4.344327869240687257e+00 -3.246833285748075060e+00
4.424778385337737596e+00 -3.271446719084030619e+00
4.505228901434787048e+00 -3.243917407281395437e+00
4.585679417531836499e+00 -3.218451624956931489e+00
4.666129933628886839e+00 -3.217318760750676354e+00
4.746580449725936290e+00 -3.236144277662256652e+00
4.827030965822985742e+00 -3.251733333779888824e+00
4.907481481920036082e+00 -3.256051089480650251e+00
4.987931998017085533e+00 -3.239096926678140420e+00
5.068382514114135873e+00 -3.242791891488760125e+00
5.148833030211185324e+00 -3.279592048175571151e+00
5.229283546308234776e+00 -3.332962261236141366e+00
5.309734062405285115e+00 -3.318286003150872521e+00
5.390184578502334567e+00 -3.282119393742294111e+00
5.470635094599384018e+00 -3.262210331016952125e+00
5.551085610696433470e+00 -3.240699732638801844e+00
5.631536126793483810e+00 -3.220973457480765578e+00
5.711986642890533261e+00 -3.232929131423326830e+00
5.792437158987582713e+00 -3.267971310387222328e+00
5.872887675084633052e+00 -3.272692094239479488e+00
5.953338191181682504e+00 -3.252952320041287759e+00
6.033788707278731955e+00 -3.259447215959590416e+00
6.114239223375781407e+00 -3.289377431897459125e+00
6.194689739472831747e+00 -3.290341244179478153e+00
6.275140255569881198e+00 -3.288343212364001289e+00
6.355590771666931538e+00 -3.316587653771033040e+00
6.436041287763980989e+00 -3.342313542382674196e+00
6.516491803861030441e+00 -3.348103297545509172e+00
6.596942319958079892e+00 -3.343608403279985986e+00
6.677392836055131120e+00 -3.323869967169018835e+00
6.757843352152180572e+00 -3.338875154147260993e+00
6.838293868249230023e+00 -3.312828444087890567e+00
6.918744384346279475e+00 -3.271417179739793735e+00
6.999194900443328926e+00 -3.260365878063650413e+00
7.079645416540378378e+00 -3.293676778258875615e+00
7.160095932637429605e+00 -3.341212857818335102e+00
7.240546448734479057e+00 -3.345478199456347834e+00
7.320996964831528508e+00 -3.314715001193664357e+00
7.401447480928577960e+00 -3.316847302163346001e+00
7.481897997025627411e+00 -3.331360585365046756e+00
7.562348513122678639e+00 -3.365203797665625274e+00
7.642799029219728091e+00 -3.377531909070350835e+00
7.723249545316777542e+00 -3.341922871787901261e+00
7.803700061413826994e+00 -3.310638039923727849e+00
7.884150577510876445e+00 -3.328202625451577301e+00
7.964601093607927673e+00 -3.354799612939976861e+00
8.045051609704977125e+00 -3.338426089667191565e+00
8.125502125802025688e+00 -3.342108981687424762e+00
8.205952641899076028e+00 -3.362222796674118719e+00
8.286403157996124591e+00 -3.383074541406682734e+00
8.366853674093176707e+00 -3.381234814256504073e+00
8.447304190190225270e+00 -3.381494954816812282e+00
8.527754706287275610e+00 -3.382777651853306367e+00
8.608205222384324173e+00 -3.406747618629071717e+00
8.688655738481374513e+00 -3.406748074847580021e+00
8.769106254578423076e+00 -3.395293460081083570e+00
8.849556770675475192e+00 -3.376000494078688963e+00
8.930007286772523756e+00 -3.355368728541078926e+00
9.010457802869574095e+00 -3.371182710694718310e+00
9.090908318966622659e+00 -3.402484674786736552e+00
9.171358835063672998e+00 -3.412476809042294335e+00
9.251809351160723338e+00 -3.415681739395359351e+00
9.332259867257773678e+00 -3.415142928686445423e+00
9.412710383354822241e+00 -3.407438735234205041e+00
9.493160899451872581e+00 -3.403571361895104896e+00
9.573611415548921144e+00 -3.417581950510755195e+00
9.654061931645971484e+00 -3.414948746853198269e+00
9.734512447743021823e+00 -3.409828437460337369e+00
9.814962963840072163e+00 -3.425669510158145137e+00
9.895413479937120727e+00 -3.439608568364915353e+00
9.975863996034171066e+00 -3.428359428798680053e+00
1.005631451213121963e+01 -3.427685808418436508e+00
1.013676502822827175e+01 -3.456889461202528047e+00
1.021721554432532031e+01 -3.472604340336393758e+00
1.029766606042237065e+01 -3.472063758219219309e+00
