0.000000000000000000e+00 -1.549019599857431873e-01
8.045051609704977069e-02 -1.999071259591095051e-01
1.609010321940995414e-01 -5.760010782229655346e-01
2.413515482911492982e-01 -2.449922870422068133e+00
3.218020643881990828e-01 -3.463292020838975471e+00
4.022525804852488118e-01 -3.064975004359035360e+00
4.827030965822985964e-01 -3.092523872353411640e+00
5.631536126793483810e-01 -3.263457145545467508e+00
6.436041287763981655e-01 -3.351945369542563835e+00
7.240546448734478391e-01 -3.346129202991827700e+00
8.045051609704976237e-01 -3.382599280867241820e+00
8.849556770675472972e-01 -3.452069445756431598e+00
9.654061931645971928e-01 -3.516032667135303935e+00
1.045856709261647088e+00 -3.512072735282991243e+00
1.126307225358696762e+00 -3.486193301709009873e+00
1.206757741455746435e+00 -3.503326090225559852e+00
1.287208257552796331e+00 -3.533053442845887293e+00
1.367658773649846005e+00 -3.494185104147889298e+00
1.448109289746895678e+00 -3.426046749855078399e+00
1.528559805843945352e+00 -3.418621070284604269e+00
1.609010321940995247e+00 -3.436011634450817809e+00
1.689460838038045143e+00 -3.395994102724558594e+00
1.769911354135094594e+00 -3.375743012059152282e+00
1.850361870232144490e+00 -3.361299071156719886e+00
1.930812386329194386e+00 -3.304856691647060085e+00
2.011262902426244281e+00 -3.253272894315539343e+00
2.091713418523294177e+00 -3.205708652215881305e+00
2.172163934620343628e+00 -3.184407459954389008e+00
2.252614450717393524e+00 -3.172840814072681148e+00
2.333064966814443419e+00 -3.144987824966448908e+00
2.413515482911492871e+00 -3.092826386214777568e+00
2.493965999008542767e+00 -3.129786481663411113e+00
2.574416515105592662e+00 -3.179926161261511286e+00
2.654867031202642558e+00 -3.192148065998250406e+00
2.735317547299692009e+00 -3.189361689893338347e+00
2.815768063396741905e+00 -3.207429691744952738e+00
2.896218579493791356e+00 -3.201012928168151639e+00
2.976669095590841252e+00 -3.197677992487650389e+00
3.057119611687890703e+00 -3.240351398846792019e+00
3.137570127784940599e+00 -3.287167913431839672e+00
3.218020643881990495e+00 -3.304759518019359632e+00
3.298471159979039946e+00 -3.303380491856089396e+00
3.378921676076090286e+00 -3.275700283577770655e+00
3.459372192173139737e+00 -3.257247448207071905e+00
3.539822708270189189e+00 -3.224105869142257941e+00
3.620273224367239528e+00 -3.193505951454413516e+00
3.700723740464288980e+00 -3.189747654782851161e+00
3.781174256561339320e+00 -3.170092919939296650e+00
3.861624772658388771e+00 -3.137073131583453467e+00
3.942075288755438223e+00 -3.114178742992797844e+00
4.022525804852488562e+00 -3.103184764960526199e+00
4.102976320949538014e+00 -3.144692711912837169e+00
4.183426837046588354e+00 -3.228573654045622021e+00
4.263877353143637805e+00 -3.281330158051029677e+00
4.344327869240687257e+00 -3.270279170094299470e+00
4.424778385337737596e+00 -3.235829251200020629e+00
4.505228901434787048e+00 -3.212631357929016662e+00
4.585679417531836499e+00 -3.219480969580915897e+00
4.666129933628886839e+00 -3.255148404579951915e+00
4.746580449725936290e+00 -3.270405490666391302e+00
4.827030965822985742e+00 -3.253412024940400826e+00
4.907481481920036082e+00 -3.226534584354134871e+00
4.987931998017085533e+00 -3.203836748160042713e+00
5.068382514114135873e+00 -3.187961216372152684e+00
5.148833030211185324e+00 -3.172867718266950909e+00
5.229283546308234776e+00 -3.162897436152262820e+00
5.309734062405285115e+00 -3.193867880593706410e+00
5.390184578502334567e+00 -3.238752230600006499e+00
5.470635094599384018e+00 -3.260996619504142657e+00
5.551085610696433470e+00 -3.242183351758861853e+00
5.631536126793483810e+00 -3.194042980854178371e+00
5.711986642890533261e+00 -3.165579536030965535e+00
5.792437158987582713e+00 -3.206396561920872745e+00
5.872887675084633052e+00 -3.261073618916255246e+00
5.953338191181682504e+00 -3.286122202551920335e+00
6.033788707278731955e+00 -3.266257457821597487e+00
6.114239223375781407e+00 -3.249954687613542337e+00
6.194689739472831747e+00 -3.248280368574440136e+00
6.275140255569881198e+00 -3.252425418899470344e+00
6.355590771666931538e+00 -3.262872953651866137e+00
6.436041287763980989e+00 -3.293064512128220933e+00
6.516491803861030441e+00 -3.306851141668408989e+00
6.596942319958079892e+00 -3.274906458079982929e+00
6.677392836055131120e+00 -3.249571851805810763e+00
6.757843352152180572e+00 -3.264395257811616879e+00
6.838293868249230023e+00 -3.319300121813163251e+00
6.918744384346279475e+00 -3.355198393258500111e+00
6.999194900443328926e+00 -3.364667366813558491e+00
7.079645416540378378e+00 -3.388036873459590481e+00
7.160095932637429605e+00 -3.413686935852342952e+00
7.240546448734479057e+00 -3.385903397710160245e+00
7.320996964831528508e+00 -3.329762789438488912e+00
7.401447480928577960e+00 -3.298822830771613202e+00
7.481897997025627411e+00 -3.297418540930841413e+00
7.562348513122678639e+00 -3.303274128952796485e+00
7.642799029219728091e+00 -3.312069408469650700e+00
7.723249545316777542e+00 -3.329276152388692900e+00
7.803700061413826994e+00 -3.324286515647217222e+00
7.884150577510876445e+00 -3.323849149654825474e+00
7.964601093607927673e+00 -3.324508395334396571e+00
8.045051609704977125e+00 -3.329260227693172425e+00
8.125502125802025688e+00 -3.327342169471682709e+00
8.205952641899076028e+00 -3.336026827688804985e+00
8.286403157996124591e+00 -3.337091054786186284e+00
8.366853674093176707e+00 -3.335350775741113161e+00
8.447304190190225270e+00 -3.341812786033367733e+00
8.527754706287275610e+00 -3.332512704107982060e+00
8.608205222384324173e+00 -3.320048014473112374e+00
8.688655738481374513e+00 -3.319924227065987665e+00
8.769106254578423076e+00 -3.326313573903862064e+00
8.849556770675475192e+00 -3.311341585891056205e+00
8.930007286772523756e+00 -3.292307787759228610e+00
9.010457802869574095e+00 -3.300661352842437779e+00
9.090908318966622659e+00 -3.348831715682143439e+00
9.171358835063672998e+00 -3.407546626636511977e+00
9.251809351160723338e+00 -3.421065301483259713e+00
9.332259867257773678e+00 -3.403454124796635671e+00
9.412710383354822241e+00 -3.382294801238816984e+00
9.493160899451872581e+00 -3.373180599412719527e+00
9.573611415548921144e+00 -3.356215997607618462e+00
9.654061931645971484e+00 -3.371815018683663734e+00
9.734512447743021823e+00 -3.415250240495696588e+00
9.814962963840072163e+00 -3.458182700904969042e+00
9.895413479937120727e+00 -3.458625193478927606e+00
9.975863996034171066e+00 -3.446155701994985776e+00
1.005631451213121963e+01 -3.425795183118477194e+00
1.013676502822827175e+01 -3.405645580295852515e+00
1.021721554432532031e+01 -3.396867964488162528e+00
1.029766606042237065e+01 -3.407643954404157682e+00
