0.000000000000000000e+00 -1.549019599857431873e-01
8.045051609704977069e-02 -1.932705161978013064e-01
1.609010321940995414e-01 -5.593949814418092137e-01
2.413515482911492982e-01 -1.660812053622475970e+00
3.218020643881990828e-01 -2.044635915939117421e+00
4.022525804852488118e-01 -2.153097810101692655e+00
4.827030965822985964e-01 -2.423307581794778898e+00
5.631536126793483810e-01 -2.746355449449962016e+00
6.436041287763981655e-01 -2.912029926869703189e+00
7.240546448734478391e-01 -3.084390844113800156e+00
8.045051609704976237e-01 -3.276022324448804035e+00
8.849556770675472972e-01 -3.442724886491810743e+00
9.654061931645971928e-01 -3.533705536162187855e+00
1.045856709261647088e+00 -3.515705861015085532e+00
1.126307225358696762e+00 -3.403262563040892807e+00
1.206757741455746435e+00 -3.303713657640326762e+00
1.287208257552796331e+00 -3.244505164466988667e+00
1.367658773649846005e+00 -3.214568629400516464e+00
1.448109289746895678e+00 -3.156805108168844409e+00
1.528559805843945352e+00 -3.127105969854208301e+00
1.609010321940995247e+00 -3.143297412110598543e+00
1.689460838038045143e+00 -3.063371501341767722e+00
1.769911354135094594e+00 -2.935548739159787424e+00
1.850361870232144490e+00 -2.862894781332766758e+00
1.930812386329194386e+00 -2.857115830991473260e+00
2.011262902426244281e+00 -2.849907793247364207e+00
2.091713418523294177e+00 -2.805047308107643911e+00
2.172163934620343628e+00 -2.795777089914691427e+00
2.252614450717393524e+00 -2.793665884514843434e+00
2.333064966814443419e+00 -2.862191533464907067e+00
2.413515482911492871e+00 -2.983804846096411278e+00
2.493965999008542767e+00 -3.118334719419610046e+00
2.574416515105592662e+00 -3.134254597365219830e+00
2.654867031202642558e+00 -3.141176497460126171e+00
2.735317547299692009e+00 -3.163349654081518914e+00
2.815768063396741905e+00 -3.211019463924734918e+00
2.896218579493791356e+00 -3.264821656533003935e+00
2.976669095590841252e+00 -3.335561596079541502e+00
3.057119611687890703e+00 -3.322792933804490367e+00
3.137570127784940599e+00 -3.276848916841864856e+00
3.218020643881990495e+00 -3.236140958200699469e+00
3.298471159979039946e+00 -3.223053512704370682e+00
3.378921676076090286e+00 -3.223823950993561116e+00
3.459372192173139737e+00 -3.265903571406332251e+00
3.539822708270189189e+00 -3.296031876500441271e+00
3.620273224367239528e+00 -3.277978151348369007e+00
3.700723740464288980e+00 -3.247435119182084939e+00
3.781174256561339320e+00 -3.259656640081139312e+00
3.861624772658388771e+00 -3.278403191806781525e+00
3.942075288755438223e+00 -3.248156789098044950e+00
4.022525804852488562e+00 -3.221858020542141432e+00
4.102976320949538014e+00 -3.218212082477616143e+00
4.183426837046588354e+00 -3.219971432578494941e+00
4.263877353143637805e+00 -3.234907034865586173e+00
4.344327869240687257e+00 -3.287283914515982897e+00
4.424778385337737596e+00 -3.339568400242451496e+00
4.505228901434787048e+00 -3.316971695595680725e+00
4.585679417531836499e+00 -3.274875876842338496e+00
4.666129933628886839e+00 -3.271797870653679663e+00
4.746580449725936290e+00 -3.299479009599615598e+00
4.827030965822985742e+00 -3.285530912366593448e+00
4.907481481920036082e+00 -3.292841375253598990e+00
4.987931998017085533e+00 -3.290429665637096157e+00
5.068382514114135873e+00 -3.285817757657955251e+00
5.148833030211185324e+00 -3.286234888499953044e+00
5.229283546308234776e+00 -3.274898766587134080e+00
5.309734062405285115e+00 -3.243245757427766662e+00
5.390184578502334567e+00 -3.220772638512259256e+00
5.470635094599384018e+00 -3.212549713868934731e+00
5.551085610696433470e+00 -3.232085646849412797e+00
5.631536126793483810e+00 -3.258736483721597743e+00
5.711986642890533261e+00 -3.304416876885944987e+00
5.792437158987582713e+00 -3.337939109565048135e+00
5.872887675084633052e+00 -3.328823891052016926e+00
5.953338191181682504e+00 -3.288264754230068920e+00
6.033788707278731955e+00 -3.278582423998464890e+00
6.114239223375781407e+00 -3.303004505941157909e+00
6.194689739472831747e+00 -3.325059025890973352e+00
6.275140255569881198e+00 -3.296170917894192698e+00
6.355590771666931538e+00 -3.255892286778063749e+00
6.436041287763980989e+00 -3.244514561539090458e+00
6.516491803861030441e+00 -3.248413156075079300e+00
6.596942319958079892e+00 -3.249741837213721229e+00
6.677392836055131120e+00 -3.263512419517758278e+00
6.757843352152180572e+00 -3.271701878566954047e+00
6.838293868249230023e+00 -3.283025448666326174e+00
6.918744384346279475e+00 -3.278446802957161843e+00
6.999194900443328926e+00 -3.276567824931919670e+00
7.079645416540378378e+00 -3.288162569343747954e+00
7.160095932637429605e+00 -3.304840628868215280e+00
7.240546448734479057e+00 -3.294442340524103230e+00
7.320996964831528508e+00 -3.273811669606901731e+00
7.401447480928577960e+00 -3.278048003467892269e+00
7.481897997025627411e+00 -3.296270592755952134e+00
7.562348513122678639e+00 -3.289989780204955139e+00
7.642799029219728091e+00 -3.278116173119337340e+00
7.723249545316777542e+00 -3.283477979452666951e+00
7.803700061413826994e+00 -3.311231834955761677e+00
7.884150577510876445e+00 -3.311320592155662990e+00
7.964601093607927673e+00 -3.302399711621959000e+00
8.045051609704977125e+00 -3.286530251419934601e+00
8.125502125802025688e+00 -3.271715266929255517e+00
8.205952641899076028e+00 -3.255144750189494562e+00
8.286403157996124591e+00 -3.255933841552369756e+00
8.366853674093176707e+00 -3.268129416147197208e+00
8.447304190190225270e+00 -3.294739748685460601e+00
8.527754706287275610e+00 -3.313501156417366644e+00
8.608205222384324173e+00 -3.340733359355750665e+00
8.688655738481374513e+00 -3.355846956376689949e+00
8.769106254578423076e+00 -3.353780173751925275e+00
8.849556770675475192e+00 -3.352443335104387856e+00
8.930007286772523756e+00 -3.354067817233082227e+00
9.010457802869574095e+00 -3.351259116185100861e+00
9.090908318966622659e+00 -3.364679255756131138e+00
9.171358835063672998e+00 -3.368325561817211877e+00
9.251809351160723338e+00 -3.368358503640114243e+00
9.332259867257773678e+00 -3.381663132377926484e+00
9.412710383354822241e+00 -3.396204657443524066e+00
9.493160899451872581e+00 -3.403187481996308161e+00
9.573611415548921144e+00 -3.406303781284766519e+00
9.654061931645971484e+00 -3.388133615684082223e+00
9.734512447743021823e+00 -3.362083284668206939e+00
9.814962963840072163e+00 -3.339426754114867446e+00
9.895413479937120727e+00 -3.341897363383966812e+00
9.975863996034171066e+00 -3.373598330787091815e+00
1.005631451213121963e+01 -3.409036480204062691e+00
1.013676502822827175e+01 -3.407953494281829254e+00
1.021721554432532031e+01 -3.412404640916262721e+00
1.029766606042237065e+01 -3.421063844635020335e+00
