0.000000000000000000e+00 -1.549019599857431873e-01
8.045051609704977069e-02 -3.953234327446519258e-01
1.609010321940995414e-01 -1.237675596319389726e+00
2.413515482911492982e-01 -3.246823945017082380e+00
3.218020643881990828e-01 -3.542580787419752575e+00
4.022525804852488118e-01 -3.702965575441689250e+00
4.827030965822985964e-01 -4.410821448497654451e+00
5.631536126793483810e-01 -5.582939363492195106e+00
6.436041287763981655e-01 -6.201537217751043940e+00
7.240546448734478391e-01 -6.379577515243169294e+00
8.045051609704976237e-01 -6.754965548315593260e+00
8.849556770675472972e-01 -7.171147107360772210e+00
9.654061931645971928e-01 -7.215883978657536169e+00
1.045856709261647088e+00 -7.125285157777636158e+00
1.126307225358696762e+00 -7.064920203832121715e+00
1.206757741455746435e+00 -6.954764827137098315e+00
1.287208257552796331e+00 -6.776911287949419105e+00
1.367658773649846005e+00 -6.583568910268311036e+00
1.448109289746895678e+00 -6.441783911079655311e+00
1.528559805843945352e+00 -6.371975826238216456e+00
1.609010321940995247e+00 -6.133839163360619295e+00
1.689460838038045143e+00 -5.940764496524796101e+00
1.769911354135094594e+00 -5.884574337428102098e+00
1.850361870232144490e+00 -5.889173231211900728e+00
1.930812386329194386e+00 -5.911343352475805446e+00
2.011262902426244281e+00 -5.886963496108457150e+00
2.091713418523294177e+00 -5.753448871070016679e+00
2.172163934620343628e+00 -5.700695419963222044e+00
2.252614450717393524e+00 -5.771586210583212306e+00
2.333064966814443419e+00 -5.928962919745715432e+00
2.413515482911492871e+00 -6.028212447816576613e+00
2.493965999008542767e+00 -6.135734733934545382e+00
2.574416515105592662e+00 -6.300768485374628192e+00
2.654867031202642558e+00 -6.411867683158552822e+00
2.735317547299692009e+00 -6.446728090478158535e+00
2.815768063396741905e+00 -6.491633987093005764e+00
2.896218579493791356e+00 -6.542571749197873210e+00
2.976669095590841252e+00 -6.648801180293576252e+00
3.057119611687890703e+00 -6.699695265182292303e+00
3.137570127784940599e+00 -6.664609958392824218e+00
3.218020643881990495e+00 -6.551390813047825112e+00
3.298471159979039946e+00 -6.516610448459801752e+00
3.378921676076090286e+00 -6.512444112417001385e+00
3.459372192173139737e+00 -6.494054746913008991e+00
3.539822708270189189e+00 -6.408588571523932131e+00
3.620273224367239528e+00 -6.452074366610926148e+00
3.700723740464288980e+00 -6.600609929028464329e+00
3.781174256561339320e+00 -6.644037119105408173e+00
3.861624772658388771e+00 -6.567399042705103440e+00
3.942075288755438223e+00 -6.516814425497011953e+00
4.022525804852488562e+00 -6.526402567451613734e+00
4.102976320949538014e+00 -6.562284815254914250e+00
4.183426837046588354e+00 -6.478017145133353694e+00
4.263877353143637805e+00 -6.402660035482928613e+00
4.344327869240687257e+00 -6.423040459051523321e+00
4.424778385337737596e+00 -6.479533654814789934e+00
4.505228901434787048e+00 -6.584296245903595413e+00
4.585679417531836499e+00 -6.688916043232749686e+00
4.666129933628886839e+00 -6.713149895080811724e+00
4.746580449725936290e+00 -6.693392128023348597e+00
4.827030965822985742e+00 -6.615714239891540949e+00
4.907481481920036082e+00 -6.573572674956101203e+00
4.987931998017085533e+00 -6.558258323912133037e+00
5.068382514114135873e+00 -6.487666135768888509e+00
5.148833030211185324e+00 -6.401382361539374344e+00
5.229283546308234776e+00 -6.418439861637477151e+00
5.309734062405285115e+00 -6.480496730160918872e+00
5.390184578502334567e+00 -6.522934076662015634e+00
5.470635094599384018e+00 -6.549188568096896645e+00
5.551085610696433470e+00 -6.560713116041510418e+00
5.631536126793483810e+00 -6.519078921216994615e+00
5.711986642890533261e+00 -6.498695438184727280e+00
5.792437158987582713e+00 -6.543114198709703011e+00
5.872887675084633052e+00 -6.598312949957226614e+00
5.953338191181682504e+00 -6.616445251904168323e+00
6.033788707278731955e+00 -6.598299621872584453e+00
6.114239223375781407e+00 -6.600310656904515128e+00
6.194689739472831747e+00 -6.578033476799478585e+00
6.275140255569881198e+00 -6.546641637770417077e+00
6.355590771666931538e+00 -6.514226656655730530e+00
6.436041287763980989e+00 -6.493756244419849999e+00
6.516491803861030441e+00 -6.497541788728122825e+00
6.596942319958079892e+00 -6.499608208342279703e+00
6.677392836055131120e+00 -6.494426360151792643e+00
6.757843352152180572e+00 -6.528684967173896680e+00
6.838293868249230023e+00 -6.572363097809119203e+00
6.918744384346279475e+00 -6.565283937164919870e+00
6.999194900443328926e+00 -6.489021565983740913e+00
7.079645416540378378e+00 -6.441785097462199516e+00
7.160095932637429605e+00 -6.510365979299602479e+00
7.240546448734479057e+00 -6.592951213265026311e+00
7.320996964831528508e+00 -6.578841546276775532e+00
7.401447480928577960e+00 -6.555795315959323410e+00
7.481897997025627411e+00 -6.590676486018850255e+00
7.562348513122678639e+00 -6.640268507279825982e+00
7.642799029219728091e+00 -6.646976898870503803e+00
7.723249545316777542e+00 -6.604057268048524776e+00
7.803700061413826994e+00 -6.614028507619591046e+00
7.884150577510876445e+00 -6.653747098616263678e+00
7.964601093607927673e+00 -6.661305663107877528e+00
8.045051609704977125e+00 -6.637506722600952536e+00
8.125502125802025688e+00 -6.654056436977779043e+00
8.205952641899076028e+00 -6.678933010359256350e+00
8.286403157996124591e+00 -6.714675163003424707e+00
8.366853674093176707e+00 -6.703767000867386194e+00
8.447304190190225270e+00 -6.676734476449032840e+00
8.527754706287275610e+00 -6.646389374159332064e+00
8.608205222384324173e+00 -6.656261385092101968e+00
8.688655738481374513e+00 -6.688103172429358700e+00
8.769106254578423076e+00 -6.745505491990630986e+00
8.849556770675475192e+00 -6.772031799391384332e+00
8.930007286772523756e+00 -6.739888095350855757e+00
9.010457802869574095e+00 -6.711137112771861091e+00
9.090908318966622659e+00 -6.744309378146400746e+00
9.171358835063672998e+00 -6.739412412618692727e+00
9.251809351160723338e+00 -6.722004625974796532e+00
9.332259867257773678e+00 -6.761396488972732932e+00
9.412710383354822241e+00 -6.789353571067278992e+00
9.493160899451872581e+00 -6.800500943724226310e+00
9.573611415548921144e+00 -6.824697342418577506e+00
9.654061931645971484e+00 -6.819910570883585876e+00
9.734512447743021823e+00 -6.791377121934490724e+00
9.814962963840072163e+00 -6.760735855935957161e+00
9.895413479937120727e+00 -6.779860236369083637e+00
9.975863996034171066e+00 -6.795213625813834035e+00
1.005631451213121963e+01 -6.847482729911584798e+00
1.013676502822827175e+01 -6.852477959318570733e+00
1.021721554432532031e+01 -6.856371183785572754e+00
1.029766606042237065e+01 -6.876013187033059637e+00
