0.000000000000000000e+00 -1.549019599857431873e-01
8.045051609704977069e-02 -2.079713292435269312e-01
1.609010321940995414e-01 -6.231375402000010055e-01
2.413515482911492982e-01 -2.035067616385445977e+00
3.218020643881990828e-01 -2.047497217626034871e+00
4.022525804852488118e-01 -2.228347629589698897e+00
4.827030965822985964e-01 -2.495930911625193094e+00
5.631536126793483810e-01 -2.815800884683504979e+00
6.436041287763981655e-01 -3.051957436365327236e+00
7.240546448734478391e-01 -3.216252986925835611e+00
8.045051609704976237e-01 -3.262864497363185734e+00
8.849556770675472972e-01 -3.257071747024497199e+00
9.654061931645971928e-01 -3.324424255830614960e+00
1.045856709261647088e+00 -3.463131749812460747e+00
1.126307225358696762e+00 -3.536057586696752519e+00
1.206757741455746435e+00 -3.465648057016803563e+00
1.287208257552796331e+00 -3.350232149951052563e+00
1.367658773649846005e+00 -3.329050660634353509e+00
1.448109289746895678e+00 -3.318857747541140935e+00
1.528559805843945352e+00 -3.238174110226388791e+00
1.609010321940995247e+00 -3.112196331731365007e+00
1.689460838038045143e+00 -3.064917730456232725e+00
1.769911354135094594e+00 -3.042272397358288583e+00
1.850361870232144490e+00 -3.026701977447022074e+00
1.930812386329194386e+00 -2.975106929331689631e+00
2.011262902426244281e+00 -2.887341237847481867e+00
2.091713418523294177e+00 -2.860426824868584461e+00
2.172163934620343628e+00 -2.893982760078876115e+00
2.252614450717393524e+00 -2.982961056749897644e+00
2.333064966814443419e+00 -3.077851759372008722e+00
2.413515482911492871e+00 -3.132311868317991799e+00
2.493965999008542767e+00 -3.119981750376082275e+00
2.574416515105592662e+00 -3.120794400758396314e+00
2.654867031202642558e+00 -3.155074785958356998e+00
2.735317547299692009e+00 -3.158855045287221053e+00
2.815768063396741905e+00 -3.142788123933101030e+00
2.896218579493791356e+00 -3.179087894249399859e+00
2.976669095590841252e+00 -3.232933619224577004e+00
3.057119611687890703e+00 -3.255449349431806638e+00
3.137570127784940599e+00 -3.241858762349427270e+00
3.218020643881990495e+00 -3.243099687533311570e+00
3.298471159979039946e+00 -3.254473622538260447e+00
3.378921676076090286e+00 -3.252084676578024247e+00
3.459372192173139737e+00 -3.242680303432132316e+00
3.539822708270189189e+00 -3.277260779456126372e+00
3.620273224367239528e+00 -3.331358377492937173e+00
3.700723740464288980e+00 -3.359427683352883776e+00
3.781174256561339320e+00 -3.348223929250698117e+00
3.861624772658388771e+00 -3.308160119490892281e+00
3.942075288755438223e+00 -3.276502504068993460e+00
4.022525804852488562e+00 -3.247718051634244762e+00
4.102976320949538014e+00 -3.226210449263115176e+00
4.183426837046588354e+00 -3.254483082566418162e+00
4.263877353143637805e+00 -3.296531767436873928e+00
4.344327869240687257e+00 -3.282325634697650152e+00
4.424778385337737596e+00 -3.279538167201004661e+00
4.505228901434787048e+00 -3.321157943094991349e+00
4.585679417531836499e+00 -3.348739648665508550e+00
4.666129933628886839e+00 -3.322711824624271504e+00
4.746580449725936290e+00 -3.280918276170510683e+00
4.827030965822985742e+00 -3.258030750972163769e+00
4.907481481920036082e+00 -3.245963005640273735e+00
4.987931998017085533e+00 -3.218605071423340291e+00
5.068382514114135873e+00 -3.213582170118733927e+00
5.148833030211185324e+00 -3.231898701904833082e+00
5.229283546308234776e+00 -3.224602383691301810e+00
5.309734062405285115e+00 -3.239576088179596525e+00
5.390184578502334567e+00 -3.279299932537090179e+00
5.470635094599384018e+00 -3.323555760931662828e+00
5.551085610696433470e+00 -3.312644789510773791e+00
5.631536126793483810e+00 -3.284274762602588105e+00
5.711986642890533261e+00 -3.258074408075133821e+00
5.792437158987582713e+00 -3.292512609060336715e+00
5.872887675084633052e+00 -3.324966080898556164e+00
5.953338191181682504e+00 -3.321255337595277801e+00
6.033788707278731955e+00 -3.328920869510351377e+00
6.114239223375781407e+00 -3.333303289447759443e+00
6.194689739472831747e+00 -3.296477951408782303e+00
6.275140255569881198e+00 -3.259269051075327717e+00
6.355590771666931538e+00 -3.278912392028173528e+00
6.436041287763980989e+00 -3.272752640094218179e+00
6.516491803861030441e+00 -3.260225236224674195e+00
6.596942319958079892e+00 -3.286692052113983742e+00
6.677392836055131120e+00 -3.329263165905646638e+00
6.757843352152180572e+00 -3.359719521619461968e+00
6.838293868249230023e+00 -3.361409251546370491e+00
6.918744384346279475e+00 -3.349163898907739245e+00
6.999194900443328926e+00 -3.338484222130095436e+00
7.079645416540378378e+00 -3.352734296746902487e+00
7.160095932637429605e+00 -3.374002345234553779e+00
7.240546448734479057e+00 -3.385401377573130421e+00
7.320996964831528508e+00 -3.345095258412543959e+00
7.401447480928577960e+00 -3.312082019066297622e+00
7.481897997025627411e+00 -3.316822601469810117e+00
7.562348513122678639e+00 -3.332339966414148869e+00
7.642799029219728091e+00 -3.324789120701696188e+00
7.723249545316777542e+00 -3.298202938102293036e+00
7.803700061413826994e+00 -3.292778007157937115e+00
7.884150577510876445e+00 -3.306022562423307498e+00
7.964601093607927673e+00 -3.344325171744996883e+00
8.045051609704977125e+00 -3.358128728412783204e+00
8.125502125802025688e+00 -3.359226333309848211e+00
8.205952641899076028e+00 -3.366379944939340341e+00
8.286403157996124591e+00 -3.376472238376497348e+00
8.366853674093176707e+00 -3.357829472905899504e+00
8.447304190190225270e+00 -3.342080975599688752e+00
8.527754706287275610e+00 -3.355322159456130215e+00
8.608205222384324173e+00 -3.363742662297804387e+00
8.688655738481374513e+00 -3.363692020520137049e+00
8.769106254578423076e+00 -3.390698642972909127e+00
8.849556770675475192e+00 -3.389290325766867618e+00
8.930007286772523756e+00 -3.385369743573334311e+00
9.010457802869574095e+00 -3.382708319419930554e+00
9.090908318966622659e+00 -3.391382318396471529e+00
9.171358835063672998e+00 -3.422518897647938374e+00
9.251809351160723338e+00 -3.455042374673158001e+00
9.332259867257773678e+00 -3.446121701687487437e+00
9.412710383354822241e+00 -3.433748596592244962e+00
9.493160899451872581e+00 -3.423544228383295085e+00
9.573611415548921144e+00 -3.451666718162897940e+00
9.654061931645971484e+00 -3.467159812117663886e+00
9.734512447743021823e+00 -3.432076422477303712e+00
9.814962963840072163e+00 -3.410596602267245370e+00
9.895413479937120727e+00 -3.425666270935608271e+00
9.975863996034171066e+00 -3.439430915630306895e+00
1.005631451213121963e+01 -3.440350982878134012e+00
1.013676502822827175e+01 -3.432169580002031761e+00
1.021721554432532031e+01 -3.440201638830096886e+00
1.029766606042237065e+01 -3.460395050578899401e+00
