0.000000000000000000e+00 -1.549019599857431873e-01
8.045051609704977069e-02 -1.997604414149461993e-01
1.609010321940995414e-01 -5.717696331704887891e-01
2.413515482911492982e-01 -2.094241339848583738e+00
3.218020643881990828e-01 -2.364562875045212120e+00
4.022525804852488118e-01 -2.198485979572806670e+00
4.827030965822985964e-01 -2.402954505936688356e+00
5.631536126793483810e-01 -2.757994157596005635e+00
6.436041287763981655e-01 -3.072482440943222315e+00
7.240546448734478391e-01 -3.302124611297241774e+00
8.045051609704976237e-01 -3.522759117788452077e+00
8.849556770675472972e-01 -3.582676995828800504e+00
9.654061931645971928e-01 -3.566603598774783279e+00
1.045856709261647088e+00 -3.543825216905674758e+00
1.126307225358696762e+00 -3.568002668596070848e+00
1.206757741455746435e+00 -3.561851561792136245e+00
1.287208257552796331e+00 -3.546862063042357960e+00
1.367658773649846005e+00 -3.459448681581661411e+00
1.448109289746895678e+00 -3.358497083002399464e+00
1.528559805843945352e+00 -3.181962383070422895e+00
1.609010321940995247e+00 -3.004249576510900965e+00
1.689460838038045143e+00 -2.898296132628525701e+00
1.769911354135094594e+00 -2.871577146387871871e+00
1.850361870232144490e+00 -2.884795634691308841e+00
1.930812386329194386e+00 -2.878332768410238440e+00
2.011262902426244281e+00 -2.898851556337767921e+00
2.091713418523294177e+00 -2.897027241213949722e+00
2.172163934620343628e+00 -2.961285568206951435e+00
2.252614450717393524e+00 -3.009470801836058307e+00
2.333064966814443419e+00 -3.055248580604333686e+00
2.413515482911492871e+00 -3.069488776849111922e+00
2.493965999008542767e+00 -3.096469349304884044e+00
2.574416515105592662e+00 -3.109430473887664803e+00
2.654867031202642558e+00 -3.149348911206293344e+00
2.735317547299692009e+00 -3.210290975918400402e+00
2.815768063396741905e+00 -3.221438694847769124e+00
2.896218579493791356e+00 -3.237848355151139668e+00
2.976669095590841252e+00 -3.275147856631451138e+00
3.057119611687890703e+00 -3.295580103162988550e+00
3.137570127784940599e+00 -3.251219771591008723e+00
3.218020643881990495e+00 -3.178935957757828223e+00
3.298471159979039946e+00 -3.154203945889650473e+00
3.378921676076090286e+00 -3.229347063472979951e+00
3.459372192173139737e+00 -3.323179197130350815e+00
3.539822708270189189e+00 -3.353648619594430169e+00
3.620273224367239528e+00 -3.284646228395692091e+00
3.700723740464288980e+00 -3.216560464859061774e+00
3.781174256561339320e+00 -3.222568675025252016e+00
3.861624772658388771e+00 -3.235296340182036268e+00
3.942075288755438223e+00 -3.248684461326325934e+00
4.022525804852488562e+00 -3.229484739891975931e+00
4.102976320949538014e+00 -3.190102874201030225e+00
4.183426837046588354e+00 -3.168503184668615358e+00
4.263877353143637805e+00 -3.209357045563100641e+00
4.344327869240687257e+00 -3.246011082420976468e+00
4.424778385337737596e+00 -3.265550157952487265e+00
4.505228901434787048e+00 -3.272490523261990969e+00
4.585679417531836499e+00 -3.285914286684433971e+00
4.666129933628886839e+00 -3.264892574499516975e+00
4.746580449725936290e+00 -3.250925463765443890e+00
4.827030965822985742e+00 -3.246726848970693080e+00
4.907481481920036082e+00 -3.234312565489549485e+00
4.987931998017085533e+00 -3.213569515428719381e+00
5.068382514114135873e+00 -3.211240681234667882e+00
5.148833030211185324e+00 -3.234938907748226455e+00
5.229283546308234776e+00 -3.274313921483049228e+00
5.309734062405285115e+00 -3.287400205318509627e+00
5.390184578502334567e+00 -3.263740142525493493e+00
5.470635094599384018e+00 -3.236592675889968351e+00
5.551085610696433470e+00 -3.219625024636823873e+00
5.631536126793483810e+00 -3.222452266504287177e+00
5.711986642890533261e+00 -3.195246589632219525e+00
5.792437158987582713e+00 -3.179014364027897610e+00
5.872887675084633052e+00 -3.208808536649767618e+00
5.953338191181682504e+00 -3.245062874396047459e+00
6.033788707278731955e+00 -3.244506223958921520e+00
6.114239223375781407e+00 -3.237585930754174779e+00
6.194689739472831747e+00 -3.228278541466877982e+00
6.275140255569881198e+00 -3.262872932849578245e+00
6.355590771666931538e+00 -3.301613337152028205e+00
6.436041287763980989e+00 -3.315805274536496761e+00
6.516491803861030441e+00 -3.274521298017783355e+00
6.596942319958079892e+00 -3.223788605021920883e+00
6.677392836055131120e+00 -3.211291396197593073e+00
6.757843352152180572e+00 -3.235590263054131110e+00
6.838293868249230023e+00 -3.259450074960201782e+00
6.918744384346279475e+00 -3.275304628298972176e+00
6.999194900443328926e+00 -3.300025846770477056e+00
7.079645416540378378e+00 -3.295760895991767470e+00
7.160095932637429605e+00 -3.268596270987380592e+00
7.240546448734479057e+00 -3.259656935471307193e+00
7.320996964831528508e+00 -3.284267387613577505e+00
7.401447480928577960e+00 -3.313097123549970213e+00
7.481897997025627411e+00 -3.305851173003945487e+00
7.562348513122678639e+00 -3.295892354239983391e+00
7.642799029219728091e+00 -3.288516623509226022e+00
7.723249545316777542e+00 -3.273137189536373892e+00
7.803700061413826994e+00 -3.283803504334460666e+00
7.884150577510876445e+00 -3.281795220183116424e+00
7.964601093607927673e+00 -3.269257845221265946e+00
8.045051609704977125e+00 -3.276144866671436784e+00
8.125502125802025688e+00 -3.287702103949488919e+00
8.205952641899076028e+00 -3.300735399090468203e+00
8.286403157996124591e+00 -3.308120786976890493e+00
8.366853674093176707e+00 -3.324039724164706389e+00
8.447304190190225270e+00 -3.353928124122590226e+00
8.527754706287275610e+00 -3.392738250660827237e+00
8.608205222384324173e+00 -3.427094570148114361e+00
8.688655738481374513e+00 -3.446219033091251216e+00
8.769106254578423076e+00 -3.440386402603019089e+00
8.849556770675475192e+00 -3.407529950843521505e+00
8.930007286772523756e+00 -3.385412996341646164e+00
9.010457802869574095e+00 -3.384033140872219292e+00
9.090908318966622659e+00 -3.384850452891368544e+00
9.171358835063672998e+00 -3.394378459569015405e+00
9.251809351160723338e+00 -3.405698580443643486e+00
9.332259867257773678e+00 -3.404121899015957187e+00
9.412710383354822241e+00 -3.384658817862243207e+00
9.493160899451872581e+00 -3.361382306918741847e+00
9.573611415548921144e+00 -3.352787920577224856e+00
9.654061931645971484e+00 -3.358155457538329891e+00
9.734512447743021823e+00 -3.376773870446846626e+00
9.814962963840072163e+00 -3.387984337004633417e+00
9.895413479937120727e+00 -3.405316112441244325e+00
9.975863996034171066e+00 -3.411422347707142144e+00
1.005631451213121963e+01 -3.412251982116147886e+00
1.013676502822827175e+01 -3.410968911737110254e+00
1.021721554432532031e+01 -3.408008845462699998e+00
1.029766606042237065e+01 -3.411977084973647489e+00
