0.000000000000000000e+00 -1.549019599857431873e-01
8.045051609704977069e-02 -2.124931203663385781e-01
1.609010321940995414e-01 -6.519252981581435957e-01
2.413515482911492982e-01 -1.796146614839819522e+00
3.218020643881990828e-01 -1.958003435843930884e+00
4.022525804852488118e-01 -1.989966025797671900e+00
4.827030965822985964e-01 -2.258586504512357429e+00
5.631536126793483810e-01 -2.647958964317271402e+00
6.436041287763981655e-01 -2.878112724783513432e+00
7.240546448734478391e-01 -3.074580569377058037e+00
8.045051609704976237e-01 -3.330788150758176247e+00
8.849556770675472972e-01 -3.473063158784237547e+00
9.654061931645971928e-01 -3.501613763249758371e+00
1.045856709261647088e+00 -3.524730612422370069e+00
1.126307225358696762e+00 -3.493611867774250701e+00
1.206757741455746435e+00 -3.423083461936244021e+00
1.287208257552796331e+00 -3.377079406503436854e+00
1.367658773649846005e+00 -3.341208612777922138e+00
1.448109289746895678e+00 -3.266178613277240128e+00
1.528559805843945352e+00 -3.170512289805996531e+00
1.609010321940995247e+00 -3.100194285733525845e+00
1.689460838038045143e+00 -3.053858495819647967e+00
1.769911354135094594e+00 -2.985258506648179821e+00
1.850361870232144490e+00 -2.884771972049037458e+00
1.930812386329194386e+00 -2.822996871973181499e+00
2.011262902426244281e+00 -2.823062999312069277e+00
2.091713418523294177e+00 -2.858310273899042908e+00
2.172163934620343628e+00 -2.909375205229435490e+00
2.252614450717393524e+00 -2.973937212090698168e+00
2.333064966814443419e+00 -3.055019658480028877e+00
2.413515482911492871e+00 -3.123788045065085672e+00
2.493965999008542767e+00 -3.176336587238499654e+00
2.574416515105592662e+00 -3.195803920946039600e+00
2.654867031202642558e+00 -3.212027171674016301e+00
2.735317547299692009e+00 -3.202827564889477063e+00
2.815768063396741905e+00 -3.226230591595578012e+00
2.896218579493791356e+00 -3.242918382248772158e+00
2.976669095590841252e+00 -3.287825690768504838e+00
3.057119611687890703e+00 -3.323573728804964933e+00
3.137570127784940599e+00 -3.314403743951064740e+00
3.218020643881990495e+00 -3.291424114668413559e+00
3.298471159979039946e+00 -3.274645999112880013e+00
3.378921676076090286e+00 -3.250215743562241411e+00
3.459372192173139737e+00 -3.255645121212991544e+00
3.539822708270189189e+00 -3.270353710583211004e+00
3.620273224367239528e+00 -3.250730994451590750e+00
3.700723740464288980e+00 -3.204266297572212263e+00
3.781174256561339320e+00 -3.188802513821804130e+00
3.861624772658388771e+00 -3.182024389161726141e+00
3.942075288755438223e+00 -3.208407516044880836e+00
4.022525804852488562e+00 -3.248138304464148529e+00
4.102976320949538014e+00 -3.272175711108157081e+00
4.183426837046588354e+00 -3.323652203043987452e+00
4.263877353143637805e+00 -3.343306363818135729e+00
4.344327869240687257e+00 -3.288227013858693759e+00
4.424778385337737596e+00 -3.259621944913536851e+00
4.505228901434787048e+00 -3.270634512452577081e+00
4.585679417531836499e+00 -3.288422135133344693e+00
4.666129933628886839e+00 -3.279059394526988580e+00
4.746580449725936290e+00 -3.259516799062384340e+00
4.827030965822985742e+00 -3.219338570533424537e+00
4.907481481920036082e+00 -3.241042591524346594e+00
4.987931998017085533e+00 -3.281583996812168724e+00
5.068382514114135873e+00 -3.287812325021439275e+00
5.148833030211185324e+00 -3.260900425426000560e+00
5.229283546308234776e+00 -3.250839107007777784e+00
5.309734062405285115e+00 -3.278430172233381512e+00
5.390184578502334567e+00 -3.316768385447352863e+00
5.470635094599384018e+00 -3.305386040734429987e+00
5.551085610696433470e+00 -3.284540074446972380e+00
5.631536126793483810e+00 -3.300331386553887913e+00
5.711986642890533261e+00 -3.342235088851380098e+00
5.792437158987582713e+00 -3.359397800271374024e+00
5.872887675084633052e+00 -3.312957594747880208e+00
5.953338191181682504e+00 -3.254284789986927162e+00
6.033788707278731955e+00 -3.259829527247546377e+00
6.114239223375781407e+00 -3.286604386622156593e+00
6.194689739472831747e+00 -3.297584504499296187e+00
6.275140255569881198e+00 -3.322144759279573645e+00
6.355590771666931538e+00 -3.342324614994411469e+00
6.436041287763980989e+00 -3.330288714206430356e+00
6.516491803861030441e+00 -3.316477247302388243e+00
6.596942319958079892e+00 -3.320033349123726385e+00
6.677392836055131120e+00 -3.340020956790886508e+00
6.757843352152180572e+00 -3.337909188179295494e+00
6.838293868249230023e+00 -3.325163692101381852e+00
6.918744384346279475e+00 -3.332247359907280160e+00
6.999194900443328926e+00 -3.372705057549775010e+00
7.079645416540378378e+00 -3.384081612033993824e+00
7.160095932637429605e+00 -3.356449116097138585e+00
7.240546448734479057e+00 -3.277858427893638904e+00
7.320996964831528508e+00 -3.246767905452444758e+00
7.401447480928577960e+00 -3.266596506219024310e+00
7.481897997025627411e+00 -3.303276761510204107e+00
7.562348513122678639e+00 -3.304882293480535083e+00
7.642799029219728091e+00 -3.304280653452748240e+00
7.723249545316777542e+00 -3.304523974902848327e+00
7.803700061413826994e+00 -3.333433726550107501e+00
7.884150577510876445e+00 -3.346345136273713106e+00
7.964601093607927673e+00 -3.350523488552120011e+00
8.045051609704977125e+00 -3.357153200074763699e+00
8.125502125802025688e+00 -3.363322928808156309e+00
8.205952641899076028e+00 -3.360568001401042171e+00
8.286403157996124591e+00 -3.361033100126488815e+00
8.366853674093176707e+00 -3.391772139324134905e+00
8.447304190190225270e+00 -3.405570113846090763e+00
8.527754706287275610e+00 -3.392736353356342160e+00
8.608205222384324173e+00 -3.385688458570546011e+00
8.688655738481374513e+00 -3.388903354050989858e+00
8.769106254578423076e+00 -3.418724273262951474e+00
8.849556770675475192e+00 -3.422959254030818244e+00
8.930007286772523756e+00 -3.400823638620434686e+00
9.010457802869574095e+00 -3.399494327737009769e+00
9.090908318966622659e+00 -3.418688020527345550e+00
9.171358835063672998e+00 -3.450593916725064325e+00
9.251809351160723338e+00 -3.472619535606017216e+00
9.332259867257773678e+00 -3.465805353988724580e+00
9.412710383354822241e+00 -3.447971889630962572e+00
9.493160899451872581e+00 -3.438463160458078871e+00
9.573611415548921144e+00 -3.462477002610265586e+00
9.654061931645971484e+00 -3.438829363646072057e+00
9.734512447743021823e+00 -3.387425322297468622e+00
9.814962963840072163e+00 -3.369835012827292697e+00
9.895413479937120727e+00 -3.405887714148338130e+00
9.975863996034171066e+00 -3.439835334134859757e+00
1.005631451213121963e+01 -3.451779702467833832e+00
1.013676502822827175e+01 -3.453215500783270997e+00
1.021721554432532031e+01 -3.453480027343189374e+00
1.029766606042237065e+01 -3.464082119152293693e+00
