0.000000000000000000e+00 -1.549019599857431873e-01
8.045051609704977069e-02 -2.052524252406524308e-01
1.609010321940995414e-01 -5.401856600408616593e-01
2.413515482911492982e-01 -1.635508376512835982e+00
3.218020643881990828e-01 -2.052988862378258617e+00
4.022525804852488118e-01 -1.796499917945468816e+00
4.827030965822985964e-01 -1.960461791160280187e+00
5.631536126793483810e-01 -2.450728994859623810e+00
6.436041287763981655e-01 -3.036805156196308086e+00
7.240546448734478391e-01 -3.059587765340731291e+00
8.045051609704976237e-01 -3.133427237280507871e+00
8.849556770675472972e-01 -3.311412627612363657e+00
9.654061931645971928e-01 -3.401696600025868378e+00
1.045856709261647088e+00 -3.381196860609953170e+00
1.126307225358696762e+00 -3.363369934878208678e+00
1.206757741455746435e+00 -3.368915719848317725e+00
1.287208257552796331e+00 -3.361082895453153530e+00
1.367658773649846005e+00 -3.285728432115311293e+00
1.448109289746895678e+00 -3.189422636218083529e+00
1.528559805843945352e+00 -3.156706843324781797e+00
1.609010321940995247e+00 -3.112299368170095448e+00
1.689460838038045143e+00 -3.029933321665284840e+00
1.769911354135094594e+00 -2.935754737683800020e+00
1.850361870232144490e+00 -2.879952571431668495e+00
1.930812386329194386e+00 -2.842350317121371095e+00
2.011262902426244281e+00 -2.837742005577344795e+00
2.091713418523294177e+00 -2.854389101046244548e+00
2.172163934620343628e+00 -2.881667603480556394e+00
2.252614450717393524e+00 -2.898678245669169318e+00
2.333064966814443419e+00 -2.925708710377170618e+00
2.413515482911492871e+00 -3.012597605546347257e+00
2.493965999008542767e+00 -3.126562636902433745e+00
2.574416515105592662e+00 -3.197178981757390570e+00
2.654867031202642558e+00 -3.200746799344140303e+00
2.735317547299692009e+00 -3.209595762331988400e+00
2.815768063396741905e+00 -3.218122208575303400e+00
2.896218579493791356e+00 -3.246208308008043275e+00
2.976669095590841252e+00 -3.262307783730984401e+00
3.057119611687890703e+00 -3.277384955643925846e+00
3.137570127784940599e+00 -3.316781186777465251e+00
3.218020643881990495e+00 -3.356959383459583446e+00
3.298471159979039946e+00 -3.370057055541738400e+00
3.378921676076090286e+00 -3.339856068940334488e+00
3.459372192173139737e+00 -3.312340941455957921e+00
3.539822708270189189e+00 -3.286834749913568832e+00
3.620273224367239528e+00 -3.270975677693804595e+00
3.700723740464288980e+00 -3.253312785510037664e+00
3.781174256561339320e+00 -3.244566565134880509e+00
3.861624772658388771e+00 -3.224242581652225770e+00
3.942075288755438223e+00 -3.185891275398374578e+00
4.022525804852488562e+00 -3.176897684454540016e+00
4.102976320949538014e+00 -3.183102588609230565e+00
4.183426837046588354e+00 -3.205138483402344196e+00
4.263877353143637805e+00 -3.257333109343587552e+00
4.344327869240687257e+00 -3.322559983310577003e+00
4.424778385337737596e+00 -3.330744139519480562e+00
4.505228901434787048e+00 -3.293292692852981762e+00
4.585679417531836499e+00 -3.309646284831341934e+00
4.666129933628886839e+00 -3.332444554789142810e+00
4.746580449725936290e+00 -3.352464796235767874e+00
4.827030965822985742e+00 -3.335236545443970524e+00
4.907481481920036082e+00 -3.310621378067959864e+00
4.987931998017085533e+00 -3.292276327509436662e+00
5.068382514114135873e+00 -3.264844514812172527e+00
5.148833030211185324e+00 -3.238990473526238478e+00
5.229283546308234776e+00 -3.229499319917079614e+00
5.309734062405285115e+00 -3.268295822594622813e+00
5.390184578502334567e+00 -3.308787254841082159e+00
5.470635094599384018e+00 -3.310392119622171059e+00
5.551085610696433470e+00 -3.296718162363726723e+00
5.631536126793483810e+00 -3.295121535091953380e+00
5.711986642890533261e+00 -3.276110935862078133e+00
5.792437158987582713e+00 -3.228547918432508101e+00
5.872887675084633052e+00 -3.203697500572240120e+00
5.953338191181682504e+00 -3.208591222411273147e+00
6.033788707278731955e+00 -3.248060836210525881e+00
6.114239223375781407e+00 -3.284612179583013436e+00
6.194689739472831747e+00 -3.274019547577458944e+00
6.275140255569881198e+00 -3.254677199311783564e+00
6.355590771666931538e+00 -3.262943596705153659e+00
6.436041287763980989e+00 -3.259751398773730102e+00
6.516491803861030441e+00 -3.249869928811705222e+00
6.596942319958079892e+00 -3.251360108813280636e+00
6.677392836055131120e+00 -3.251413798783729714e+00
6.757843352152180572e+00 -3.246401550285404447e+00
6.838293868249230023e+00 -3.262313144171690826e+00
6.918744384346279475e+00 -3.286488382935210506e+00
6.999194900443328926e+00 -3.308723123446002390e+00
7.079645416540378378e+00 -3.311689374058767843e+00
7.160095932637429605e+00 -3.319802659471364326e+00
7.240546448734479057e+00 -3.326277829131232266e+00
7.320996964831528508e+00 -3.313967190959090203e+00
7.401447480928577960e+00 -3.298019298934502519e+00
7.481897997025627411e+00 -3.304559271381477981e+00
7.562348513122678639e+00 -3.334492127290137109e+00
7.642799029219728091e+00 -3.340616936342108989e+00
7.723249545316777542e+00 -3.334830047855807944e+00
7.803700061413826994e+00 -3.336825580119837209e+00
7.884150577510876445e+00 -3.317866304266838817e+00
7.964601093607927673e+00 -3.286428854773987940e+00
8.045051609704977125e+00 -3.268619291214901690e+00
8.125502125802025688e+00 -3.274422151343003851e+00
8.205952641899076028e+00 -3.290378518514322614e+00
8.286403157996124591e+00 -3.324853190654359025e+00
8.366853674093176707e+00 -3.346322740317609234e+00
8.447304190190225270e+00 -3.336096442793491601e+00
8.527754706287275610e+00 -3.315905454600688529e+00
8.608205222384324173e+00 -3.302593572513533360e+00
8.688655738481374513e+00 -3.297879978382010080e+00
8.769106254578423076e+00 -3.315142875308987769e+00
8.849556770675475192e+00 -3.333631003765583856e+00
8.930007286772523756e+00 -3.358957889220901993e+00
9.010457802869574095e+00 -3.385051497603509763e+00
9.090908318966622659e+00 -3.388272405006476529e+00
9.171358835063672998e+00 -3.392074794410435246e+00
9.251809351160723338e+00 -3.389979504328362925e+00
9.332259867257773678e+00 -3.391761038147370400e+00
9.412710383354822241e+00 -3.374507795865754112e+00
9.493160899451872581e+00 -3.368636181972778143e+00
9.573611415548921144e+00 -3.368044271409746049e+00
9.654061931645971484e+00 -3.390093249830179012e+00
9.734512447743021823e+00 -3.378999857518778072e+00
9.814962963840072163e+00 -3.355010524970523988e+00
9.895413479937120727e+00 -3.361417369146491030e+00
9.975863996034171066e+00 -3.380538095528684561e+00
1.005631451213121963e+01 -3.390751942985037015e+00
1.013676502822827175e+01 -3.389500419516168428e+00
1.021721554432532031e+01 -3.388228853552823772e+00
1.029766606042237065e+01 -3.376721442235790072e+00
