0.000000000000000000e+00 -1.549019599857431873e-01
8.045051609704977069e-02 -2.097706771944404525e-01
1.609010321940995414e-01 -6.441019042476890943e-01
2.413515482911492982e-01 -1.566551951968585987e+00
3.218020643881990828e-01 -1.474468060807935466e+00
4.022525804852488118e-01 -1.303707014489043470e+00
4.827030965822985964e-01 -1.400179920982670856e+00
5.631536126793483810e-01 -1.597623744021966052e+00
6.436041287763981655e-01 -1.854305789504259172e+00
7.240546448734478391e-01 -2.039316641774007621e+00
8.045051609704976237e-01 -2.219305440745452440e+00
8.849556770675472972e-01 -2.408306301642582525e+00
9.654061931645971928e-01 -2.560764396787441832e+00
1.045856709261647088e+00 -2.706776854361348406e+00
1.126307225358696762e+00 -2.757269345075620492e+00
1.206757741455746435e+00 -2.763278451398736291e+00
1.287208257552796331e+00 -2.743787910482526460e+00
1.367658773649846005e+00 -2.747210604579007676e+00
1.448109289746895678e+00 -2.780473319654821474e+00
1.528559805843945352e+00 -2.795754278443014940e+00
1.609010321940995247e+00 -2.766011113198420190e+00
1.689460838038045143e+00 -2.717848551351791819e+00
1.769911354135094594e+00 -2.689006043290396164e+00
1.850361870232144490e+00 -2.702914007487426051e+00
1.930812386329194386e+00 -2.729419850447750040e+00
2.011262902426244281e+00 -2.735687620123682606e+00
2.091713418523294177e+00 -2.730655380713071789e+00
2.172163934620343628e+00 -2.644223468699204105e+00
2.252614450717393524e+00 -2.582324954944441142e+00
2.333064966814443419e+00 -2.598153398763376920e+00
2.413515482911492871e+00 -2.642547880174967556e+00
2.493965999008542767e+00 -2.687853055585532225e+00
2.574416515105592662e+00 -2.721919722142470022e+00
2.654867031202642558e+00 -2.731897523293676855e+00
2.735317547299692009e+00 -2.690556815553804881e+00
2.815768063396741905e+00 -2.666565561518866367e+00
2.896218579493791356e+00 -2.686065441274545940e+00
2.976669095590841252e+00 -2.653901125946489081e+00
3.057119611687890703e+00 -2.613829451582369234e+00
3.137570127784940599e+00 -2.590756382189416840e+00
3.218020643881990495e+00 -2.588764658590437584e+00
3.298471159979039946e+00 -2.637888078367526923e+00
3.378921676076090286e+00 -2.679064353136272558e+00
3.459372192173139737e+00 -2.680537865146193965e+00
3.539822708270189189e+00 -2.631547242645699392e+00
3.620273224367239528e+00 -2.625009196031536707e+00
3.700723740464288980e+00 -2.667059291303901070e+00
3.781174256561339320e+00 -2.671107223593379043e+00
3.861624772658388771e+00 -2.620217537933401175e+00
3.942075288755438223e+00 -2.602912030180428271e+00
4.022525804852488562e+00 -2.602895760221661359e+00
4.102976320949538014e+00 -2.600071727531445109e+00
4.183426837046588354e+00 -2.603733624282638104e+00
4.263877353143637805e+00 -2.599234058416219906e+00
4.344327869240687257e+00 -2.585542954566335538e+00
4.424778385337737596e+00 -2.580302921285494211e+00
4.505228901434787048e+00 -2.595395986944287525e+00
4.585679417531836499e+00 -2.593941938131645752e+00
4.666129933628886839e+00 -2.587177007950873797e+00
4.746580449725936290e+00 -2.593674525607629011e+00
4.827030965822985742e+00 -2.626433175054485147e+00
4.907481481920036082e+00 -2.667363900489470474e+00
4.987931998017085533e+00 -2.658913964912022365e+00
5.068382514114135873e+00 -2.602095289670195211e+00
5.148833030211185324e+00 -2.597994688021692422e+00
5.229283546308234776e+00 -2.629479609166397225e+00
5.309734062405285115e+00 -2.668619761313646865e+00
5.390184578502334567e+00 -2.656891835249996170e+00
5.470635094599384018e+00 -2.660032566389452846e+00
5.551085610696433470e+00 -2.682731585392534868e+00
5.631536126793483810e+00 -2.687501760566232356e+00
5.711986642890533261e+00 -2.683345886358700305e+00
5.792437158987582713e+00 -2.679511676406891585e+00
5.872887675084633052e+00 -2.656236518547616221e+00
5.953338191181682504e+00 -2.648680703470497555e+00
6.033788707278731955e+00 -2.684548200147883978e+00
6.114239223375781407e+00 -2.692333595678198410e+00
6.194689739472831747e+00 -2.693408697503306026e+00
6.275140255569881198e+00 -2.713177241639227688e+00
6.355590771666931538e+00 -2.710687279933873040e+00
6.436041287763980989e+00 -2.703255093579949531e+00
6.516491803861030441e+00 -2.704492512031046569e+00
6.596942319958079892e+00 -2.688258364573681281e+00
6.677392836055131120e+00 -2.669182596448081313e+00
6.757843352152180572e+00 -2.668468771259162597e+00
6.838293868249230023e+00 -2.697672836086350223e+00
6.918744384346279475e+00 -2.710881309256762517e+00
6.999194900443328926e+00 -2.723506639778308536e+00
7.079645416540378378e+00 -2.725009286879930936e+00
7.160095932637429605e+00 -2.712303938909149892e+00
7.240546448734479057e+00 -2.704307532024479599e+00
7.320996964831528508e+00 -2.685431135788870716e+00
7.401447480928577960e+00 -2.689083771963203251e+00
7.481897997025627411e+00 -2.703537570097144016e+00
7.562348513122678639e+00 -2.739169403049816154e+00
7.642799029219728091e+00 -2.745090089712668657e+00
7.723249545316777542e+00 -2.765115185486328286e+00
7.803700061413826994e+00 -2.769252902611170519e+00
7.884150577510876445e+00 -2.776473752422619956e+00
7.964601093607927673e+00 -2.782600414203622918e+00
8.045051609704977125e+00 -2.771538374108820868e+00
8.125502125802025688e+00 -2.768277720983870704e+00
8.205952641899076028e+00 -2.761111003645984940e+00
8.286403157996124591e+00 -2.758256082932867059e+00
8.366853674093176707e+00 -2.754714338814665098e+00
8.447304190190225270e+00 -2.755412410528719214e+00
8.527754706287275610e+00 -2.726728682418500860e+00
8.608205222384324173e+00 -2.705878976018054605e+00
8.688655738481374513e+00 -2.713890210526832547e+00
8.769106254578423076e+00 -2.728389863683469585e+00
8.849556770675475192e+00 -2.727448902078747128e+00
8.930007286772523756e+00 -2.738718301028983948e+00
9.010457802869574095e+00 -2.775822867273459060e+00
9.090908318966622659e+00 -2.802886089952899784e+00
9.171358835063672998e+00 -2.809085413186358071e+00
9.251809351160723338e+00 -2.812114737387031216e+00
9.332259867257773678e+00 -2.836216014666355090e+00
9.412710383354822241e+00 -2.832652882450825249e+00
9.493160899451872581e+00 -2.797919846374080866e+00
9.573611415548921144e+00 -2.816998832156562660e+00
9.654061931645971484e+00 -2.860169353249832458e+00
9.734512447743021823e+00 -2.859585711578595202e+00
9.814962963840072163e+00 -2.832019107062434760e+00
9.895413479937120727e+00 -2.825544474198762757e+00
9.975863996034171066e+00 -2.841352116022637819e+00
1.005631451213121963e+01 -2.856250882143960723e+00
1.013676502822827175e+01 -2.851251723330348486e+00
1.021721554432532031e+01 -2.830223590492380481e+00
1.029766606042237065e+01 -2.842423082945740642e+00
