0.000000000000000000e+00 -1.549019599857431873e-01
8.045051609704977069e-02 -1.968433378035834291e-01
1.609010321940995414e-01 -5.755478878479347582e-01
2.413515482911492982e-01 -1.452767230530511933e+00
3.218020643881990828e-01 -1.548669496936304624e+00
4.022525804852488118e-01 -1.395183225020205864e+00
4.827030965822985964e-01 -1.437849240083688196e+00
5.631536126793483810e-01 -1.635436223393971655e+00
6.436041287763981655e-01 -1.854538008242598623e+00
7.240546448734478391e-01 -2.055057060420976356e+00
8.045051609704976237e-01 -2.296346362173690814e+00
8.849556770675472972e-01 -2.579605572555510484e+00
9.654061931645971928e-01 -2.721376251519122214e+00
1.045856709261647088e+00 -2.792557991484598823e+00
1.126307225358696762e+00 -2.819789945560269739e+00
1.206757741455746435e+00 -2.837978386405947795e+00
1.287208257552796331e+00 -2.862849137605032013e+00
1.367658773649846005e+00 -2.927529357289754497e+00
1.448109289746895678e+00 -2.889272132106653235e+00
1.528559805843945352e+00 -2.809401802227275091e+00
1.609010321940995247e+00 -2.769513168342189857e+00
1.689460838038045143e+00 -2.801503695250358028e+00
1.769911354135094594e+00 -2.833261922132529254e+00
1.850361870232144490e+00 -2.784649354878850680e+00
1.930812386329194386e+00 -2.729479722759748483e+00
2.011262902426244281e+00 -2.724505258975914224e+00
2.091713418523294177e+00 -2.710313776393248997e+00
2.172163934620343628e+00 -2.751602527519733332e+00
2.252614450717393524e+00 -2.777831746416434378e+00
2.333064966814443419e+00 -2.693925811462250408e+00
2.413515482911492871e+00 -2.556406753217971950e+00
2.493965999008542767e+00 -2.518358954162567276e+00
2.574416515105592662e+00 -2.576348678587517593e+00
2.654867031202642558e+00 -2.593695125997035777e+00
2.735317547299692009e+00 -2.554316160181595130e+00
2.815768063396741905e+00 -2.561500949674565764e+00
2.896218579493791356e+00 -2.558446971371389544e+00
2.976669095590841252e+00 -2.560460809432583140e+00
3.057119611687890703e+00 -2.585931287336451501e+00
3.137570127784940599e+00 -2.613019720217395037e+00
3.218020643881990495e+00 -2.636210207561412666e+00
3.298471159979039946e+00 -2.648399089057063893e+00
3.378921676076090286e+00 -2.605442312876058875e+00
3.459372192173139737e+00 -2.600157886247800310e+00
3.539822708270189189e+00 -2.640167602912690814e+00
3.620273224367239528e+00 -2.701719058351942149e+00
3.700723740464288980e+00 -2.700282241546730244e+00
3.781174256561339320e+00 -2.679109670665838827e+00
3.861624772658388771e+00 -2.642423537962606428e+00
3.942075288755438223e+00 -2.622685771710249192e+00
4.022525804852488562e+00 -2.648232079105048875e+00
4.102976320949538014e+00 -2.700438049542166929e+00
4.183426837046588354e+00 -2.678300212267415770e+00
4.263877353143637805e+00 -2.620467059568279300e+00
4.344327869240687257e+00 -2.647972972288259896e+00
4.424778385337737596e+00 -2.703514279239291884e+00
4.505228901434787048e+00 -2.685223951959072153e+00
4.585679417531836499e+00 -2.633775348991564069e+00
4.666129933628886839e+00 -2.634295730398444668e+00
4.746580449725936290e+00 -2.661899629235315867e+00
4.827030965822985742e+00 -2.662548037020036507e+00
4.907481481920036082e+00 -2.646695325884441896e+00
4.987931998017085533e+00 -2.645260128051932114e+00
5.068382514114135873e+00 -2.661586627518343739e+00
5.148833030211185324e+00 -2.678258057159096595e+00
5.229283546308234776e+00 -2.693769925064014359e+00
5.309734062405285115e+00 -2.673881848474656486e+00
5.390184578502334567e+00 -2.628422843719200319e+00
5.470635094599384018e+00 -2.596355226595280730e+00
5.551085610696433470e+00 -2.590820287627774832e+00
5.631536126793483810e+00 -2.606106146503632814e+00
5.711986642890533261e+00 -2.636171808791127891e+00
5.792437158987582713e+00 -2.649450143063730501e+00
5.872887675084633052e+00 -2.665338034981467707e+00
5.953338191181682504e+00 -2.669896148400672686e+00
6.033788707278731955e+00 -2.664941880688657339e+00
6.114239223375781407e+00 -2.683748747224011133e+00
6.194689739472831747e+00 -2.719078258912404955e+00
6.275140255569881198e+00 -2.717856799796800615e+00
6.355590771666931538e+00 -2.666289448660756456e+00
6.436041287763980989e+00 -2.625373312405287596e+00
6.516491803861030441e+00 -2.610015972156072284e+00
6.596942319958079892e+00 -2.628891768786902006e+00
6.677392836055131120e+00 -2.642094872829013674e+00
6.757843352152180572e+00 -2.656696901486206297e+00
6.838293868249230023e+00 -2.677415611110839588e+00
6.918744384346279475e+00 -2.653815775858352932e+00
6.999194900443328926e+00 -2.626997740326693087e+00
7.079645416540378378e+00 -2.632560354541296110e+00
7.160095932637429605e+00 -2.662415617372195786e+00
7.240546448734479057e+00 -2.660584100812935837e+00
7.320996964831528508e+00 -2.662181711920881710e+00
7.401447480928577960e+00 -2.661679996718018248e+00
7.481897997025627411e+00 -2.634980761477354161e+00
7.562348513122678639e+00 -2.640441674441924569e+00
7.642799029219728091e+00 -2.675819442405757975e+00
7.723249545316777542e+00 -2.691082846799620842e+00
7.803700061413826994e+00 -2.711722987738037105e+00
7.884150577510876445e+00 -2.752621931791897403e+00
7.964601093607927673e+00 -2.778045499502854732e+00
8.045051609704977125e+00 -2.791643929177879624e+00
8.125502125802025688e+00 -2.777575238715083827e+00
8.205952641899076028e+00 -2.754611843619893641e+00
8.286403157996124591e+00 -2.753076264795047745e+00
8.366853674093176707e+00 -2.762235372051550009e+00
8.447304190190225270e+00 -2.763776855220101414e+00
8.527754706287275610e+00 -2.761577171375458661e+00
8.608205222384324173e+00 -2.764098845726464138e+00
8.688655738481374513e+00 -2.776553197543574214e+00
8.769106254578423076e+00 -2.787315058237806564e+00
8.849556770675475192e+00 -2.795617057567052033e+00
8.930007286772523756e+00 -2.797864249626508926e+00
9.010457802869574095e+00 -2.765211749486685910e+00
9.090908318966622659e+00 -2.747099417452965486e+00
9.171358835063672998e+00 -2.745298648986824297e+00
9.251809351160723338e+00 -2.755420055070633367e+00
9.332259867257773678e+00 -2.787843009223485158e+00
9.412710383354822241e+00 -2.810702320718005520e+00
9.493160899451872581e+00 -2.829346659154159838e+00
9.573611415548921144e+00 -2.811715850329300270e+00
9.654061931645971484e+00 -2.797964994192816413e+00
9.734512447743021823e+00 -2.794890866384492245e+00
9.814962963840072163e+00 -2.787562100434304302e+00
9.895413479937120727e+00 -2.768715695753609651e+00
9.975863996034171066e+00 -2.753455237680312528e+00
1.005631451213121963e+01 -2.751672786648611702e+00
1.013676502822827175e+01 -2.767456392698642631e+00
1.021721554432532031e+01 -2.795319882795008759e+00
1.029766606042237065e+01 -2.801958943063970420e+00
