0.000000000000000000e+00 -1.549019599857431873e-01
8.045051609704977069e-02 -1.982179023111800831e-01
1.609010321940995414e-01 -5.501704046371034273e-01
2.413515482911492982e-01 -1.340238411802172624e+00
3.218020643881990828e-01 -1.489736811704079456e+00
4.022525804852488118e-01 -1.417421028258336380e+00
4.827030965822985964e-01 -1.582774160570089572e+00
5.631536126793483810e-01 -1.953304464847904320e+00
6.436041287763981655e-01 -2.197167796067202694e+00
7.240546448734478391e-01 -2.301640350577748961e+00
8.045051609704976237e-01 -2.461756307256778076e+00
8.849556770675472972e-01 -2.660810809031704416e+00
9.654061931645971928e-01 -2.846714736336272811e+00
1.045856709261647088e+00 -2.893102862649774565e+00
1.126307225358696762e+00 -2.878978681388476790e+00
1.206757741455746435e+00 -2.882878367185565782e+00
1.287208257552796331e+00 -2.936311561685956306e+00
1.367658773649846005e+00 -2.939127601877557616e+00
1.448109289746895678e+00 -2.865776108245308151e+00
1.528559805843945352e+00 -2.784801657852387979e+00
1.609010321940995247e+00 -2.783430648603211210e+00
1.689460838038045143e+00 -2.759977265399760515e+00
1.769911354135094594e+00 -2.674876725051081650e+00
1.850361870232144490e+00 -2.606871280902745003e+00
1.930812386329194386e+00 -2.640067139676873786e+00
2.011262902426244281e+00 -2.655551276119562765e+00
2.091713418523294177e+00 -2.602312797440005543e+00
2.172163934620343628e+00 -2.575159370634902523e+00
2.252614450717393524e+00 -2.573025689821089479e+00
2.333064966814443419e+00 -2.565904172989331045e+00
2.413515482911492871e+00 -2.580804225462884016e+00
2.493965999008542767e+00 -2.581051606784350305e+00
2.574416515105592662e+00 -2.592998733356686181e+00
2.654867031202642558e+00 -2.597485483289089903e+00
2.735317547299692009e+00 -2.584052183099262212e+00
2.815768063396741905e+00 -2.627794294809759901e+00
2.896218579493791356e+00 -2.728224185362973842e+00
2.976669095590841252e+00 -2.766385990028416675e+00
3.057119611687890703e+00 -2.727411969427884220e+00
3.137570127784940599e+00 -2.704290157221005853e+00
3.218020643881990495e+00 -2.708830653052384463e+00
3.298471159979039946e+00 -2.704292807641504037e+00
3.378921676076090286e+00 -2.686391442411072195e+00
3.459372192173139737e+00 -2.664017104458850316e+00
3.539822708270189189e+00 -2.657772943306507596e+00
3.620273224367239528e+00 -2.627761741917134408e+00
3.700723740464288980e+00 -2.595179890441574599e+00
3.781174256561339320e+00 -2.593094990953685119e+00
3.861624772658388771e+00 -2.597719521591778769e+00
3.942075288755438223e+00 -2.600191004056749300e+00
4.022525804852488562e+00 -2.643223600609835966e+00
4.102976320949538014e+00 -2.653287224519956577e+00
4.183426837046588354e+00 -2.634009989498357296e+00
4.263877353143637805e+00 -2.607406976597654857e+00
4.344327869240687257e+00 -2.586264213794386091e+00
4.424778385337737596e+00 -2.594214011532310682e+00
4.505228901434787048e+00 -2.632963877598834213e+00
4.585679417531836499e+00 -2.654670930831549924e+00
4.666129933628886839e+00 -2.648112131145225145e+00
4.746580449725936290e+00 -2.636501206300401634e+00
4.827030965822985742e+00 -2.650932175001194047e+00
4.907481481920036082e+00 -2.641921022160742094e+00
4.987931998017085533e+00 -2.616151604876439496e+00
5.068382514114135873e+00 -2.619781250483216528e+00
5.148833030211185324e+00 -2.634945155167911501e+00
5.229283546308234776e+00 -2.637431653035732904e+00
5.309734062405285115e+00 -2.619559630384624249e+00
5.390184578502334567e+00 -2.618165014657901413e+00
5.470635094599384018e+00 -2.625158851095991785e+00
5.551085610696433470e+00 -2.623122652849563252e+00
5.631536126793483810e+00 -2.607245326397836127e+00
5.711986642890533261e+00 -2.579316282129421989e+00
5.792437158987582713e+00 -2.587941662795706144e+00
5.872887675084633052e+00 -2.636080776634210920e+00
5.953338191181682504e+00 -2.678606979730110638e+00
6.033788707278731955e+00 -2.666719185781708745e+00
6.114239223375781407e+00 -2.637366262167212039e+00
6.194689739472831747e+00 -2.610760469155188002e+00
6.275140255569881198e+00 -2.593167640745865921e+00
6.355590771666931538e+00 -2.605825137876166320e+00
6.436041287763980989e+00 -2.641048863374095834e+00
6.516491803861030441e+00 -2.680519670360660189e+00
6.596942319958079892e+00 -2.717662651839372057e+00
6.677392836055131120e+00 -2.730828173393021974e+00
6.757843352152180572e+00 -2.714122433168714377e+00
6.838293868249230023e+00 -2.711119800213487974e+00
6.918744384346279475e+00 -2.699221020559189110e+00
6.999194900443328926e+00 -2.715437091822819671e+00
7.079645416540378378e+00 -2.726888694737409136e+00
7.160095932637429605e+00 -2.732979656135199331e+00
7.240546448734479057e+00 -2.733804510414728384e+00
7.320996964831528508e+00 -2.720085358216919769e+00
7.401447480928577960e+00 -2.658559996825416771e+00
7.481897997025627411e+00 -2.655708650047361896e+00
7.562348513122678639e+00 -2.705516769044245873e+00
7.642799029219728091e+00 -2.748950024016800331e+00
7.723249545316777542e+00 -2.749751475857992400e+00
7.803700061413826994e+00 -2.745660885547725805e+00
7.884150577510876445e+00 -2.737065112163924230e+00
7.964601093607927673e+00 -2.724837952998281576e+00
8.045051609704977125e+00 -2.710732046843316478e+00
8.125502125802025688e+00 -2.698554024573875054e+00
8.205952641899076028e+00 -2.685819786848337110e+00
8.286403157996124591e+00 -2.708721772392773008e+00
8.366853674093176707e+00 -2.751598536215508428e+00
8.447304190190225270e+00 -2.784900771939882169e+00
8.527754706287275610e+00 -2.774069132935562010e+00
8.608205222384324173e+00 -2.774941861820207745e+00
8.688655738481374513e+00 -2.767552471417233484e+00
8.769106254578423076e+00 -2.750683152060919401e+00
8.849556770675475192e+00 -2.723047197556287102e+00
8.930007286772523756e+00 -2.707682194671004794e+00
9.010457802869574095e+00 -2.727331839547702419e+00
9.090908318966622659e+00 -2.760854012095921295e+00
9.171358835063672998e+00 -2.772409846418020685e+00
9.251809351160723338e+00 -2.766642620187048429e+00
9.332259867257773678e+00 -2.782525810740378081e+00
9.412710383354822241e+00 -2.805646744670851067e+00
9.493160899451872581e+00 -2.822757280734671692e+00
9.573611415548921144e+00 -2.836361515376994991e+00
9.654061931645971484e+00 -2.842373367287198249e+00
9.734512447743021823e+00 -2.829052860185973906e+00
9.814962963840072163e+00 -2.806723997742992527e+00
9.895413479937120727e+00 -2.779260949154316318e+00
9.975863996034171066e+00 -2.779683599196765886e+00
1.005631451213121963e+01 -2.799147558826565518e+00
1.013676502822827175e+01 -2.814788313015796462e+00
1.021721554432532031e+01 -2.811053115966868354e+00
1.029766606042237065e+01 -2.814922883805496046e+00
