0.000000000000000000e+00 -1.549019599857431873e-01
8.045051609704977069e-02 -3.932846282633741253e-01
1.609010321940995414e-01 -1.256857122249604108e+00
2.413515482911492982e-01 -3.211407253643606463e+00
3.218020643881990828e-01 -3.266555960359865729e+00
4.022525804852488118e-01 -2.903631774663149034e+00
4.827030965822985964e-01 -3.119049302917892064e+00
5.631536126793483810e-01 -3.735204701888293233e+00
6.436041287763981655e-01 -4.128527762628594999e+00
7.240546448734478391e-01 -4.359889046051204531e+00
8.045051609704976237e-01 -4.723007274482562856e+00
8.849556770675472972e-01 -5.115171798920993496e+00
9.654061931645971928e-01 -5.333190242443362372e+00
1.045856709261647088e+00 -5.475182449817030950e+00
1.126307225358696762e+00 -5.549584097678525119e+00
1.206757741455746435e+00 -5.571293816457855819e+00
1.287208257552796331e+00 -5.623009893604933751e+00
1.367658773649846005e+00 -5.589639610841891759e+00
1.448109289746895678e+00 -5.476733145639296474e+00
1.528559805843945352e+00 -5.451731211670322708e+00
1.609010321940995247e+00 -5.446739156797320902e+00
1.689460838038045143e+00 -5.363390972282111591e+00
1.769911354135094594e+00 -5.331762060967361272e+00
1.850361870232144490e+00 -5.299224226494323453e+00
1.930812386329194386e+00 -5.221273472011779937e+00
2.011262902426244281e+00 -5.246687272410159864e+00
2.091713418523294177e+00 -5.267987385030232339e+00
2.172163934620343628e+00 -5.203029215049961742e+00
2.252614450717393524e+00 -5.201049909491142209e+00
2.333064966814443419e+00 -5.152042465347641098e+00
2.413515482911492871e+00 -5.073502069767324762e+00
2.493965999008542767e+00 -5.106916178441057497e+00
2.574416515105592662e+00 -5.218242716126721525e+00
2.654867031202642558e+00 -5.238637802853829406e+00
2.735317547299692009e+00 -5.271977910460866390e+00
2.815768063396741905e+00 -5.315230828869066393e+00
2.896218579493791356e+00 -5.273206597674389151e+00
2.976669095590841252e+00 -5.221943138165993759e+00
3.057119611687890703e+00 -5.245896204744399327e+00
3.137570127784940599e+00 -5.301859328090299250e+00
3.218020643881990495e+00 -5.287223773567179208e+00
3.298471159979039946e+00 -5.335124902958127358e+00
3.378921676076090286e+00 -5.281726791265974441e+00
3.459372192173139737e+00 -5.187606886617803781e+00
3.539822708270189189e+00 -5.125488480434146510e+00
3.620273224367239528e+00 -5.103120178009151076e+00
3.700723740464288980e+00 -5.109403438221644222e+00
3.781174256561339320e+00 -5.081159672878392541e+00
3.861624772658388771e+00 -5.064954947481579595e+00
3.942075288755438223e+00 -5.065014477108380930e+00
4.022525804852488562e+00 -5.090475752442004342e+00
4.102976320949538014e+00 -5.164731707227335988e+00
4.183426837046588354e+00 -5.181294004016796073e+00
4.263877353143637805e+00 -5.154643902985296400e+00
4.344327869240687257e+00 -5.179222402730609964e+00
4.424778385337737596e+00 -5.224905320467015279e+00
4.505228901434787048e+00 -5.267224994415280470e+00
4.585679417531836499e+00 -5.283065866958469137e+00
4.666129933628886839e+00 -5.278672918488767962e+00
4.746580449725936290e+00 -5.277867239309270708e+00
4.827030965822985742e+00 -5.269941499483736358e+00
4.907481481920036082e+00 -5.261716615312233003e+00
4.987931998017085533e+00 -5.242576473799358538e+00
5.068382514114135873e+00 -5.217133255192497820e+00
5.148833030211185324e+00 -5.227040575719603233e+00
5.229283546308234776e+00 -5.276984249003614735e+00
5.309734062405285115e+00 -5.288692854969928803e+00
5.390184578502334567e+00 -5.287975517832691708e+00
5.470635094599384018e+00 -5.332025215104751581e+00
5.551085610696433470e+00 -5.351328341966255842e+00
5.631536126793483810e+00 -5.300584836698048363e+00
5.711986642890533261e+00 -5.227995727969148909e+00
5.792437158987582713e+00 -5.247967534694656599e+00
5.872887675084633052e+00 -5.315945695840943230e+00
5.953338191181682504e+00 -5.317892743157226931e+00
6.033788707278731955e+00 -5.313020235418906445e+00
6.114239223375781407e+00 -5.338528810339511210e+00
6.194689739472831747e+00 -5.364265477893216172e+00
6.275140255569881198e+00 -5.421005348455342876e+00
6.355590771666931538e+00 -5.442249326185174318e+00
6.436041287763980989e+00 -5.472032048030531115e+00
6.516491803861030441e+00 -5.501437982030589424e+00
6.596942319958079892e+00 -5.506765347816222622e+00
6.677392836055131120e+00 -5.503512554735501716e+00
6.757843352152180572e+00 -5.473311629400954281e+00
6.838293868249230023e+00 -5.387746640967786327e+00
6.918744384346279475e+00 -5.309594949364418781e+00
6.999194900443328926e+00 -5.299221197367232961e+00
7.079645416540378378e+00 -5.344889124219066368e+00
7.160095932637429605e+00 -5.444997654157276656e+00
7.240546448734479057e+00 -5.498682823066281422e+00
7.320996964831528508e+00 -5.469938257014169025e+00
7.401447480928577960e+00 -5.436123644392590215e+00
7.481897997025627411e+00 -5.489207025095734771e+00
7.562348513122678639e+00 -5.514370067833104905e+00
7.642799029219728091e+00 -5.462715904848991499e+00
7.723249545316777542e+00 -5.448670590257196800e+00
7.803700061413826994e+00 -5.496703718606209321e+00
7.884150577510876445e+00 -5.547894303503978719e+00
7.964601093607927673e+00 -5.542240209331393608e+00
8.045051609704977125e+00 -5.489264261332415629e+00
8.125502125802025688e+00 -5.476745681014360656e+00
8.205952641899076028e+00 -5.490169672504300991e+00
8.286403157996124591e+00 -5.503111245418049080e+00
8.366853674093176707e+00 -5.498127403611167807e+00
8.447304190190225270e+00 -5.512186661545776190e+00
8.527754706287275610e+00 -5.516076856884576607e+00
8.608205222384324173e+00 -5.544772445856623655e+00
8.688655738481374513e+00 -5.512599148609488076e+00
8.769106254578423076e+00 -5.487331417721678761e+00
8.849556770675475192e+00 -5.519958617318724059e+00
8.930007286772523756e+00 -5.580196418893848431e+00
9.010457802869574095e+00 -5.544792453389867148e+00
9.090908318966622659e+00 -5.496180308889302424e+00
9.171358835063672998e+00 -5.513356340494540042e+00
9.251809351160723338e+00 -5.577262658072711154e+00
9.332259867257773678e+00 -5.630656358734893452e+00
9.412710383354822241e+00 -5.668878138109571196e+00
9.493160899451872581e+00 -5.697285307718746417e+00
9.573611415548921144e+00 -5.697266506118544349e+00
9.654061931645971484e+00 -5.699642129071070151e+00
9.734512447743021823e+00 -5.701057723752455786e+00
9.814962963840072163e+00 -5.702004617671806663e+00
9.895413479937120727e+00 -5.704434399317268145e+00
9.975863996034171066e+00 -5.675906703138431375e+00
1.005631451213121963e+01 -5.672656849616677377e+00
1.013676502822827175e+01 -5.686770236815812396e+00
1.021721554432532031e+01 -5.696358606193160590e+00
1.029766606042237065e+01 -5.685086259990534963e+00
