0.000000000000000000e+00 -1.549019599857431873e-01
8.045051609704977069e-02 -2.107163956778983493e-01
1.609010321940995414e-01 -5.905515547408204391e-01
2.413515482911492982e-01 -1.548139090549774277e+00
3.218020643881990828e-01 -1.774670699483296588e+00
4.022525804852488118e-01 -1.710494725250398584e+00
4.827030965822985964e-01 -1.730051741729167425e+00
5.631536126793483810e-01 -1.885581132227326151e+00
6.436041287763981655e-01 -2.094499551293257156e+00
7.240546448734478391e-01 -2.242932092933821675e+00
8.045051609704976237e-01 -2.407142497078250454e+00
8.849556770675472972e-01 -2.620552049129019512e+00
9.654061931645971928e-01 -2.803990322306708194e+00
1.045856709261647088e+00 -2.871934549460052555e+00
1.126307225358696762e+00 -2.845710498600524385e+00
1.206757741455746435e+00 -2.764362111127604216e+00
1.287208257552796331e+00 -2.747649097229443615e+00
1.367658773649846005e+00 -2.780116454553644978e+00
1.448109289746895678e+00 -2.804348067581473369e+00
1.528559805843945352e+00 -2.796127931811521083e+00
1.609010321940995247e+00 -2.760497335424506815e+00
1.689460838038045143e+00 -2.753651439274715784e+00
1.769911354135094594e+00 -2.754527776627141655e+00
1.850361870232144490e+00 -2.721086940974279056e+00
1.930812386329194386e+00 -2.714996028856835331e+00
2.011262902426244281e+00 -2.751291294339899718e+00
2.091713418523294177e+00 -2.744048791206982418e+00
2.172163934620343628e+00 -2.695302120763940934e+00
2.252614450717393524e+00 -2.617500606011058828e+00
2.333064966814443419e+00 -2.557612364556788975e+00
2.413515482911492871e+00 -2.547198348102232668e+00
2.493965999008542767e+00 -2.573893892880134260e+00
2.574416515105592662e+00 -2.623827611963098771e+00
2.654867031202642558e+00 -2.633150011492362719e+00
2.735317547299692009e+00 -2.622834361453757257e+00
2.815768063396741905e+00 -2.624883845166961382e+00
2.896218579493791356e+00 -2.616191944894842969e+00
2.976669095590841252e+00 -2.659057116166724910e+00
3.057119611687890703e+00 -2.703441396368377436e+00
3.137570127784940599e+00 -2.683863228812423785e+00
3.218020643881990495e+00 -2.646548259642015566e+00
3.298471159979039946e+00 -2.662661392945544048e+00
3.378921676076090286e+00 -2.699126175236373104e+00
3.459372192173139737e+00 -2.681562564004640326e+00
3.539822708270189189e+00 -2.617163825168328906e+00
3.620273224367239528e+00 -2.555066421988209768e+00
3.700723740464288980e+00 -2.531914569225461431e+00
3.781174256561339320e+00 -2.544980695259614567e+00
3.861624772658388771e+00 -2.569513981145095105e+00
3.942075288755438223e+00 -2.591317369853605612e+00
4.022525804852488562e+00 -2.622815829916523178e+00
4.102976320949538014e+00 -2.620437078655217800e+00
4.183426837046588354e+00 -2.600537935299057857e+00
4.263877353143637805e+00 -2.613039742786124275e+00
4.344327869240687257e+00 -2.665820571065181444e+00
4.424778385337737596e+00 -2.710863476874942002e+00
4.505228901434787048e+00 -2.726867986564975421e+00
4.585679417531836499e+00 -2.717316535859013893e+00
4.666129933628886839e+00 -2.678882936950734983e+00
4.746580449725936290e+00 -2.619308327913224765e+00
4.827030965822985742e+00 -2.563429018647225277e+00
4.907481481920036082e+00 -2.541379131300815164e+00
4.987931998017085533e+00 -2.557319458615614050e+00
5.068382514114135873e+00 -2.590214273277962942e+00
5.148833030211185324e+00 -2.599533909639074380e+00
5.229283546308234776e+00 -2.600498520867253749e+00
5.309734062405285115e+00 -2.633665505963999731e+00
5.390184578502334567e+00 -2.677886709847677960e+00
5.470635094599384018e+00 -2.700388215102574652e+00
5.551085610696433470e+00 -2.687316250773888804e+00
5.631536126793483810e+00 -2.665524518230499407e+00
5.711986642890533261e+00 -2.654370857471902045e+00
5.792437158987582713e+00 -2.657016064068478123e+00
5.872887675084633052e+00 -2.683245556607634530e+00
5.953338191181682504e+00 -2.715736670724636426e+00
6.033788707278731955e+00 -2.732837719073221372e+00
6.114239223375781407e+00 -2.727318816954858782e+00
6.194689739472831747e+00 -2.728702342876650366e+00
6.275140255569881198e+00 -2.723867037923566325e+00
6.355590771666931538e+00 -2.704311572650885065e+00
6.436041287763980989e+00 -2.687258756312785657e+00
6.516491803861030441e+00 -2.692865221882120963e+00
6.596942319958079892e+00 -2.705229859899460187e+00
6.677392836055131120e+00 -2.712192872929963361e+00
6.757843352152180572e+00 -2.693810550636116741e+00
6.838293868249230023e+00 -2.641693264343982328e+00
6.918744384346279475e+00 -2.627529425739250524e+00
6.999194900443328926e+00 -2.646114975507814826e+00
7.079645416540378378e+00 -2.650186361376662969e+00
7.160095932637429605e+00 -2.649699823294549894e+00
7.240546448734479057e+00 -2.679869848573750435e+00
7.320996964831528508e+00 -2.718148803882567410e+00
7.401447480928577960e+00 -2.746276582947956957e+00
7.481897997025627411e+00 -2.768077525736301503e+00
7.562348513122678639e+00 -2.777444451981484264e+00
7.642799029219728091e+00 -2.789711765180982184e+00
7.723249545316777542e+00 -2.791781704660914798e+00
7.803700061413826994e+00 -2.789066372759144041e+00
7.884150577510876445e+00 -2.782804775886416948e+00
7.964601093607927673e+00 -2.796968391345647120e+00
8.045051609704977125e+00 -2.816327723919305637e+00
8.125502125802025688e+00 -2.812785125134690478e+00
8.205952641899076028e+00 -2.792317606702984012e+00
8.286403157996124591e+00 -2.769670912695646248e+00
8.366853674093176707e+00 -2.747658969654536598e+00
8.447304190190225270e+00 -2.729810482137266625e+00
8.527754706287275610e+00 -2.705716580995056741e+00
8.608205222384324173e+00 -2.711048670560884943e+00
8.688655738481374513e+00 -2.731166955231745685e+00
8.769106254578423076e+00 -2.766305271825173495e+00
8.849556770675475192e+00 -2.793095083418132507e+00
8.930007286772523756e+00 -2.815336299568214518e+00
9.010457802869574095e+00 -2.837407895159181681e+00
9.090908318966622659e+00 -2.849773263413760027e+00
9.171358835063672998e+00 -2.840984510991663825e+00
9.251809351160723338e+00 -2.789871640450988011e+00
9.332259867257773678e+00 -2.759610383339905937e+00
9.412710383354822241e+00 -2.786937089038123538e+00
9.493160899451872581e+00 -2.829086891974776030e+00
9.573611415548921144e+00 -2.843245735883624281e+00
9.654061931645971484e+00 -2.836423120778857943e+00
9.734512447743021823e+00 -2.826934761776827898e+00
9.814962963840072163e+00 -2.809435874165975733e+00
9.895413479937120727e+00 -2.804952406356590267e+00
9.975863996034171066e+00 -2.826744877121888155e+00
1.005631451213121963e+01 -2.855171314750610367e+00
1.013676502822827175e+01 -2.881428318067557726e+00
1.021721554432532031e+01 -2.894646548702210165e+00
1.029766606042237065e+01 -2.907051800711696998e+00
