0.000000000000000000e+00 -1.549019599857431873e-01
8.045051609704977069e-02 -1.923411822112805203e-01
1.609010321940995414e-01 -5.335424327573062842e-01
2.413515482911492982e-01 -1.409574304631689756e+00
3.218020643881990828e-01 -1.786180234130750000e+00
4.022525804852488118e-01 -1.675613652816190902e+00
4.827030965822985964e-01 -1.710135111437395050e+00
5.631536126793483810e-01 -1.877420188903125009e+00
6.436041287763981655e-01 -2.100152384118523674e+00
7.240546448734478391e-01 -2.269090737169358274e+00
8.045051609704976237e-01 -2.420784290674407035e+00
8.849556770675472972e-01 -2.550530751141515839e+00
9.654061931645971928e-01 -2.653277760082168424e+00
1.045856709261647088e+00 -2.752355839853256825e+00
1.126307225358696762e+00 -2.827507419794890176e+00
1.206757741455746435e+00 -2.837275057061158012e+00
1.287208257552796331e+00 -2.767475011427794840e+00
1.367658773649846005e+00 -2.730236869654760312e+00
1.448109289746895678e+00 -2.723251897149281842e+00
1.528559805843945352e+00 -2.693058580025342152e+00
1.609010321940995247e+00 -2.635650840072756296e+00
1.689460838038045143e+00 -2.632852479664827161e+00
1.769911354135094594e+00 -2.651523826543733975e+00
1.850361870232144490e+00 -2.628347253873215550e+00
1.930812386329194386e+00 -2.604814322920047776e+00
2.011262902426244281e+00 -2.652362048708174935e+00
2.091713418523294177e+00 -2.718931082798939691e+00
2.172163934620343628e+00 -2.723447780770342774e+00
2.252614450717393524e+00 -2.665549252356972154e+00
2.333064966814443419e+00 -2.597426727798270107e+00
2.413515482911492871e+00 -2.540268901589453510e+00
2.493965999008542767e+00 -2.528398887942761686e+00
2.574416515105592662e+00 -2.570228659923937009e+00
2.654867031202642558e+00 -2.613814564286786268e+00
2.735317547299692009e+00 -2.610930743718077096e+00
2.815768063396741905e+00 -2.584772844538127057e+00
2.896218579493791356e+00 -2.605154997532820094e+00
2.976669095590841252e+00 -2.632250660780491636e+00
3.057119611687890703e+00 -2.627210471446279616e+00
3.137570127784940599e+00 -2.635835672088898907e+00
3.218020643881990495e+00 -2.633427656310104670e+00
3.298471159979039946e+00 -2.620634039905580970e+00
3.378921676076090286e+00 -2.612222057672314524e+00
3.459372192173139737e+00 -2.620150741018095530e+00
3.539822708270189189e+00 -2.602514312776930350e+00
3.620273224367239528e+00 -2.599045485796124932e+00
3.700723740464288980e+00 -2.605437803955361176e+00
3.781174256561339320e+00 -2.628237117101383191e+00
3.861624772658388771e+00 -2.625399390454593807e+00
3.942075288755438223e+00 -2.567485989382487954e+00
4.022525804852488562e+00 -2.538016644892608475e+00
4.102976320949538014e+00 -2.601736977943950979e+00
4.183426837046588354e+00 -2.658849853020041287e+00
4.263877353143637805e+00 -2.682617296685917196e+00
4.344327869240687257e+00 -2.682133129952736006e+00
4.424778385337737596e+00 -2.668384332031350059e+00
4.505228901434787048e+00 -2.640577492262808246e+00
4.585679417531836499e+00 -2.636575489275319928e+00
4.666129933628886839e+00 -2.649402267148201151e+00
4.746580449725936290e+00 -2.674779084713255983e+00
4.827030965822985742e+00 -2.687916608031606369e+00
4.907481481920036082e+00 -2.670754442087708291e+00
4.987931998017085533e+00 -2.647231142146699856e+00
5.068382514114135873e+00 -2.638262908508356208e+00
5.148833030211185324e+00 -2.671437091420878929e+00
5.229283546308234776e+00 -2.706910369504578640e+00
5.309734062405285115e+00 -2.692480855333042822e+00
5.390184578502334567e+00 -2.661587091018832396e+00
5.470635094599384018e+00 -2.610242896094998155e+00
5.551085610696433470e+00 -2.595284175255709869e+00
5.631536126793483810e+00 -2.637015592659390339e+00
5.711986642890533261e+00 -2.680250654840304669e+00
5.792437158987582713e+00 -2.700398984790055135e+00
5.872887675084633052e+00 -2.695774882299011743e+00
5.953338191181682504e+00 -2.655026813952273468e+00
6.033788707278731955e+00 -2.627515985083288541e+00
6.114239223375781407e+00 -2.624879873562775856e+00
6.194689739472831747e+00 -2.639855131313086023e+00
6.275140255569881198e+00 -2.649569451450056068e+00
6.355590771666931538e+00 -2.660117664753126832e+00
6.436041287763980989e+00 -2.699172621213524081e+00
6.516491803861030441e+00 -2.742842260534762211e+00
6.596942319958079892e+00 -2.772502255621014378e+00
6.677392836055131120e+00 -2.779320345523462965e+00
6.757843352152180572e+00 -2.762243691926055789e+00
6.838293868249230023e+00 -2.751592539387700764e+00
6.918744384346279475e+00 -2.726061041024250287e+00
6.999194900443328926e+00 -2.697209397505050177e+00
7.079645416540378378e+00 -2.704869905106697558e+00
7.160095932637429605e+00 -2.768010323548446117e+00
7.240546448734479057e+00 -2.808310403267245015e+00
7.320996964831528508e+00 -2.789075321062484569e+00
7.401447480928577960e+00 -2.730784898403676664e+00
7.481897997025627411e+00 -2.697753957472385000e+00
7.562348513122678639e+00 -2.687114656046200700e+00
7.642799029219728091e+00 -2.679543823769076294e+00
7.723249545316777542e+00 -2.673735126493655745e+00
7.803700061413826994e+00 -2.690337472491424631e+00
7.884150577510876445e+00 -2.691298359731473688e+00
7.964601093607927673e+00 -2.696730756493748604e+00
8.045051609704977125e+00 -2.716419439338388475e+00
8.125502125802025688e+00 -2.742927413347124421e+00
8.205952641899076028e+00 -2.733604637486556577e+00
8.286403157996124591e+00 -2.717522107624352312e+00
8.366853674093176707e+00 -2.714814147848899850e+00
8.447304190190225270e+00 -2.734483808724077925e+00
8.527754706287275610e+00 -2.746376148580933929e+00
8.608205222384324173e+00 -2.749414014333557255e+00
8.688655738481374513e+00 -2.756662850587149105e+00
8.769106254578423076e+00 -2.741205833526912716e+00
8.849556770675475192e+00 -2.728859069003884308e+00
8.930007286772523756e+00 -2.737566260180771760e+00
9.010457802869574095e+00 -2.773539024511402218e+00
9.090908318966622659e+00 -2.804188204857601896e+00
9.171358835063672998e+00 -2.791993225113833077e+00
9.251809351160723338e+00 -2.764107865560606836e+00
9.332259867257773678e+00 -2.746404709199748329e+00
9.412710383354822241e+00 -2.757574007603511568e+00
9.493160899451872581e+00 -2.767494443268369242e+00
9.573611415548921144e+00 -2.759612976721945721e+00
9.654061931645971484e+00 -2.771266795953295059e+00
9.734512447743021823e+00 -2.790600667743116325e+00
9.814962963840072163e+00 -2.774696292360741445e+00
9.895413479937120727e+00 -2.749193065375090228e+00
9.975863996034171066e+00 -2.749627555103436816e+00
1.005631451213121963e+01 -2.750451185781047858e+00
1.013676502822827175e+01 -2.760238340625840614e+00
1.021721554432532031e+01 -2.776719108165890848e+00
1.029766606042237065e+01 -2.777176443498001746e+00
