0.000000000000000000e+00 -1.549019599857431873e-01
8.045051609704977069e-02 -2.121498115031139886e-01
1.609010321940995414e-01 -6.476307917687682547e-01
2.413515482911492982e-01 -1.639741505727442927e+00
3.218020643881990828e-01 -1.512668648009208638e+00
4.022525804852488118e-01 -1.346168691942807083e+00
4.827030965822985964e-01 -1.448707403954444750e+00
5.631536126793483810e-01 -1.739274001568129391e+00
6.436041287763981655e-01 -1.957361387716977541e+00
7.240546448734478391e-01 -2.015477196668872040e+00
8.045051609704976237e-01 -2.112807954849640346e+00
8.849556770675472972e-01 -2.295107215108133758e+00
9.654061931645971928e-01 -2.560472896069806215e+00
1.045856709261647088e+00 -2.783738225070082173e+00
1.126307225358696762e+00 -2.900943820638029802e+00
1.206757741455746435e+00 -2.960165282553127053e+00
1.287208257552796331e+00 -2.914185491946229778e+00
1.367658773649846005e+00 -2.869017434723209803e+00
1.448109289746895678e+00 -2.839915842745434293e+00
1.528559805843945352e+00 -2.788413127487586518e+00
1.609010321940995247e+00 -2.681279710498117197e+00
1.689460838038045143e+00 -2.629502606156041811e+00
1.769911354135094594e+00 -2.610719515118677503e+00
1.850361870232144490e+00 -2.651152817707182585e+00
1.930812386329194386e+00 -2.689683858737708544e+00
2.011262902426244281e+00 -2.652751855184357854e+00
2.091713418523294177e+00 -2.635324806702421974e+00
2.172163934620343628e+00 -2.666187126071146274e+00
2.252614450717393524e+00 -2.660835723388315532e+00
2.333064966814443419e+00 -2.651607726670186960e+00
2.413515482911492871e+00 -2.674639690577534701e+00
2.493965999008542767e+00 -2.692144858330061119e+00
2.574416515105592662e+00 -2.649966104050911042e+00
2.654867031202642558e+00 -2.629412394535082687e+00
2.735317547299692009e+00 -2.634031164889139465e+00
2.815768063396741905e+00 -2.652673936079543715e+00
2.896218579493791356e+00 -2.656065295269504745e+00
2.976669095590841252e+00 -2.629522840113993620e+00
3.057119611687890703e+00 -2.555817578055859851e+00
3.137570127784940599e+00 -2.543175581519435458e+00
3.218020643881990495e+00 -2.568454970006961879e+00
3.298471159979039946e+00 -2.584909748371472915e+00
3.378921676076090286e+00 -2.615277002218777458e+00
3.459372192173139737e+00 -2.658873336646004226e+00
3.539822708270189189e+00 -2.680784588224041087e+00
3.620273224367239528e+00 -2.662551332561113426e+00
3.700723740464288980e+00 -2.685269477097543600e+00
3.781174256561339320e+00 -2.717518961215925177e+00
3.861624772658388771e+00 -2.707068553438748637e+00
3.942075288755438223e+00 -2.629024145946861069e+00
4.022525804852488562e+00 -2.584473606643789001e+00
4.102976320949538014e+00 -2.577277921380162429e+00
4.183426837046588354e+00 -2.617638770659402425e+00
4.263877353143637805e+00 -2.667197993698629865e+00
4.344327869240687257e+00 -2.675235432430385973e+00
4.424778385337737596e+00 -2.662797777028322876e+00
4.505228901434787048e+00 -2.648812701465576680e+00
4.585679417531836499e+00 -2.640407454118691266e+00
4.666129933628886839e+00 -2.623854879738157564e+00
4.746580449725936290e+00 -2.629392885339806529e+00
4.827030965822985742e+00 -2.650592615479276937e+00
4.907481481920036082e+00 -2.670048419979051069e+00
4.987931998017085533e+00 -2.661613603852849952e+00
5.068382514114135873e+00 -2.657580275293991878e+00
5.148833030211185324e+00 -2.666084642400530225e+00
5.229283546308234776e+00 -2.686807577533362412e+00
5.309734062405285115e+00 -2.678160996974280561e+00
5.390184578502334567e+00 -2.650857388525722058e+00
5.470635094599384018e+00 -2.648225017865796893e+00
5.551085610696433470e+00 -2.669377346571290222e+00
5.631536126793483810e+00 -2.660701723808354124e+00
5.711986642890533261e+00 -2.630984830574832234e+00
5.792437158987582713e+00 -2.619053264713157247e+00
5.872887675084633052e+00 -2.613582672966270337e+00
5.953338191181682504e+00 -2.629329329104147295e+00
6.033788707278731955e+00 -2.634917798175500980e+00
6.114239223375781407e+00 -2.649110054080885401e+00
6.194689739472831747e+00 -2.650894282994557649e+00
6.275140255569881198e+00 -2.616025964474681498e+00
6.355590771666931538e+00 -2.601528134319721630e+00
6.436041287763980989e+00 -2.639268362176168115e+00
6.516491803861030441e+00 -2.665829942850554524e+00
6.596942319958079892e+00 -2.672226146578744022e+00
6.677392836055131120e+00 -2.671482611108676686e+00
6.757843352152180572e+00 -2.673519414083256773e+00
6.838293868249230023e+00 -2.684053212600215232e+00
6.918744384346279475e+00 -2.686873574182497837e+00
6.999194900443328926e+00 -2.703835829503583810e+00
7.079645416540378378e+00 -2.694347470929849386e+00
7.160095932637429605e+00 -2.679273711968628735e+00
7.240546448734479057e+00 -2.689403992518166753e+00
7.320996964831528508e+00 -2.732678056471170791e+00
7.401447480928577960e+00 -2.753389006536988148e+00
7.481897997025627411e+00 -2.743830679553907803e+00
7.562348513122678639e+00 -2.740087568461150092e+00
7.642799029219728091e+00 -2.747992385931656401e+00
7.723249545316777542e+00 -2.757526026545303655e+00
7.803700061413826994e+00 -2.785264826977039032e+00
7.884150577510876445e+00 -2.796728630437589569e+00
7.964601093607927673e+00 -2.791894150776712102e+00
8.045051609704977125e+00 -2.799400835486642869e+00
8.125502125802025688e+00 -2.811485785209116628e+00
8.205952641899076028e+00 -2.813978464972556548e+00
8.286403157996124591e+00 -2.801834354092287427e+00
8.366853674093176707e+00 -2.797261620482752509e+00
8.447304190190225270e+00 -2.784227776758272821e+00
8.527754706287275610e+00 -2.802225271740309331e+00
8.608205222384324173e+00 -2.816157616520079010e+00
8.688655738481374513e+00 -2.785731255981706234e+00
8.769106254578423076e+00 -2.744088735698918757e+00
8.849556770675475192e+00 -2.739799074293156611e+00
8.930007286772523756e+00 -2.751302043066662595e+00
9.010457802869574095e+00 -2.771591523684829639e+00
9.090908318966622659e+00 -2.791163379978815584e+00
9.171358835063672998e+00 -2.795294028385165053e+00
9.251809351160723338e+00 -2.783325287244785784e+00
9.332259867257773678e+00 -2.767512096203867511e+00
9.412710383354822241e+00 -2.776950563008907302e+00
9.493160899451872581e+00 -2.788433243003046957e+00
9.573611415548921144e+00 -2.792217849282504716e+00
9.654061931645971484e+00 -2.786406694047169008e+00
9.734512447743021823e+00 -2.793920627568777348e+00
9.814962963840072163e+00 -2.815183103936809150e+00
9.895413479937120727e+00 -2.826069382557360399e+00
9.975863996034171066e+00 -2.839108907790607983e+00
1.005631451213121963e+01 -2.840977036028625058e+00
1.013676502822827175e+01 -2.814014431366691493e+00
1.021721554432532031e+01 -2.809777467447918120e+00
1.029766606042237065e+01 -2.829891513212591470e+00
