0.000000000000000000e+00 -1.549019599857431873e-01
8.045051609704977069e-02 -1.855635651320778623e-01
1.609010321940995414e-01 -4.936828174931853774e-01
2.413515482911492982e-01 -1.308499423349871904e+00
3.218020643881990828e-01 -1.798036764091836215e+00
4.022525804852488118e-01 -1.778192198350522224e+00
4.827030965822985964e-01 -1.764012743445687814e+00
5.631536126793483810e-01 -1.927470932861491404e+00
6.436041287763981655e-01 -2.212037849187628247e+00
7.240546448734478391e-01 -2.342694262605644617e+00
8.045051609704976237e-01 -2.393861110169241968e+00
8.849556770675472972e-01 -2.520311533421262240e+00
9.654061931645971928e-01 -2.719421066529314590e+00
1.045856709261647088e+00 -2.862465333503542375e+00
1.126307225358696762e+00 -2.953447682667633245e+00
1.206757741455746435e+00 -2.981531431648946739e+00
1.287208257552796331e+00 -2.985319485079262147e+00
1.367658773649846005e+00 -2.970093324338987539e+00
1.448109289746895678e+00 -2.920831518780708791e+00
1.528559805843945352e+00 -2.874707096662326045e+00
1.609010321940995247e+00 -2.811534761981675956e+00
1.689460838038045143e+00 -2.719887762415986732e+00
1.769911354135094594e+00 -2.676264283575280345e+00
1.850361870232144490e+00 -2.694599797929401852e+00
1.930812386329194386e+00 -2.724305389202453132e+00
2.011262902426244281e+00 -2.692367265977690494e+00
2.091713418523294177e+00 -2.679615147830336053e+00
2.172163934620343628e+00 -2.697773689634349825e+00
2.252614450717393524e+00 -2.693736714366241181e+00
2.333064966814443419e+00 -2.666255785878429929e+00
2.413515482911492871e+00 -2.635244152761266889e+00
2.493965999008542767e+00 -2.619149554745207720e+00
2.574416515105592662e+00 -2.606349301815967134e+00
2.654867031202642558e+00 -2.596150257498341496e+00
2.735317547299692009e+00 -2.607367136178062150e+00
2.815768063396741905e+00 -2.648059803679107205e+00
2.896218579493791356e+00 -2.659071220467431829e+00
2.976669095590841252e+00 -2.652310981695848557e+00
3.057119611687890703e+00 -2.647233470790298249e+00
3.137570127784940599e+00 -2.633940597744599543e+00
3.218020643881990495e+00 -2.650919667462205087e+00
3.298471159979039946e+00 -2.671985184540565328e+00
3.378921676076090286e+00 -2.673782958427429080e+00
3.459372192173139737e+00 -2.688244153321822427e+00
3.539822708270189189e+00 -2.710451288600175701e+00
3.620273224367239528e+00 -2.686407471964503468e+00
3.700723740464288980e+00 -2.621818416574193122e+00
3.781174256561339320e+00 -2.551032430166073617e+00
3.861624772658388771e+00 -2.550789076849714121e+00
3.942075288755438223e+00 -2.601121474682955625e+00
4.022525804852488562e+00 -2.605520846136618829e+00
4.102976320949538014e+00 -2.597438209285106048e+00
4.183426837046588354e+00 -2.609434288516042422e+00
4.263877353143637805e+00 -2.615883123255011267e+00
4.344327869240687257e+00 -2.587662613745059570e+00
4.424778385337737596e+00 -2.589323669338456035e+00
4.505228901434787048e+00 -2.627566479181072445e+00
4.585679417531836499e+00 -2.659663330628159184e+00
4.666129933628886839e+00 -2.665391065750989608e+00
4.746580449725936290e+00 -2.659540726204881356e+00
4.827030965822985742e+00 -2.660368826485293603e+00
4.907481481920036082e+00 -2.656704013491249405e+00
4.987931998017085533e+00 -2.659934524096114306e+00
5.068382514114135873e+00 -2.660478816817106740e+00
5.148833030211185324e+00 -2.660689882683452634e+00
5.229283546308234776e+00 -2.629415559185279694e+00
5.309734062405285115e+00 -2.628034091543542061e+00
5.390184578502334567e+00 -2.639785540680607667e+00
5.470635094599384018e+00 -2.660568616133351938e+00
5.551085610696433470e+00 -2.676286658399264606e+00
5.631536126793483810e+00 -2.662194573118274565e+00
5.711986642890533261e+00 -2.649410622653515901e+00
5.792437158987582713e+00 -2.637538935620887148e+00
5.872887675084633052e+00 -2.648211326430069068e+00
5.953338191181682504e+00 -2.640245355116005221e+00
6.033788707278731955e+00 -2.631854807206550184e+00
6.114239223375781407e+00 -2.638851284511953832e+00
6.194689739472831747e+00 -2.655284827831621897e+00
6.275140255569881198e+00 -2.662013627733129439e+00
6.355590771666931538e+00 -2.667961923911624567e+00
6.436041287763980989e+00 -2.686917214463540038e+00
6.516491803861030441e+00 -2.721008300773207988e+00
6.596942319958079892e+00 -2.736648170401181801e+00
6.677392836055131120e+00 -2.713927627558849309e+00
6.757843352152180572e+00 -2.697735192092430179e+00
6.838293868249230023e+00 -2.672648323187688302e+00
6.918744384346279475e+00 -2.644827874496676223e+00
6.999194900443328926e+00 -2.648166671419968310e+00
7.079645416540378378e+00 -2.663739899864835170e+00
7.160095932637429605e+00 -2.692386028438787271e+00
7.240546448734479057e+00 -2.712501104692571108e+00
7.320996964831528508e+00 -2.726391907487765387e+00
7.401447480928577960e+00 -2.711475626978077536e+00
7.481897997025627411e+00 -2.712824667807459900e+00
7.562348513122678639e+00 -2.720013194790815270e+00
7.642799029219728091e+00 -2.726713373228316417e+00
7.723249545316777542e+00 -2.731512016267202192e+00
7.803700061413826994e+00 -2.746610020100960448e+00
7.884150577510876445e+00 -2.770998401941532130e+00
7.964601093607927673e+00 -2.774578906082010299e+00
8.045051609704977125e+00 -2.755471340191271601e+00
8.125502125802025688e+00 -2.729534211124089893e+00
8.205952641899076028e+00 -2.730442398740422938e+00
8.286403157996124591e+00 -2.729235749833318181e+00
8.366853674093176707e+00 -2.747185627653199180e+00
8.447304190190225270e+00 -2.763986656080325233e+00
8.527754706287275610e+00 -2.779327625814953073e+00
8.608205222384324173e+00 -2.802356240127703124e+00
8.688655738481374513e+00 -2.810860266513570682e+00
8.769106254578423076e+00 -2.814227438904719492e+00
8.849556770675475192e+00 -2.797817665657468922e+00
8.930007286772523756e+00 -2.784316748811523468e+00
9.010457802869574095e+00 -2.775091195499904462e+00
9.090908318966622659e+00 -2.772070235597487553e+00
9.171358835063672998e+00 -2.772027190198912638e+00
9.251809351160723338e+00 -2.774923093722665435e+00
9.332259867257773678e+00 -2.807405108083031120e+00
9.412710383354822241e+00 -2.810845909172879242e+00
9.493160899451872581e+00 -2.781776585423087145e+00
9.573611415548921144e+00 -2.782642879222952281e+00
9.654061931645971484e+00 -2.786100997666223211e+00
9.734512447743021823e+00 -2.764210418475038455e+00
9.814962963840072163e+00 -2.743902648648081311e+00
9.895413479937120727e+00 -2.740549171116542837e+00
9.975863996034171066e+00 -2.745887329965866375e+00
1.005631451213121963e+01 -2.760546475356234986e+00
1.013676502822827175e+01 -2.786082444354229803e+00
1.021721554432532031e+01 -2.794323086151114577e+00
1.029766606042237065e+01 -2.774824076187480504e+00
