0.000000000000000000e+00 -1.549019599857431873e-01
8.045051609704977069e-02 -2.047476556515162860e-01
1.609010321940995414e-01 -6.168074121970312795e-01
2.413515482911492982e-01 -1.491682981688053244e+00
3.218020643881990828e-01 -1.514859480254432400e+00
4.022525804852488118e-01 -1.437624672618921018e+00
4.827030965822985964e-01 -1.589988855362751918e+00
5.631536126793483810e-01 -1.891661623081637655e+00
6.436041287763981655e-01 -2.108880460720172323e+00
7.240546448734478391e-01 -2.264173771164022853e+00
8.045051609704976237e-01 -2.439272342415289341e+00
8.849556770675472972e-01 -2.655133658368750815e+00
9.654061931645971928e-01 -2.873021194639185705e+00
1.045856709261647088e+00 -3.016768512356734266e+00
1.126307225358696762e+00 -3.006926527711151653e+00
1.206757741455746435e+00 -2.969105293864965578e+00
1.287208257552796331e+00 -2.930742735653544706e+00
1.367658773649846005e+00 -2.887837948526584153e+00
1.448109289746895678e+00 -2.841407604846727608e+00
1.528559805843945352e+00 -2.794067280810976772e+00
1.609010321940995247e+00 -2.751650155788720298e+00
1.689460838038045143e+00 -2.733790803939129432e+00
1.769911354135094594e+00 -2.716630043653845306e+00
1.850361870232144490e+00 -2.687022288883525789e+00
1.930812386329194386e+00 -2.682048261421793089e+00
2.011262902426244281e+00 -2.655393398222511969e+00
2.091713418523294177e+00 -2.649522698686330280e+00
2.172163934620343628e+00 -2.650165568964366614e+00
2.252614450717393524e+00 -2.644813000889646659e+00
2.333064966814443419e+00 -2.615120349358982743e+00
2.413515482911492871e+00 -2.621672881570300540e+00
2.493965999008542767e+00 -2.688137753664262330e+00
2.574416515105592662e+00 -2.679923794890034294e+00
2.654867031202642558e+00 -2.658211586553079542e+00
2.735317547299692009e+00 -2.640702983090906120e+00
2.815768063396741905e+00 -2.611227710485730213e+00
2.896218579493791356e+00 -2.531104518013651550e+00
2.976669095590841252e+00 -2.501311238134237946e+00
3.057119611687890703e+00 -2.565667790306163543e+00
3.137570127784940599e+00 -2.668864281752361567e+00
3.218020643881990495e+00 -2.698711846083577726e+00
3.298471159979039946e+00 -2.648506137790201276e+00
3.378921676076090286e+00 -2.592390581114659920e+00
3.459372192173139737e+00 -2.597955992623516508e+00
3.539822708270189189e+00 -2.635565832300548195e+00
3.620273224367239528e+00 -2.635083619495885543e+00
3.700723740464288980e+00 -2.619698979909701908e+00
3.781174256561339320e+00 -2.617921748735689391e+00
3.861624772658388771e+00 -2.563315789292546221e+00
3.942075288755438223e+00 -2.519220720603178698e+00
4.022525804852488562e+00 -2.561227314145128720e+00
4.102976320949538014e+00 -2.632974055860013429e+00
4.183426837046588354e+00 -2.637064772898971565e+00
4.263877353143637805e+00 -2.607820079624210141e+00
4.344327869240687257e+00 -2.589457529799930047e+00
4.424778385337737596e+00 -2.592873593865432813e+00
4.505228901434787048e+00 -2.609954961562200637e+00
4.585679417531836499e+00 -2.621544770243061873e+00
4.666129933628886839e+00 -2.624326863750658934e+00
4.746580449725936290e+00 -2.614958797135594537e+00
4.827030965822985742e+00 -2.613397757113532283e+00
4.907481481920036082e+00 -2.594595925049459240e+00
4.987931998017085533e+00 -2.595509931611039267e+00
5.068382514114135873e+00 -2.643040210646209864e+00
5.148833030211185324e+00 -2.707671567705350668e+00
5.229283546308234776e+00 -2.735678767662145905e+00
5.309734062405285115e+00 -2.720601626327341371e+00
5.390184578502334567e+00 -2.698703098153283353e+00
5.470635094599384018e+00 -2.675016556910950527e+00
5.551085610696433470e+00 -2.632436784348067604e+00
5.631536126793483810e+00 -2.606183150401657489e+00
5.711986642890533261e+00 -2.615114421154660196e+00
5.792437158987582713e+00 -2.643593841228421670e+00
5.872887675084633052e+00 -2.654577814495088894e+00
5.953338191181682504e+00 -2.651846094053573744e+00
6.033788707278731955e+00 -2.637485728349669767e+00
6.114239223375781407e+00 -2.666220403460797250e+00
6.194689739472831747e+00 -2.695806536986819157e+00
6.275140255569881198e+00 -2.727133542674071265e+00
6.355590771666931538e+00 -2.713026940112178043e+00
6.436041287763980989e+00 -2.686031411312856054e+00
6.516491803861030441e+00 -2.679760275023780114e+00
6.596942319958079892e+00 -2.683635710367798133e+00
6.677392836055131120e+00 -2.675494822764167058e+00
6.757843352152180572e+00 -2.666764534408179177e+00
6.838293868249230023e+00 -2.680724129180783066e+00
6.918744384346279475e+00 -2.700045905526227141e+00
6.999194900443328926e+00 -2.713448012956980904e+00
7.079645416540378378e+00 -2.725811659718955671e+00
7.160095932637429605e+00 -2.731672428589443147e+00
7.240546448734479057e+00 -2.741302511116475049e+00
7.320996964831528508e+00 -2.749612236155203782e+00
7.401447480928577960e+00 -2.783336662744671841e+00
7.481897997025627411e+00 -2.789797329452752717e+00
7.562348513122678639e+00 -2.787864218652754023e+00
7.642799029219728091e+00 -2.787181761007513359e+00
7.723249545316777542e+00 -2.776996702299201036e+00
7.803700061413826994e+00 -2.760181045478164119e+00
7.884150577510876445e+00 -2.745379201977864447e+00
7.964601093607927673e+00 -2.732719176974893305e+00
8.045051609704977125e+00 -2.717297995958312562e+00
8.125502125802025688e+00 -2.704198582539034668e+00
8.205952641899076028e+00 -2.713081821920680259e+00
8.286403157996124591e+00 -2.731775582644320632e+00
8.366853674093176707e+00 -2.739684814419188097e+00
8.447304190190225270e+00 -2.744955233572513364e+00
8.527754706287275610e+00 -2.776093645299074986e+00
8.608205222384324173e+00 -2.786419085726989930e+00
8.688655738481374513e+00 -2.778193106644851085e+00
8.769106254578423076e+00 -2.776013390730283081e+00
8.849556770675475192e+00 -2.800277648115361728e+00
8.930007286772523756e+00 -2.830821893632804898e+00
9.010457802869574095e+00 -2.834948135583461593e+00
9.090908318966622659e+00 -2.823983044072068349e+00
9.171358835063672998e+00 -2.811980572570572878e+00
9.251809351160723338e+00 -2.825624363145408768e+00
9.332259867257773678e+00 -2.852839374683471707e+00
9.412710383354822241e+00 -2.880498199334322607e+00
9.493160899451872581e+00 -2.882869331371316513e+00
9.573611415548921144e+00 -2.870268641402540233e+00
9.654061931645971484e+00 -2.871144632268280983e+00
9.734512447743021823e+00 -2.837931440085927459e+00
9.814962963840072163e+00 -2.790789257152387126e+00
9.895413479937120727e+00 -2.788573588330685471e+00
9.975863996034171066e+00 -2.826025353509284077e+00
1.005631451213121963e+01 -2.839039119932918798e+00
1.013676502822827175e+01 -2.819304829526594780e+00
1.021721554432532031e+01 -2.799489074959704560e+00
1.029766606042237065e+01 -2.783563786267161166e+00
