0.000000000000000000e+00 -1.549019599857431873e-01
8.045051609704977069e-02 -3.899867934762005217e-01
1.609010321940995414e-01 -1.181309618714698528e+00
2.413515482911492982e-01 -3.164564752934166059e+00
3.218020643881990828e-01 -3.844460114850554611e+00
4.022525804852488118e-01 -4.250408751821817432e+00
4.827030965822985964e-01 -4.913734008943126064e+00
5.631536126793483810e-01 -5.562447197222842199e+00
6.436041287763981655e-01 -5.987234890973604173e+00
7.240546448734478391e-01 -6.239267343864997706e+00
8.045051609704976237e-01 -6.488157095153026965e+00
8.849556770675472972e-01 -6.711238285179430108e+00
9.654061931645971928e-01 -6.941140844053760972e+00
1.045856709261647088e+00 -6.949031159145339309e+00
1.126307225358696762e+00 -6.864840399224534373e+00
1.206757741455746435e+00 -6.822280742663812347e+00
1.287208257552796331e+00 -6.770387033674036381e+00
1.367658773649846005e+00 -6.681476529839205369e+00
1.448109289746895678e+00 -6.642512370282725342e+00
1.528559805843945352e+00 -6.654198942780591430e+00
1.609010321940995247e+00 -6.649098262076527988e+00
1.689460838038045143e+00 -6.602092008374107479e+00
1.769911354135094594e+00 -6.430432041778012753e+00
1.850361870232144490e+00 -6.342140684198926515e+00
1.930812386329194386e+00 -6.328298924883116960e+00
2.011262902426244281e+00 -6.315235835599518843e+00
2.091713418523294177e+00 -6.180737792894634097e+00
2.172163934620343628e+00 -6.092192184231301155e+00
2.252614450717393524e+00 -6.095988074043395599e+00
2.333064966814443419e+00 -6.156351669199640497e+00
2.413515482911492871e+00 -6.225135354672771015e+00
2.493965999008542767e+00 -6.191774417539747333e+00
2.574416515105592662e+00 -6.059247330550487476e+00
2.654867031202642558e+00 -6.026574462030750645e+00
2.735317547299692009e+00 -6.098158889254556847e+00
2.815768063396741905e+00 -6.264646697308496215e+00
2.896218579493791356e+00 -6.397982948590333230e+00
2.976669095590841252e+00 -6.405236738001979901e+00
3.057119611687890703e+00 -6.337650061814420255e+00
3.137570127784940599e+00 -6.243734538774577736e+00
3.218020643881990495e+00 -6.221729946921717769e+00
3.298471159979039946e+00 -6.216309314342766790e+00
3.378921676076090286e+00 -6.191075003669229027e+00
3.459372192173139737e+00 -6.142168665492585333e+00
3.539822708270189189e+00 -6.067726560238899225e+00
3.620273224367239528e+00 -6.007804270168919381e+00
3.700723740464288980e+00 -6.048050826710745120e+00
3.781174256561339320e+00 -6.139505142143822702e+00
3.861624772658388771e+00 -6.156210075255161840e+00
3.942075288755438223e+00 -6.151145249097232259e+00
4.022525804852488562e+00 -6.193407726361730425e+00
4.102976320949538014e+00 -6.299861919609795358e+00
4.183426837046588354e+00 -6.348245823565330959e+00
4.263877353143637805e+00 -6.334800197132295807e+00
4.344327869240687257e+00 -6.301698346602429446e+00
4.424778385337737596e+00 -6.249809754809631634e+00
4.505228901434787048e+00 -6.180603650459545406e+00
4.585679417531836499e+00 -6.188619314390375159e+00
4.666129933628886839e+00 -6.271323349886761989e+00
4.746580449725936290e+00 -6.248787093312538232e+00
4.827030965822985742e+00 -6.110278992212675675e+00
4.907481481920036082e+00 -6.102738103809452141e+00
4.987931998017085533e+00 -6.137790218758684802e+00
5.068382514114135873e+00 -6.191129121132559199e+00
5.148833030211185324e+00 -6.238785362851470673e+00
5.229283546308234776e+00 -6.313368722001820643e+00
5.309734062405285115e+00 -6.391505470955656243e+00
5.390184578502334567e+00 -6.418315480809692275e+00
5.470635094599384018e+00 -6.379396126546604151e+00
5.551085610696433470e+00 -6.344717448646380653e+00
5.631536126793483810e+00 -6.287471292255233379e+00
5.711986642890533261e+00 -6.238340737655767576e+00
5.792437158987582713e+00 -6.240414814908325170e+00
5.872887675084633052e+00 -6.266653641285051535e+00
5.953338191181682504e+00 -6.262501817103762747e+00
6.033788707278731955e+00 -6.275663295205943903e+00
6.114239223375781407e+00 -6.281486277859173128e+00
6.194689739472831747e+00 -6.318357413266957323e+00
6.275140255569881198e+00 -6.359818059831073178e+00
6.355590771666931538e+00 -6.370504485770813297e+00
6.436041287763980989e+00 -6.323631100048947573e+00
6.516491803861030441e+00 -6.251299736727310652e+00
6.596942319958079892e+00 -6.227742975556243010e+00
6.677392836055131120e+00 -6.288960033763843605e+00
6.757843352152180572e+00 -6.319259226978473976e+00
6.838293868249230023e+00 -6.311795870674119513e+00
6.918744384346279475e+00 -6.333582667334466620e+00
6.999194900443328926e+00 -6.363491665952250464e+00
7.079645416540378378e+00 -6.337705321010434822e+00
7.160095932637429605e+00 -6.353919168999563993e+00
7.240546448734479057e+00 -6.388958120136980057e+00
7.320996964831528508e+00 -6.378467919401996866e+00
7.401447480928577960e+00 -6.327304631678250857e+00
7.481897997025627411e+00 -6.316860198668432957e+00
7.562348513122678639e+00 -6.342128541063192237e+00
7.642799029219728091e+00 -6.406242434347197978e+00
7.723249545316777542e+00 -6.426306873445997603e+00
7.803700061413826994e+00 -6.430783816903768546e+00
7.884150577510876445e+00 -6.438714816652542972e+00
7.964601093607927673e+00 -6.438730426288417519e+00
8.045051609704977125e+00 -6.429507859416858651e+00
8.125502125802025688e+00 -6.452262168647266094e+00
8.205952641899076028e+00 -6.443675490107680481e+00
8.286403157996124591e+00 -6.415301988405029299e+00
8.366853674093176707e+00 -6.463898637414678738e+00
8.447304190190225270e+00 -6.484694030999460956e+00
8.527754706287275610e+00 -6.482407938679234150e+00
8.608205222384324173e+00 -6.481354589397934518e+00
8.688655738481374513e+00 -6.508631125714114951e+00
8.769106254578423076e+00 -6.553581458166331863e+00
8.849556770675475192e+00 -6.544013823750072234e+00
8.930007286772523756e+00 -6.488595214879715023e+00
9.010457802869574095e+00 -6.441081048846864832e+00
9.090908318966622659e+00 -6.409044325346338056e+00
9.171358835063672998e+00 -6.438285492672306987e+00
9.251809351160723338e+00 -6.454610784041631355e+00
9.332259867257773678e+00 -6.420425958374291753e+00
9.412710383354822241e+00 -6.410385258691452037e+00
9.493160899451872581e+00 -6.477809526469480161e+00
9.573611415548921144e+00 -6.578991303628154874e+00
9.654061931645971484e+00 -6.651991675886898214e+00
9.734512447743021823e+00 -6.664071649639043748e+00
9.814962963840072163e+00 -6.645995764276501738e+00
9.895413479937120727e+00 -6.645934438820222390e+00
9.975863996034171066e+00 -6.666181766506574569e+00
1.005631451213121963e+01 -6.681503554178531701e+00
1.013676502822827175e+01 -6.623557682032622296e+00
1.021721554432532031e+01 -6.595499406833172706e+00
1.029766606042237065e+01 -6.593483512561646442e+00
