0.000000000000000000e+00 -1.549019599857431873e-01
8.045051609704977069e-02 -1.987595405435464979e-01
1.609010321940995414e-01 -5.606570501057275280e-01
2.413515482911492982e-01 -1.845825265188649311e+00
3.218020643881990828e-01 -2.323725268309231762e+00
4.022525804852488118e-01 -2.293435908362505771e+00
4.827030965822985964e-01 -2.449686332174327408e+00
5.631536126793483810e-01 -2.706012792420604551e+00
6.436041287763981655e-01 -2.951390154706479585e+00
7.240546448734478391e-01 -3.152332923096690553e+00
8.045051609704976237e-01 -3.321209435513117647e+00
8.849556770675472972e-01 -3.432690233710205874e+00
9.654061931645971928e-01 -3.552498617913861345e+00
1.045856709261647088e+00 -3.525923889165843761e+00
1.126307225358696762e+00 -3.480023697348865852e+00
1.206757741455746435e+00 -3.485844050560415130e+00
1.287208257552796331e+00 -3.490598599396622426e+00
1.367658773649846005e+00 -3.434459568329937262e+00
1.448109289746895678e+00 -3.345280267353258896e+00
1.528559805843945352e+00 -3.276946279163495124e+00
1.609010321940995247e+00 -3.287338685418223605e+00
1.689460838038045143e+00 -3.339633554746193056e+00
1.769911354135094594e+00 -3.376553899732889441e+00
1.850361870232144490e+00 -3.299582972615908716e+00
1.930812386329194386e+00 -3.180916398152866087e+00
2.011262902426244281e+00 -3.122924132146129406e+00
2.091713418523294177e+00 -3.104160677363196452e+00
2.172163934620343628e+00 -3.086588306566845130e+00
2.252614450717393524e+00 -3.067268570410857098e+00
2.333064966814443419e+00 -3.079781719221602820e+00
2.413515482911492871e+00 -3.099948812911349716e+00
2.493965999008542767e+00 -3.098086378808675434e+00
2.574416515105592662e+00 -3.074385194832794266e+00
2.654867031202642558e+00 -3.072195225374446004e+00
2.735317547299692009e+00 -3.077054287186946180e+00
2.815768063396741905e+00 -3.103659835114321197e+00
2.896218579493791356e+00 -3.139666788844081236e+00
2.976669095590841252e+00 -3.116711118990801221e+00
3.057119611687890703e+00 -3.120083386228789557e+00
3.137570127784940599e+00 -3.143922067288642985e+00
3.218020643881990495e+00 -3.165561923991455640e+00
3.298471159979039946e+00 -3.130470574282712803e+00
3.378921676076090286e+00 -3.116365594945973871e+00
3.459372192173139737e+00 -3.126533566871219971e+00
3.539822708270189189e+00 -3.145454812133847255e+00
3.620273224367239528e+00 -3.116319788183652850e+00
3.700723740464288980e+00 -3.081013618825038769e+00
3.781174256561339320e+00 -3.056481687227095012e+00
3.861624772658388771e+00 -3.034465709272438083e+00
3.942075288755438223e+00 -3.058095376352205630e+00
4.022525804852488562e+00 -3.102634355337432925e+00
4.102976320949538014e+00 -3.119676178636376473e+00
4.183426837046588354e+00 -3.099965922860632883e+00
4.263877353143637805e+00 -3.069862208764238876e+00
4.344327869240687257e+00 -3.061772082961728980e+00
4.424778385337737596e+00 -3.040426954851239483e+00
4.505228901434787048e+00 -3.037220806902322323e+00
4.585679417531836499e+00 -3.068727065557834255e+00
4.666129933628886839e+00 -3.088281606274172919e+00
4.746580449725936290e+00 -3.095070594025314037e+00
4.827030965822985742e+00 -3.095864541267558057e+00
4.907481481920036082e+00 -3.104957013661459708e+00
4.987931998017085533e+00 -3.159010465934083633e+00
5.068382514114135873e+00 -3.185537009348627269e+00
5.148833030211185324e+00 -3.162083782603821724e+00
5.229283546308234776e+00 -3.138893364150719734e+00
5.309734062405285115e+00 -3.143367355857545675e+00
5.390184578502334567e+00 -3.158059605300583605e+00
5.470635094599384018e+00 -3.147270428894827887e+00
5.551085610696433470e+00 -3.093519716712982870e+00
5.631536126793483810e+00 -3.055069602555153807e+00
5.711986642890533261e+00 -3.088501961964432496e+00
5.792437158987582713e+00 -3.120946959403940291e+00
5.872887675084633052e+00 -3.144494551655952819e+00
5.953338191181682504e+00 -3.150565611208587136e+00
6.033788707278731955e+00 -3.144102585651768145e+00
6.114239223375781407e+00 -3.139787965605526310e+00
6.194689739472831747e+00 -3.157114163236779181e+00
6.275140255569881198e+00 -3.144431085990995189e+00
6.355590771666931538e+00 -3.117182879449466704e+00
6.436041287763980989e+00 -3.121805215384505949e+00
6.516491803861030441e+00 -3.137526507708172652e+00
6.596942319958079892e+00 -3.156672149092879742e+00
6.677392836055131120e+00 -3.174366465560566564e+00
6.757843352152180572e+00 -3.186123046331925668e+00
6.838293868249230023e+00 -3.178123603862561986e+00
6.918744384346279475e+00 -3.180453327847596601e+00
6.999194900443328926e+00 -3.212166929256231374e+00
7.079645416540378378e+00 -3.229212172227428734e+00
7.160095932637429605e+00 -3.202657481252250360e+00
7.240546448734479057e+00 -3.179463379633889808e+00
7.320996964831528508e+00 -3.189078830112971996e+00
7.401447480928577960e+00 -3.231354790170196889e+00
7.481897997025627411e+00 -3.255472397266078843e+00
7.562348513122678639e+00 -3.227416516177715078e+00
7.642799029219728091e+00 -3.165917392279627318e+00
7.723249545316777542e+00 -3.140908546846892246e+00
7.803700061413826994e+00 -3.153231701289218591e+00
7.884150577510876445e+00 -3.188552531465394413e+00
7.964601093607927673e+00 -3.202983370218205561e+00
8.045051609704977125e+00 -3.175625632129847276e+00
8.125502125802025688e+00 -3.174589981769300184e+00
8.205952641899076028e+00 -3.191338587401712612e+00
8.286403157996124591e+00 -3.207167867476719891e+00
8.366853674093176707e+00 -3.222535529318684144e+00
8.447304190190225270e+00 -3.232916597873155773e+00
8.527754706287275610e+00 -3.227756430440550606e+00
8.608205222384324173e+00 -3.221617918300008654e+00
8.688655738481374513e+00 -3.212809083101482166e+00
8.769106254578423076e+00 -3.219266525411029090e+00
8.849556770675475192e+00 -3.235972380008524052e+00
8.930007286772523756e+00 -3.241426320194803701e+00
9.010457802869574095e+00 -3.242781300685930734e+00
9.090908318966622659e+00 -3.230874804887128082e+00
9.171358835063672998e+00 -3.210741764127141629e+00
9.251809351160723338e+00 -3.214379031971736467e+00
9.332259867257773678e+00 -3.252433425725747451e+00
9.412710383354822241e+00 -3.261702710653291426e+00
9.493160899451872581e+00 -3.263289893178034973e+00
9.573611415548921144e+00 -3.247907556002285201e+00
9.654061931645971484e+00 -3.259214159816453904e+00
9.734512447743021823e+00 -3.284979203168606698e+00
9.814962963840072163e+00 -3.303060614534921058e+00
9.895413479937120727e+00 -3.276188641376329702e+00
9.975863996034171066e+00 -3.262223794055658654e+00
1.005631451213121963e+01 -3.276735001495497901e+00
1.013676502822827175e+01 -3.297822062081917416e+00
1.021721554432532031e+01 -3.299938408766800002e+00
1.029766606042237065e+01 -3.316995511604563518e+00
