0.000000000000000000e+00 -1.549019599857431873e-01
8.045051609704977069e-02 -1.891211607726765720e-01
1.609010321940995414e-01 -4.901969399618671397e-01
2.413515482911492982e-01 -1.211099097158554461e+00
3.218020643881990828e-01 -1.762503290964880565e+00
4.022525804852488118e-01 -1.960600724966596209e+00
4.827030965822985964e-01 -2.481077793214838234e+00
5.631536126793483810e-01 -2.963317231244919192e+00
6.436041287763981655e-01 -3.090280915864953126e+00
7.240546448734478391e-01 -3.179415758219820365e+00
8.045051609704976237e-01 -3.242070307199115486e+00
8.849556770675472972e-01 -3.286744802135850740e+00
9.654061931645971928e-01 -3.336901301005424259e+00
1.045856709261647088e+00 -3.423683035246537720e+00
1.126307225358696762e+00 -3.483596985763271370e+00
1.206757741455746435e+00 -3.495229058218082940e+00
1.287208257552796331e+00 -3.453206491996954064e+00
1.367658773649846005e+00 -3.441614398459202917e+00
1.448109289746895678e+00 -3.409409834094021541e+00
1.528559805843945352e+00 -3.378657992438480751e+00
1.609010321940995247e+00 -3.370118026462222360e+00
1.689460838038045143e+00 -3.351497114782454378e+00
1.769911354135094594e+00 -3.264678332596765653e+00
1.850361870232144490e+00 -3.146213436952909781e+00
1.930812386329194386e+00 -3.077215493001846269e+00
2.011262902426244281e+00 -3.079844032449957858e+00
2.091713418523294177e+00 -3.065703050580872890e+00
2.172163934620343628e+00 -3.021226826564633150e+00
2.252614450717393524e+00 -2.987646377618023319e+00
2.333064966814443419e+00 -2.991082943467155086e+00
2.413515482911492871e+00 -3.009146444613025384e+00
2.493965999008542767e+00 -3.050120460640548092e+00
2.574416515105592662e+00 -3.080286712629825896e+00
2.654867031202642558e+00 -3.103468995347651749e+00
2.735317547299692009e+00 -3.090871396734987897e+00
2.815768063396741905e+00 -3.058688998704777173e+00
2.896218579493791356e+00 -3.045542502658274753e+00
2.976669095590841252e+00 -3.064581016750929532e+00
3.057119611687890703e+00 -3.061178506031365654e+00
3.137570127784940599e+00 -3.076540235075003515e+00
3.218020643881990495e+00 -3.123005982442859096e+00
3.298471159979039946e+00 -3.127522185260471765e+00
3.378921676076090286e+00 -3.084330875344253098e+00
3.459372192173139737e+00 -3.055613533682556060e+00
3.539822708270189189e+00 -3.058112851815353306e+00
3.620273224367239528e+00 -3.067615669708470882e+00
3.700723740464288980e+00 -3.048592606315807085e+00
3.781174256561339320e+00 -3.051126706211972905e+00
3.861624772658388771e+00 -3.069674662619921168e+00
3.942075288755438223e+00 -3.078899345268117038e+00
4.022525804852488562e+00 -3.090121631872092767e+00
4.102976320949538014e+00 -3.117268632790703098e+00
4.183426837046588354e+00 -3.135002574739890413e+00
4.263877353143637805e+00 -3.136461990491075102e+00
4.344327869240687257e+00 -3.132710361258817411e+00
4.424778385337737596e+00 -3.128328558620606881e+00
4.505228901434787048e+00 -3.131604877037586387e+00
4.585679417531836499e+00 -3.128533156262358172e+00
4.666129933628886839e+00 -3.090973766369406128e+00
4.746580449725936290e+00 -3.068935316979737316e+00
4.827030965822985742e+00 -3.069331794365297572e+00
4.907481481920036082e+00 -3.102152308536851866e+00
4.987931998017085533e+00 -3.133338062504715804e+00
5.068382514114135873e+00 -3.131571662083409091e+00
5.148833030211185324e+00 -3.137140529225997287e+00
5.229283546308234776e+00 -3.138712916537309994e+00
5.309734062405285115e+00 -3.124469688539801115e+00
5.390184578502334567e+00 -3.114722632696575566e+00
5.470635094599384018e+00 -3.097033669725692828e+00
5.551085610696433470e+00 -3.099932163229357052e+00
5.631536126793483810e+00 -3.130000091927518380e+00
5.711986642890533261e+00 -3.157217820538462227e+00
5.792437158987582713e+00 -3.173850243667118765e+00
5.872887675084633052e+00 -3.163088842804944623e+00
5.953338191181682504e+00 -3.157422003269391819e+00
6.033788707278731955e+00 -3.177234804371964483e+00
6.114239223375781407e+00 -3.197708898525818189e+00
6.194689739472831747e+00 -3.201148869534125918e+00
6.275140255569881198e+00 -3.197002354681692360e+00
6.355590771666931538e+00 -3.210830091726162294e+00
6.436041287763980989e+00 -3.231358102523012477e+00
6.516491803861030441e+00 -3.226248037345912589e+00
6.596942319958079892e+00 -3.217700816369301275e+00
6.677392836055131120e+00 -3.229165296897734461e+00
6.757843352152180572e+00 -3.233207227684019802e+00
6.838293868249230023e+00 -3.202216446543855621e+00
6.918744384346279475e+00 -3.154996772520787918e+00
6.999194900443328926e+00 -3.136295304489810309e+00
7.079645416540378378e+00 -3.153000765503624514e+00
7.160095932637429605e+00 -3.191994173595030571e+00
7.240546448734479057e+00 -3.212349128366001949e+00
7.320996964831528508e+00 -3.215281573357241296e+00
7.401447480928577960e+00 -3.193124866539557516e+00
7.481897997025627411e+00 -3.167576799798253795e+00
7.562348513122678639e+00 -3.162198009840823332e+00
7.642799029219728091e+00 -3.152513301132964241e+00
7.723249545316777542e+00 -3.133579106722234719e+00
7.803700061413826994e+00 -3.133886711816510129e+00
7.884150577510876445e+00 -3.148057009154012764e+00
7.964601093607927673e+00 -3.157417801687594672e+00
8.045051609704977125e+00 -3.173985663224646814e+00
8.125502125802025688e+00 -3.209048441369497962e+00
8.205952641899076028e+00 -3.219181626939669361e+00
8.286403157996124591e+00 -3.219470568325292881e+00
8.366853674093176707e+00 -3.218034692929955476e+00
8.447304190190225270e+00 -3.220046649668829808e+00
8.527754706287275610e+00 -3.218376440906663305e+00
8.608205222384324173e+00 -3.229022983930307511e+00
8.688655738481374513e+00 -3.220542645088051881e+00
8.769106254578423076e+00 -3.235252649392918567e+00
8.849556770675475192e+00 -3.275463185374507091e+00
8.930007286772523756e+00 -3.289243262411507995e+00
9.010457802869574095e+00 -3.252907087559804733e+00
9.090908318966622659e+00 -3.204152486911701736e+00
9.171358835063672998e+00 -3.164405655941417539e+00
9.251809351160723338e+00 -3.172048018607247055e+00
9.332259867257773678e+00 -3.193698085177834045e+00
9.412710383354822241e+00 -3.223257563761988020e+00
9.493160899451872581e+00 -3.245500243854932521e+00
9.573611415548921144e+00 -3.259589923008265000e+00
9.654061931645971484e+00 -3.255004189345557908e+00
9.734512447743021823e+00 -3.229808408730181490e+00
9.814962963840072163e+00 -3.220767927481548387e+00
9.895413479937120727e+00 -3.244712573650529119e+00
9.975863996034171066e+00 -3.248494009878533539e+00
1.005631451213121963e+01 -3.239593637875881615e+00
1.013676502822827175e+01 -3.235568563082574567e+00
1.021721554432532031e+01 -3.238234413310427051e+00
1.029766606042237065e+01 -3.250988126955562052e+00
