0.000000000000000000e+00 -1.549019599857431873e-01
8.045051609704977069e-02 -1.817195339954188193e-01
1.609010321940995414e-01 -4.749878485583888810e-01
2.413515482911492982e-01 -1.295229129466739071e+00
3.218020643881990828e-01 -1.779333033215247495e+00
4.022525804852488118e-01 -2.382256246986966364e+00
4.827030965822985964e-01 -2.678955988135454103e+00
5.631536126793483810e-01 -2.923617190910919206e+00
6.436041287763981655e-01 -3.214364855769197948e+00
7.240546448734478391e-01 -3.495246664140323922e+00
8.045051609704976237e-01 -3.667049529442445444e+00
8.849556770675472972e-01 -3.747822700321822076e+00
9.654061931645971928e-01 -3.817395239111252003e+00
1.045856709261647088e+00 -3.809971277531073675e+00
1.126307225358696762e+00 -3.765043261688506337e+00
1.206757741455746435e+00 -3.736479293340857488e+00
1.287208257552796331e+00 -3.703385963615435816e+00
1.367658773649846005e+00 -3.678656497632359468e+00
1.448109289746895678e+00 -3.613348172500558064e+00
1.528559805843945352e+00 -3.538159219466263661e+00
1.609010321940995247e+00 -3.483377479119404541e+00
1.689460838038045143e+00 -3.454874490112633811e+00
1.769911354135094594e+00 -3.400476027034113446e+00
1.850361870232144490e+00 -3.325671318619382255e+00
1.930812386329194386e+00 -3.245253534693022690e+00
2.011262902426244281e+00 -3.193086286463974854e+00
2.091713418523294177e+00 -3.214321660712784468e+00
2.172163934620343628e+00 -3.195471579614930224e+00
2.252614450717393524e+00 -3.151008104202732696e+00
2.333064966814443419e+00 -3.107810159282656137e+00
2.413515482911492871e+00 -3.086489343293369991e+00
2.493965999008542767e+00 -3.042351160574217506e+00
2.574416515105592662e+00 -3.054653106138570884e+00
2.654867031202642558e+00 -3.143823029346893172e+00
2.735317547299692009e+00 -3.204083587941734201e+00
2.815768063396741905e+00 -3.179382445059044215e+00
2.896218579493791356e+00 -3.123480502182460317e+00
2.976669095590841252e+00 -3.087019238762556572e+00
3.057119611687890703e+00 -3.073209742846395809e+00
3.137570127784940599e+00 -3.096064701719462686e+00
3.218020643881990495e+00 -3.115683169261333152e+00
3.298471159979039946e+00 -3.089583254911942412e+00
3.378921676076090286e+00 -3.060690295866504762e+00
3.459372192173139737e+00 -3.082144520778113961e+00
3.539822708270189189e+00 -3.138221648921036167e+00
3.620273224367239528e+00 -3.164972013454178335e+00
3.700723740464288980e+00 -3.185135181487943612e+00
3.781174256561339320e+00 -3.171401450470655803e+00
3.861624772658388771e+00 -3.150941292371884916e+00
3.942075288755438223e+00 -3.170525934361353659e+00
4.022525804852488562e+00 -3.232818211823512922e+00
4.102976320949538014e+00 -3.224083500251749168e+00
4.183426837046588354e+00 -3.168536677497989285e+00
4.263877353143637805e+00 -3.080634741442971336e+00
4.344327869240687257e+00 -3.047852768088834097e+00
4.424778385337737596e+00 -3.075906790413883929e+00
4.505228901434787048e+00 -3.115983264016977117e+00
4.585679417531836499e+00 -3.145426345051818284e+00
4.666129933628886839e+00 -3.190126031909704007e+00
4.746580449725936290e+00 -3.209848303489556187e+00
4.827030965822985742e+00 -3.207042814211253035e+00
4.907481481920036082e+00 -3.197583169117620638e+00
4.987931998017085533e+00 -3.177118393926295692e+00
5.068382514114135873e+00 -3.157179400704402727e+00
5.148833030211185324e+00 -3.158871679409580580e+00
5.229283546308234776e+00 -3.168655922448277096e+00
5.309734062405285115e+00 -3.192493435060500317e+00
5.390184578502334567e+00 -3.217849292004361317e+00
5.470635094599384018e+00 -3.234493146387231288e+00
5.551085610696433470e+00 -3.257423638518228692e+00
5.631536126793483810e+00 -3.237199940923433328e+00
5.711986642890533261e+00 -3.228339044459209717e+00
5.792437158987582713e+00 -3.214844448107228914e+00
5.872887675084633052e+00 -3.198034500187375340e+00
5.953338191181682504e+00 -3.189982393584524178e+00
6.033788707278731955e+00 -3.188607903216117201e+00
6.114239223375781407e+00 -3.189224786742181461e+00
6.194689739472831747e+00 -3.170841783570370609e+00
6.275140255569881198e+00 -3.207555411564846803e+00
6.355590771666931538e+00 -3.261209016877126388e+00
6.436041287763980989e+00 -3.280342753534155165e+00
6.516491803861030441e+00 -3.247229717541102456e+00
6.596942319958079892e+00 -3.194916871669612579e+00
6.677392836055131120e+00 -3.168396396441021778e+00
6.757843352152180572e+00 -3.180454909113760387e+00
6.838293868249230023e+00 -3.213692992178600605e+00
6.918744384346279475e+00 -3.237257299002857636e+00
6.999194900443328926e+00 -3.235702258116934793e+00
7.079645416540378378e+00 -3.227092668981534018e+00
7.160095932637429605e+00 -3.203976607799853049e+00
7.240546448734479057e+00 -3.200090278208990835e+00
7.320996964831528508e+00 -3.213881319806100478e+00
7.401447480928577960e+00 -3.243743997928342448e+00
7.481897997025627411e+00 -3.262236894171022694e+00
7.562348513122678639e+00 -3.251397421850915403e+00
7.642799029219728091e+00 -3.233999679651149872e+00
7.723249545316777542e+00 -3.246775723798980273e+00
7.803700061413826994e+00 -3.265380222358305051e+00
7.884150577510876445e+00 -3.248430987058502861e+00
7.964601093607927673e+00 -3.204170138183412231e+00
8.045051609704977125e+00 -3.188968942527642625e+00
8.125502125802025688e+00 -3.210568075162271384e+00
8.205952641899076028e+00 -3.237862604330840721e+00
8.286403157996124591e+00 -3.270113105725974467e+00
8.366853674093176707e+00 -3.289232587783184503e+00
8.447304190190225270e+00 -3.294544424162358265e+00
8.527754706287275610e+00 -3.311340618471236841e+00
8.608205222384324173e+00 -3.314739477384224031e+00
8.688655738481374513e+00 -3.295522478960775103e+00
8.769106254578423076e+00 -3.273380166264070912e+00
8.849556770675475192e+00 -3.257012885462502894e+00
8.930007286772523756e+00 -3.261862017408749370e+00
9.010457802869574095e+00 -3.295159893257643802e+00
9.090908318966622659e+00 -3.316726021839107919e+00
9.171358835063672998e+00 -3.322808816129431797e+00
9.251809351160723338e+00 -3.334732395646503367e+00
9.332259867257773678e+00 -3.328640266879040244e+00
9.412710383354822241e+00 -3.320989043683601150e+00
9.493160899451872581e+00 -3.305878972561380635e+00
9.573611415548921144e+00 -3.286202087298040642e+00
9.654061931645971484e+00 -3.288395379896717152e+00
9.734512447743021823e+00 -3.300103547059055842e+00
9.814962963840072163e+00 -3.320804756544061487e+00
9.895413479937120727e+00 -3.350740829556333011e+00
9.975863996034171066e+00 -3.341706648836905824e+00
1.005631451213121963e+01 -3.328254123840297840e+00
1.013676502822827175e+01 -3.319499936459250566e+00
1.021721554432532031e+01 -3.345066418169194922e+00
1.029766606042237065e+01 -3.358193199341699575e+00
