0.000000000000000000e+00 -1.549019599857431873e-01
8.045051609704977069e-02 -1.857803867382752383e-01
1.609010321940995414e-01 -4.296860312995668396e-01
2.413515482911492982e-01 -1.065123867663637203e+00
3.218020643881990828e-01 -1.597618822394641924e+00
4.022525804852488118e-01 -2.149869272530264830e+00
4.827030965822985964e-01 -2.517549358310286145e+00
5.631536126793483810e-01 -2.779770267050376109e+00
6.436041287763981655e-01 -3.102164422859423620e+00
7.240546448734478391e-01 -3.424740801506655608e+00
8.045051609704976237e-01 -3.641334711948505998e+00
8.849556770675472972e-01 -3.749703022859655732e+00
9.654061931645971928e-01 -3.808928534501675234e+00
1.045856709261647088e+00 -3.839474251989297482e+00
1.126307225358696762e+00 -3.846022005520512543e+00
1.206757741455746435e+00 -3.798775230987263551e+00
1.287208257552796331e+00 -3.757310073195607281e+00
1.367658773649846005e+00 -3.756006639260568658e+00
1.448109289746895678e+00 -3.748423524670330131e+00
1.528559805843945352e+00 -3.655059019885475546e+00
1.609010321940995247e+00 -3.469748476757661848e+00
1.689460838038045143e+00 -3.305261548995527932e+00
1.769911354135094594e+00 -3.243094867979742446e+00
1.850361870232144490e+00 -3.248836168174679795e+00
1.930812386329194386e+00 -3.268054358311768048e+00
2.011262902426244281e+00 -3.279274071871021157e+00
2.091713418523294177e+00 -3.195910170762243929e+00
2.172163934620343628e+00 -3.104553458264097454e+00
2.252614450717393524e+00 -3.034777532822086510e+00
2.333064966814443419e+00 -3.010708411918171734e+00
2.413515482911492871e+00 -3.048250589373961539e+00
2.493965999008542767e+00 -3.090308224530563752e+00
2.574416515105592662e+00 -3.126447301592202521e+00
2.654867031202642558e+00 -3.171894285185638651e+00
2.735317547299692009e+00 -3.205018097600242033e+00
2.815768063396741905e+00 -3.192836814484143471e+00
2.896218579493791356e+00 -3.156399807099308230e+00
2.976669095590841252e+00 -3.119780617751622298e+00
3.057119611687890703e+00 -3.073377953715764832e+00
3.137570127784940599e+00 -3.055000576404736545e+00
3.218020643881990495e+00 -3.058974941204491760e+00
3.298471159979039946e+00 -3.080443965944541063e+00
3.378921676076090286e+00 -3.114600499482985896e+00
3.459372192173139737e+00 -3.139850411851364154e+00
3.539822708270189189e+00 -3.168803483828452894e+00
3.620273224367239528e+00 -3.202175219089212099e+00
3.700723740464288980e+00 -3.209250190883462306e+00
3.781174256561339320e+00 -3.232407144918672426e+00
3.861624772658388771e+00 -3.216680076168204394e+00
3.942075288755438223e+00 -3.207122097884768763e+00
4.022525804852488562e+00 -3.190437079618530181e+00
4.102976320949538014e+00 -3.146646780422606593e+00
4.183426837046588354e+00 -3.115459962977424890e+00
4.263877353143637805e+00 -3.118108611392509388e+00
4.344327869240687257e+00 -3.124277411827289797e+00
4.424778385337737596e+00 -3.115656681678366180e+00
4.505228901434787048e+00 -3.086284106592242171e+00
4.585679417531836499e+00 -3.074625818374383979e+00
4.666129933628886839e+00 -3.102320382502502305e+00
4.746580449725936290e+00 -3.130265796308779436e+00
4.827030965822985742e+00 -3.131762025367882618e+00
4.907481481920036082e+00 -3.135138484860832353e+00
4.987931998017085533e+00 -3.150990070565119705e+00
5.068382514114135873e+00 -3.197660318617906672e+00
5.148833030211185324e+00 -3.210440143829620396e+00
5.229283546308234776e+00 -3.203518349445449775e+00
5.309734062405285115e+00 -3.185324620294946119e+00
5.390184578502334567e+00 -3.183021267460413473e+00
5.470635094599384018e+00 -3.170198983708079954e+00
5.551085610696433470e+00 -3.164270416337914948e+00
5.631536126793483810e+00 -3.175389549420140067e+00
5.711986642890533261e+00 -3.202912771250995050e+00
5.792437158987582713e+00 -3.202799108132373451e+00
5.872887675084633052e+00 -3.172017673958744677e+00
5.953338191181682504e+00 -3.153740890454555412e+00
6.033788707278731955e+00 -3.151453177940685801e+00
6.114239223375781407e+00 -3.164869262720505283e+00
6.194689739472831747e+00 -3.176834400363489408e+00
6.275140255569881198e+00 -3.183794228524017278e+00
6.355590771666931538e+00 -3.200416402747442657e+00
6.436041287763980989e+00 -3.202360782192045008e+00
6.516491803861030441e+00 -3.193228948838001013e+00
6.596942319958079892e+00 -3.190510111107991431e+00
6.677392836055131120e+00 -3.205434786626416344e+00
6.757843352152180572e+00 -3.224920905289225814e+00
6.838293868249230023e+00 -3.238618528763193449e+00
6.918744384346279475e+00 -3.222086426228562672e+00
6.999194900443328926e+00 -3.202642776573106698e+00
7.079645416540378378e+00 -3.214503587243107585e+00
7.160095932637429605e+00 -3.231958964928790756e+00
7.240546448734479057e+00 -3.251781565060250401e+00
7.320996964831528508e+00 -3.272513073489303981e+00
7.401447480928577960e+00 -3.299178296564493351e+00
7.481897997025627411e+00 -3.287242315002892656e+00
7.562348513122678639e+00 -3.271848547896815784e+00
7.642799029219728091e+00 -3.275243044283188798e+00
7.723249545316777542e+00 -3.308587223206740369e+00
7.803700061413826994e+00 -3.333551978290319795e+00
7.884150577510876445e+00 -3.346870942940605165e+00
7.964601093607927673e+00 -3.376347555091825381e+00
8.045051609704977125e+00 -3.363777389681998908e+00
8.125502125802025688e+00 -3.316656388276308931e+00
8.205952641899076028e+00 -3.263522148156328129e+00
8.286403157996124591e+00 -3.235970517777492006e+00
8.366853674093176707e+00 -3.218529411711123167e+00
8.447304190190225270e+00 -3.227049572427274970e+00
8.527754706287275610e+00 -3.241446178512388698e+00
8.608205222384324173e+00 -3.259583573730545414e+00
8.688655738481374513e+00 -3.282448822113035458e+00
8.769106254578423076e+00 -3.288710496788238125e+00
8.849556770675475192e+00 -3.266693178353424099e+00
8.930007286772523756e+00 -3.256876222351955619e+00
9.010457802869574095e+00 -3.262966145389987194e+00
9.090908318966622659e+00 -3.278909017724081387e+00
9.171358835063672998e+00 -3.303220897080395790e+00
9.251809351160723338e+00 -3.310281204840403557e+00
9.332259867257773678e+00 -3.322391551927971420e+00
9.412710383354822241e+00 -3.319362921786233933e+00
9.493160899451872581e+00 -3.321980265817999101e+00
9.573611415548921144e+00 -3.328409490432487239e+00
9.654061931645971484e+00 -3.349494667792307201e+00
9.734512447743021823e+00 -3.350557743200740290e+00
9.814962963840072163e+00 -3.330842399600491888e+00
9.895413479937120727e+00 -3.324154077058535162e+00
9.975863996034171066e+00 -3.338675266754056015e+00
1.005631451213121963e+01 -3.362282976422360736e+00
1.013676502822827175e+01 -3.365651078500954352e+00
1.021721554432532031e+01 -3.357396978856308500e+00
1.029766606042237065e+01 -3.360304317991638978e+00
