0.000000000000000000e+00 -1.549019599857431873e-01
8.045051609704977069e-02 -3.709547202541923494e-01
1.609010321940995414e-01 -9.119622107354510288e-01
2.413515482911492982e-01 -1.902733089517658183e+00
3.218020643881990828e-01 -2.804997428509204749e+00
4.022525804852488118e-01 -4.099607761210109835e+00
4.827030965822985964e-01 -5.060560446955934211e+00
5.631536126793483810e-01 -5.510067029649459158e+00
6.436041287763981655e-01 -5.848405742864911439e+00
7.240546448734478391e-01 -6.205068577073444835e+00
8.045051609704976237e-01 -6.631111087994051800e+00
8.849556770675472972e-01 -7.012297726282622712e+00
9.654061931645971928e-01 -7.184210313492514821e+00
1.045856709261647088e+00 -7.189935667371828210e+00
1.126307225358696762e+00 -7.175801238793336978e+00
1.206757741455746435e+00 -7.250332719312965857e+00
1.287208257552796331e+00 -7.283416965098338913e+00
1.367658773649846005e+00 -7.106716507769874625e+00
1.448109289746895678e+00 -6.916045270810079693e+00
1.528559805843945352e+00 -6.836314151724605992e+00
1.609010321940995247e+00 -6.694396751585799166e+00
1.689460838038045143e+00 -6.564498338777979392e+00
1.769911354135094594e+00 -6.574339090620357595e+00
1.850361870232144490e+00 -6.638302349820974335e+00
1.930812386329194386e+00 -6.542568169636020059e+00
2.011262902426244281e+00 -6.433719613486608147e+00
2.091713418523294177e+00 -6.351771229686650422e+00
2.172163934620343628e+00 -6.234208881128448176e+00
2.252614450717393524e+00 -6.125264415756589642e+00
2.333064966814443419e+00 -6.054114928675548235e+00
2.413515482911492871e+00 -6.047518111687913311e+00
2.493965999008542767e+00 -6.090146493908568992e+00
2.574416515105592662e+00 -6.162614335133736354e+00
2.654867031202642558e+00 -6.247915438896846752e+00
2.735317547299692009e+00 -6.218373502410643461e+00
2.815768063396741905e+00 -6.144596550792288170e+00
2.896218579493791356e+00 -6.137303982486628229e+00
2.976669095590841252e+00 -6.211279954334033349e+00
3.057119611687890703e+00 -6.249499200956441847e+00
3.137570127784940599e+00 -6.298311111281137187e+00
3.218020643881990495e+00 -6.369508096751411053e+00
3.298471159979039946e+00 -6.414959564160566785e+00
3.378921676076090286e+00 -6.341093788119313679e+00
3.459372192173139737e+00 -6.310265828588891068e+00
3.539822708270189189e+00 -6.251988346276136532e+00
3.620273224367239528e+00 -6.291321365784940056e+00
3.700723740464288980e+00 -6.361716871851188060e+00
3.781174256561339320e+00 -6.423511110788477474e+00
3.861624772658388771e+00 -6.418677813129259668e+00
3.942075288755438223e+00 -6.374744905170854459e+00
4.022525804852488562e+00 -6.328647407381926548e+00
4.102976320949538014e+00 -6.339119475823661531e+00
4.183426837046588354e+00 -6.384740426492005128e+00
4.263877353143637805e+00 -6.429162107717108832e+00
4.344327869240687257e+00 -6.412700980212813207e+00
4.424778385337737596e+00 -6.404269898909100256e+00
4.505228901434787048e+00 -6.436960311401406898e+00
4.585679417531836499e+00 -6.417479643414506718e+00
4.666129933628886839e+00 -6.353200911944381524e+00
4.746580449725936290e+00 -6.341574132708318601e+00
4.827030965822985742e+00 -6.320109453029014723e+00
4.907481481920036082e+00 -6.311865779695787104e+00
4.987931998017085533e+00 -6.267142192593836647e+00
5.068382514114135873e+00 -6.209192457303624124e+00
5.148833030211185324e+00 -6.161202505022437492e+00
5.229283546308234776e+00 -6.182476439599692064e+00
5.309734062405285115e+00 -6.244850540649176551e+00
5.390184578502334567e+00 -6.286658603536955603e+00
5.470635094599384018e+00 -6.248834004964130884e+00
5.551085610696433470e+00 -6.233072296304748683e+00
5.631536126793483810e+00 -6.206081380868633701e+00
5.711986642890533261e+00 -6.200070816976090526e+00
5.792437158987582713e+00 -6.271520860555020782e+00
5.872887675084633052e+00 -6.349376374127163380e+00
5.953338191181682504e+00 -6.354100799208582728e+00
6.033788707278731955e+00 -6.310054058094022089e+00
6.114239223375781407e+00 -6.286300023812455784e+00
6.194689739472831747e+00 -6.292879979405455515e+00
6.275140255569881198e+00 -6.321553910387326169e+00
6.355590771666931538e+00 -6.326078962944491124e+00
6.436041287763980989e+00 -6.332783675231402398e+00
6.516491803861030441e+00 -6.376045557819416842e+00
6.596942319958079892e+00 -6.359568779708262731e+00
6.677392836055131120e+00 -6.323042349270177276e+00
6.757843352152180572e+00 -6.299081699217009778e+00
6.838293868249230023e+00 -6.295603546949249285e+00
6.918744384346279475e+00 -6.306842388568547619e+00
6.999194900443328926e+00 -6.382620277566918077e+00
7.079645416540378378e+00 -6.460794165009074774e+00
7.160095932637429605e+00 -6.422660146288897920e+00
7.240546448734479057e+00 -6.361755435357959065e+00
7.320996964831528508e+00 -6.372380751405078314e+00
7.401447480928577960e+00 -6.392948190818234622e+00
7.481897997025627411e+00 -6.455346120664447795e+00
7.562348513122678639e+00 -6.484654607054774367e+00
7.642799029219728091e+00 -6.502900445580746869e+00
7.723249545316777542e+00 -6.476637461525426964e+00
7.803700061413826994e+00 -6.474942868231042148e+00
7.884150577510876445e+00 -6.503093544926296765e+00
7.964601093607927673e+00 -6.541429030644685838e+00
8.045051609704977125e+00 -6.534775749840580517e+00
8.125502125802025688e+00 -6.512213350861095762e+00
8.205952641899076028e+00 -6.460739070909324866e+00
8.286403157996124591e+00 -6.459390182632640531e+00
8.366853674093176707e+00 -6.547943045612137247e+00
8.447304190190225270e+00 -6.640122180977594546e+00
8.527754706287275610e+00 -6.618999501292925025e+00
8.608205222384324173e+00 -6.609617564808382362e+00
8.688655738481374513e+00 -6.579245112890641956e+00
8.769106254578423076e+00 -6.535388557325911840e+00
8.849556770675475192e+00 -6.534121711836935908e+00
8.930007286772523756e+00 -6.581304579407098565e+00
9.010457802869574095e+00 -6.625108690290607782e+00
9.090908318966622659e+00 -6.636958769425525873e+00
9.171358835063672998e+00 -6.661209104450877660e+00
9.251809351160723338e+00 -6.669212384393841120e+00
9.332259867257773678e+00 -6.614197395948536062e+00
9.412710383354822241e+00 -6.513254229983052923e+00
9.493160899451872581e+00 -6.456920484460879628e+00
9.573611415548921144e+00 -6.484554638928997861e+00
9.654061931645971484e+00 -6.539791207165560394e+00
9.734512447743021823e+00 -6.545597837945072328e+00
9.814962963840072163e+00 -6.506021394680822745e+00
9.895413479937120727e+00 -6.521952465031560564e+00
9.975863996034171066e+00 -6.534230592216587752e+00
1.005631451213121963e+01 -6.573397448195030357e+00
1.013676502822827175e+01 -6.603198139569135705e+00
1.021721554432532031e+01 -6.628745867063107866e+00
1.029766606042237065e+01 -6.640392669464135977e+00
