0.000000000000000000e+00 -1.549019599857431873e-01
8.045051609704977069e-02 -1.817270186381283181e-01
1.609010321940995414e-01 -4.239509938397039157e-01
2.413515482911492982e-01 -1.025884572007703222e+00
3.218020643881990828e-01 -1.666233917690758348e+00
4.022525804852488118e-01 -2.329990539813131978e+00
4.827030965822985964e-01 -2.728760409060838832e+00
5.631536126793483810e-01 -3.011980815709519810e+00
6.436041287763981655e-01 -3.238334699538635952e+00
7.240546448734478391e-01 -3.406860424730427273e+00
8.045051609704976237e-01 -3.480931480749973161e+00
8.849556770675472972e-01 -3.494701802280733016e+00
9.654061931645971928e-01 -3.511190659502151590e+00
1.045856709261647088e+00 -3.570351336713379453e+00
1.126307225358696762e+00 -3.634544024433964182e+00
1.206757741455746435e+00 -3.666929402682765016e+00
1.287208257552796331e+00 -3.624227674812681155e+00
1.367658773649846005e+00 -3.581033823639656610e+00
1.448109289746895678e+00 -3.530339296894933643e+00
1.528559805843945352e+00 -3.494989898459967215e+00
1.609010321940995247e+00 -3.466455967614244571e+00
1.689460838038045143e+00 -3.404071665413357373e+00
1.769911354135094594e+00 -3.319932032575192871e+00
1.850361870232144490e+00 -3.241449591221149618e+00
1.930812386329194386e+00 -3.187747744707923214e+00
2.011262902426244281e+00 -3.140042881868385649e+00
2.091713418523294177e+00 -3.079569275700898778e+00
2.172163934620343628e+00 -3.035698988541916332e+00
2.252614450717393524e+00 -2.992321750045968010e+00
2.333064966814443419e+00 -2.948275712288117578e+00
2.413515482911492871e+00 -2.939186145368699155e+00
2.493965999008542767e+00 -2.993107858542858324e+00
2.574416515105592662e+00 -3.066941852826398751e+00
2.654867031202642558e+00 -3.090438691510449143e+00
2.735317547299692009e+00 -3.070212530942836526e+00
2.815768063396741905e+00 -3.056761543301564021e+00
2.896218579493791356e+00 -3.096687454242640580e+00
2.976669095590841252e+00 -3.151222525780839501e+00
3.057119611687890703e+00 -3.171882224500543135e+00
3.137570127784940599e+00 -3.170327196904449973e+00
3.218020643881990495e+00 -3.168275032341962838e+00
3.298471159979039946e+00 -3.159879178393270482e+00
3.378921676076090286e+00 -3.145090128476909719e+00
3.459372192173139737e+00 -3.125519734783363646e+00
3.539822708270189189e+00 -3.107296949989641455e+00
3.620273224367239528e+00 -3.103562942538148572e+00
3.700723740464288980e+00 -3.079465748078603404e+00
3.781174256561339320e+00 -3.067647981537485080e+00
3.861624772658388771e+00 -3.075919170141157011e+00
3.942075288755438223e+00 -3.075276349740507342e+00
4.022525804852488562e+00 -3.098456173906210420e+00
4.102976320949538014e+00 -3.130816354191124695e+00
4.183426837046588354e+00 -3.160243490037059733e+00
4.263877353143637805e+00 -3.173306238721699923e+00
4.344327869240687257e+00 -3.163554203481779847e+00
4.424778385337737596e+00 -3.134817942978507688e+00
4.505228901434787048e+00 -3.124754297445823337e+00
4.585679417531836499e+00 -3.135265265549497471e+00
4.666129933628886839e+00 -3.136436392469427847e+00
4.746580449725936290e+00 -3.128082498509578535e+00
4.827030965822985742e+00 -3.135727883364666901e+00
4.907481481920036082e+00 -3.134634304880995259e+00
4.987931998017085533e+00 -3.132159613308506785e+00
5.068382514114135873e+00 -3.134294342938310773e+00
5.148833030211185324e+00 -3.167082580894970967e+00
5.229283546308234776e+00 -3.197019017910945227e+00
5.309734062405285115e+00 -3.185103606884452265e+00
5.390184578502334567e+00 -3.147616356041546215e+00
5.470635094599384018e+00 -3.138050528588878230e+00
5.551085610696433470e+00 -3.134103093757897085e+00
5.631536126793483810e+00 -3.149711976415612735e+00
5.711986642890533261e+00 -3.165374299654292400e+00
5.792437158987582713e+00 -3.193905501027923588e+00
5.872887675084633052e+00 -3.225021382045913043e+00
5.953338191181682504e+00 -3.214093873230804199e+00
6.033788707278731955e+00 -3.176321859801547021e+00
6.114239223375781407e+00 -3.133899666276463769e+00
6.194689739472831747e+00 -3.088195719282129215e+00
6.275140255569881198e+00 -3.090664996690945632e+00
6.355590771666931538e+00 -3.129245519932774222e+00
6.436041287763980989e+00 -3.154194241278910571e+00
6.516491803861030441e+00 -3.153049036355985546e+00
6.596942319958079892e+00 -3.137956147510297722e+00
6.677392836055131120e+00 -3.126358343528465422e+00
6.757843352152180572e+00 -3.131621146007257384e+00
6.838293868249230023e+00 -3.159713523945927971e+00
6.918744384346279475e+00 -3.204148345980028179e+00
6.999194900443328926e+00 -3.230587533657543808e+00
7.079645416540378378e+00 -3.212658497101895438e+00
7.160095932637429605e+00 -3.186179224607235128e+00
7.240546448734479057e+00 -3.167946736847211842e+00
7.320996964831528508e+00 -3.162267874758348363e+00
7.401447480928577960e+00 -3.181819830691668738e+00
7.481897997025627411e+00 -3.205113933376104285e+00
7.562348513122678639e+00 -3.238746843229472372e+00
7.642799029219728091e+00 -3.250685123320998571e+00
7.723249545316777542e+00 -3.246019072088263790e+00
7.803700061413826994e+00 -3.236942288528935840e+00
7.884150577510876445e+00 -3.224264612638573002e+00
7.964601093607927673e+00 -3.206323747506999222e+00
8.045051609704977125e+00 -3.174176727190816560e+00
8.125502125802025688e+00 -3.176927222310260479e+00
8.205952641899076028e+00 -3.204507379748521512e+00
8.286403157996124591e+00 -3.259144235214095797e+00
8.366853674093176707e+00 -3.290044585343759209e+00
8.447304190190225270e+00 -3.264493194825958344e+00
8.527754706287275610e+00 -3.243984199418814107e+00
8.608205222384324173e+00 -3.213963070034366876e+00
8.688655738481374513e+00 -3.231937766663385059e+00
8.769106254578423076e+00 -3.261644565849796340e+00
8.849556770675475192e+00 -3.272027735958826788e+00
8.930007286772523756e+00 -3.267210672188444853e+00
9.010457802869574095e+00 -3.266059559963794268e+00
9.090908318966622659e+00 -3.289377705733482760e+00
9.171358835063672998e+00 -3.315927079059996618e+00
9.251809351160723338e+00 -3.299959740069675629e+00
9.332259867257773678e+00 -3.292239180018159406e+00
9.412710383354822241e+00 -3.321689722936152389e+00
9.493160899451872581e+00 -3.347433774445793375e+00
9.573611415548921144e+00 -3.322590520307827422e+00
9.654061931645971484e+00 -3.288111086547260253e+00
9.734512447743021823e+00 -3.258057520868273382e+00
9.814962963840072163e+00 -3.249724474253390838e+00
9.895413479937120727e+00 -3.293872262045414168e+00
9.975863996034171066e+00 -3.329535852190260048e+00
1.005631451213121963e+01 -3.321668814057609609e+00
1.013676502822827175e+01 -3.318607619551555032e+00
1.021721554432532031e+01 -3.334801622242009156e+00
1.029766606042237065e+01 -3.350648104300842700e+00
