0.000000000000000000e+00 -1.549019599857431873e-01
8.045051609704977069e-02 -1.841613421997181366e-01
1.609010321940995414e-01 -4.409841583392181685e-01
2.413515482911492982e-01 -1.054960486862829061e+00
3.218020643881990828e-01 -1.756989016005005233e+00
4.022525804852488118e-01 -2.251286075067014281e+00
4.827030965822985964e-01 -2.550348641851880149e+00
5.631536126793483810e-01 -2.787633778931249751e+00
6.436041287763981655e-01 -3.032028773401875821e+00
7.240546448734478391e-01 -3.386165718304131822e+00
8.045051609704976237e-01 -3.567261226562148835e+00
8.849556770675472972e-01 -3.608436591458808795e+00
9.654061931645971928e-01 -3.654871308598113266e+00
1.045856709261647088e+00 -3.689786875292245583e+00
1.126307225358696762e+00 -3.663869675993773001e+00
1.206757741455746435e+00 -3.594087772385277990e+00
1.287208257552796331e+00 -3.519522594716011810e+00
1.367658773649846005e+00 -3.488752497138949860e+00
1.448109289746895678e+00 -3.491345548081201233e+00
1.528559805843945352e+00 -3.505470989520159897e+00
1.609010321940995247e+00 -3.489803763954558491e+00
1.689460838038045143e+00 -3.385867902622361925e+00
1.769911354135094594e+00 -3.280439343549559350e+00
1.850361870232144490e+00 -3.173457378254661343e+00
1.930812386329194386e+00 -3.114971898764192115e+00
2.011262902426244281e+00 -3.092286255572323395e+00
2.091713418523294177e+00 -3.091587937769990191e+00
2.172163934620343628e+00 -3.067181060055656605e+00
2.252614450717393524e+00 -3.057291732983399513e+00
2.333064966814443419e+00 -3.073656154363388016e+00
2.413515482911492871e+00 -3.070826686895158364e+00
2.493965999008542767e+00 -3.039380687552693416e+00
2.574416515105592662e+00 -2.998525389851743661e+00
2.654867031202642558e+00 -3.010104089199970634e+00
2.735317547299692009e+00 -3.065747281482240183e+00
2.815768063396741905e+00 -3.115251067828873399e+00
2.896218579493791356e+00 -3.134116690949240169e+00
2.976669095590841252e+00 -3.132308719256950980e+00
3.057119611687890703e+00 -3.136843012491757232e+00
3.137570127784940599e+00 -3.138674100727035565e+00
3.218020643881990495e+00 -3.150944775455843061e+00
3.298471159979039946e+00 -3.133993271476320785e+00
3.378921676076090286e+00 -3.131973430438135697e+00
3.459372192173139737e+00 -3.146517880287202029e+00
3.539822708270189189e+00 -3.171746357814930306e+00
3.620273224367239528e+00 -3.164201542268950007e+00
3.700723740464288980e+00 -3.114287966570996602e+00
3.781174256561339320e+00 -3.087715844079685468e+00
3.861624772658388771e+00 -3.096909083629358239e+00
3.942075288755438223e+00 -3.099858903602202620e+00
4.022525804852488562e+00 -3.110190587097082737e+00
4.102976320949538014e+00 -3.091923960368793800e+00
4.183426837046588354e+00 -3.063030481996952048e+00
4.263877353143637805e+00 -3.078777946408799870e+00
4.344327869240687257e+00 -3.133637042803499639e+00
4.424778385337737596e+00 -3.159155354727777976e+00
4.505228901434787048e+00 -3.150127226942100567e+00
4.585679417531836499e+00 -3.140868293444598169e+00
4.666129933628886839e+00 -3.139514502315270850e+00
4.746580449725936290e+00 -3.128682959280232545e+00
4.827030965822985742e+00 -3.122078505248834457e+00
4.907481481920036082e+00 -3.093953742145947761e+00
4.987931998017085533e+00 -3.077333771867186485e+00
5.068382514114135873e+00 -3.096867245604665975e+00
5.148833030211185324e+00 -3.115236873114623606e+00
5.229283546308234776e+00 -3.110152315097888476e+00
5.309734062405285115e+00 -3.098097072481575509e+00
5.390184578502334567e+00 -3.111726816121355821e+00
5.470635094599384018e+00 -3.098020286181458971e+00
5.551085610696433470e+00 -3.112289925985887606e+00
5.631536126793483810e+00 -3.159618570017450612e+00
5.711986642890533261e+00 -3.210833238337924112e+00
5.792437158987582713e+00 -3.192898255078480130e+00
5.872887675084633052e+00 -3.174706308821316547e+00
5.953338191181682504e+00 -3.169783326645911448e+00
6.033788707278731955e+00 -3.168970075303960243e+00
6.114239223375781407e+00 -3.173627686977789075e+00
6.194689739472831747e+00 -3.163841095923386249e+00
6.275140255569881198e+00 -3.152272791493347270e+00
6.355590771666931538e+00 -3.163513344106762215e+00
6.436041287763980989e+00 -3.168711175218168030e+00
6.516491803861030441e+00 -3.167630266127718919e+00
6.596942319958079892e+00 -3.164559100229226374e+00
6.677392836055131120e+00 -3.185051992521067632e+00
6.757843352152180572e+00 -3.174038544705528153e+00
6.838293868249230023e+00 -3.160181400541778096e+00
6.918744384346279475e+00 -3.139852461718115162e+00
6.999194900443328926e+00 -3.142183450345208406e+00
7.079645416540378378e+00 -3.168260400214525152e+00
7.160095932637429605e+00 -3.193288524918225235e+00
7.240546448734479057e+00 -3.218304592583246304e+00
7.320996964831528508e+00 -3.231503251823312439e+00
7.401447480928577960e+00 -3.230497841149434279e+00
7.481897997025627411e+00 -3.214079871516500209e+00
7.562348513122678639e+00 -3.205451765150241439e+00
7.642799029219728091e+00 -3.212238488666431024e+00
7.723249545316777542e+00 -3.214277561344459411e+00
7.803700061413826994e+00 -3.195215782069705135e+00
7.884150577510876445e+00 -3.185531810508659412e+00
7.964601093607927673e+00 -3.197894525211070871e+00
8.045051609704977125e+00 -3.199371403682990334e+00
8.125502125802025688e+00 -3.181683198429393844e+00
8.205952641899076028e+00 -3.196063220924742154e+00
8.286403157996124591e+00 -3.212531837847516059e+00
8.366853674093176707e+00 -3.201035711586656785e+00
8.447304190190225270e+00 -3.189298926307444937e+00
8.527754706287275610e+00 -3.187901424453440491e+00
8.608205222384324173e+00 -3.207883081033864769e+00
8.688655738481374513e+00 -3.209586833442998000e+00
8.769106254578423076e+00 -3.225026954393865886e+00
8.849556770675475192e+00 -3.240716014746436446e+00
8.930007286772523756e+00 -3.236668947832085141e+00
9.010457802869574095e+00 -3.229412479629905519e+00
9.090908318966622659e+00 -3.221492910064854165e+00
9.171358835063672998e+00 -3.212952787996766979e+00
9.251809351160723338e+00 -3.215331810503806231e+00
9.332259867257773678e+00 -3.228492025464681170e+00
9.412710383354822241e+00 -3.246995292234736930e+00
9.493160899451872581e+00 -3.256701136014855003e+00
9.573611415548921144e+00 -3.278618022437899793e+00
9.654061931645971484e+00 -3.287181116986618967e+00
9.734512447743021823e+00 -3.296038905038412459e+00
9.814962963840072163e+00 -3.287252387978716772e+00
9.895413479937120727e+00 -3.261364077914265192e+00
9.975863996034171066e+00 -3.265581629794137797e+00
1.005631451213121963e+01 -3.286175217152712325e+00
1.013676502822827175e+01 -3.297997772541564565e+00
1.021721554432532031e+01 -3.307022499718254238e+00
1.029766606042237065e+01 -3.300540190742060620e+00
