0.000000000000000000e+00 -1.549019599857431873e-01
8.045051609704977069e-02 -2.117421047061350814e-01
1.609010321940995414e-01 -6.039882755058908481e-01
2.413515482911492982e-01 -2.299284214463777065e+00
3.218020643881990828e-01 -2.579801648921563384e+00
4.022525804852488118e-01 -2.478789712004541901e+00
4.827030965822985964e-01 -2.694571438666017560e+00
5.631536126793483810e-01 -3.130545907700833297e+00
6.436041287763981655e-01 -3.429532475700437733e+00
7.240546448734478391e-01 -3.549144842099128727e+00
8.045051609704976237e-01 -3.668304025123923839e+00
8.849556770675472972e-01 -3.694751410751165643e+00
9.654061931645971928e-01 -3.634324245205805770e+00
1.045856709261647088e+00 -3.587145816185542291e+00
1.126307225358696762e+00 -3.622969659543448628e+00
1.206757741455746435e+00 -3.671823016526297501e+00
1.287208257552796331e+00 -3.639478047097378877e+00
1.367658773649846005e+00 -3.523147710495913021e+00
1.448109289746895678e+00 -3.476538416629940897e+00
1.528559805843945352e+00 -3.440751248554363873e+00
1.609010321940995247e+00 -3.332474946144333927e+00
1.689460838038045143e+00 -3.176154641105189302e+00
1.769911354135094594e+00 -3.067041748260173950e+00
1.850361870232144490e+00 -2.971472625124749634e+00
1.930812386329194386e+00 -2.915702961131414472e+00
2.011262902426244281e+00 -2.917626217055143911e+00
2.091713418523294177e+00 -2.972030815767829015e+00
2.172163934620343628e+00 -3.037844197164399684e+00
2.252614450717393524e+00 -3.123940634333510769e+00
2.333064966814443419e+00 -3.202718386263625483e+00
2.413515482911492871e+00 -3.228863142931869046e+00
2.493965999008542767e+00 -3.230157357415603503e+00
2.574416515105592662e+00 -3.272955215930383410e+00
2.654867031202642558e+00 -3.340033679435829406e+00
2.735317547299692009e+00 -3.383768709315133627e+00
2.815768063396741905e+00 -3.375442965630691017e+00
2.896218579493791356e+00 -3.374132933708641868e+00
2.976669095590841252e+00 -3.421256944522274690e+00
3.057119611687890703e+00 -3.466008060136864355e+00
3.137570127784940599e+00 -3.480270524852182579e+00
3.218020643881990495e+00 -3.453292293638169141e+00
3.298471159979039946e+00 -3.421686740879365640e+00
3.378921676076090286e+00 -3.419586298826028159e+00
3.459372192173139737e+00 -3.427773104850922792e+00
3.539822708270189189e+00 -3.386727871591999506e+00
3.620273224367239528e+00 -3.334623666188566649e+00
3.700723740464288980e+00 -3.370245984706681686e+00
3.781174256561339320e+00 -3.429307142814562948e+00
3.861624772658388771e+00 -3.410059848666198601e+00
3.942075288755438223e+00 -3.389706839114367654e+00
4.022525804852488562e+00 -3.379594600503663226e+00
4.102976320949538014e+00 -3.371313725474603284e+00
4.183426837046588354e+00 -3.369584948990903772e+00
4.263877353143637805e+00 -3.380983976580171024e+00
4.344327869240687257e+00 -3.381162174630684358e+00
4.424778385337737596e+00 -3.383350170729572337e+00
4.505228901434787048e+00 -3.371419870587259116e+00
4.585679417531836499e+00 -3.360456898939549575e+00
4.666129933628886839e+00 -3.355668682388093682e+00
4.746580449725936290e+00 -3.402062694334210935e+00
4.827030965822985742e+00 -3.457696027578077924e+00
4.907481481920036082e+00 -3.493552923843581404e+00
4.987931998017085533e+00 -3.472192017768627181e+00
5.068382514114135873e+00 -3.451214704165650904e+00
5.148833030211185324e+00 -3.445752879986453632e+00
5.229283546308234776e+00 -3.467970538405232617e+00
5.309734062405285115e+00 -3.459460985053377957e+00
5.390184578502334567e+00 -3.445519185124986450e+00
5.470635094599384018e+00 -3.449118775130856296e+00
5.551085610696433470e+00 -3.443698385248290084e+00
5.631536126793483810e+00 -3.434434037560075925e+00
5.711986642890533261e+00 -3.424856599252814604e+00
5.792437158987582713e+00 -3.431375914987015552e+00
5.872887675084633052e+00 -3.425295033110128617e+00
5.953338191181682504e+00 -3.377722155920547920e+00
6.033788707278731955e+00 -3.345044101034079453e+00
6.114239223375781407e+00 -3.353709416056517512e+00
6.194689739472831747e+00 -3.370367799385708185e+00
6.275140255569881198e+00 -3.362935747137249187e+00
6.355590771666931538e+00 -3.354855598700293040e+00
6.436041287763980989e+00 -3.341430042835619396e+00
6.516491803861030441e+00 -3.325720580754148781e+00
6.596942319958079892e+00 -3.325416433217326162e+00
6.677392836055131120e+00 -3.368480963717322307e+00
6.757843352152180572e+00 -3.424283724699885845e+00
6.838293868249230023e+00 -3.417901078682321625e+00
6.918744384346279475e+00 -3.396158224833795369e+00
6.999194900443328926e+00 -3.383069247804766810e+00
7.079645416540378378e+00 -3.365785890670307534e+00
7.160095932637429605e+00 -3.355113909490283763e+00
7.240546448734479057e+00 -3.376669966827273495e+00
7.320996964831528508e+00 -3.417855636428853039e+00
7.401447480928577960e+00 -3.458481416367311212e+00
7.481897997025627411e+00 -3.458290694531721332e+00
7.562348513122678639e+00 -3.438342286174157714e+00
7.642799029219728091e+00 -3.402813707597916792e+00
7.723249545316777542e+00 -3.381732123757855923e+00
7.803700061413826994e+00 -3.412098749026738265e+00
7.884150577510876445e+00 -3.469266764515106960e+00
7.964601093607927673e+00 -3.495563849292052883e+00
8.045051609704977125e+00 -3.463579107228272225e+00
8.125502125802025688e+00 -3.459600397835751462e+00
8.205952641899076028e+00 -3.478923925437542586e+00
8.286403157996124591e+00 -3.486744069752067521e+00
8.366853674093176707e+00 -3.474717183249323771e+00
8.447304190190225270e+00 -3.463668393790096278e+00
8.527754706287275610e+00 -3.462394495284503382e+00
8.608205222384324173e+00 -3.467547969600820235e+00
8.688655738481374513e+00 -3.466190628038238852e+00
8.769106254578423076e+00 -3.459923335992721949e+00
8.849556770675475192e+00 -3.460635902759292559e+00
8.930007286772523756e+00 -3.470093729080073075e+00
9.010457802869574095e+00 -3.470136333653864646e+00
9.090908318966622659e+00 -3.467291677669012362e+00
9.171358835063672998e+00 -3.459294504026077188e+00
9.251809351160723338e+00 -3.456661094848266114e+00
9.332259867257773678e+00 -3.448455138237692896e+00
9.412710383354822241e+00 -3.454171635724270217e+00
9.493160899451872581e+00 -3.474617537817433988e+00
9.573611415548921144e+00 -3.517050061000306815e+00
9.654061931645971484e+00 -3.550191790738647768e+00
9.734512447743021823e+00 -3.559068671394405747e+00
9.814962963840072163e+00 -3.537964192638408889e+00
9.895413479937120727e+00 -3.519508822952564397e+00
9.975863996034171066e+00 -3.502242539484010209e+00
1.005631451213121963e+01 -3.518392847699795656e+00
1.013676502822827175e+01 -3.534565620077483761e+00
1.021721554432532031e+01 -3.535753042001019253e+00
1.029766606042237065e+01 -3.536265655673683561e+00
