0.000000000000000000e+00 -1.549019599857431873e-01
8.045051609704977069e-02 -1.968338445860979558e-01
1.609010321940995414e-01 -5.821300459906588731e-01
2.413515482911492982e-01 -1.965879455519163432e+00
3.218020643881990828e-01 -2.313808201514624407e+00
4.022525804852488118e-01 -2.137710876835843710e+00
4.827030965822985964e-01 -2.338073851271540438e+00
5.631536126793483810e-01 -2.731621007725519412e+00
6.436041287763981655e-01 -3.162065485883515326e+00
7.240546448734478391e-01 -3.364161857879072848e+00
8.045051609704976237e-01 -3.384261103395148851e+00
8.849556770675472972e-01 -3.405391035680061407e+00
9.654061931645971928e-01 -3.392507545564575455e+00
1.045856709261647088e+00 -3.389782087787727161e+00
1.126307225358696762e+00 -3.448845715687406610e+00
1.206757741455746435e+00 -3.564727298259937172e+00
1.287208257552796331e+00 -3.538577496832640001e+00
1.367658773649846005e+00 -3.435895484997795180e+00
1.448109289746895678e+00 -3.393167295223626478e+00
1.528559805843945352e+00 -3.400233740544160277e+00
1.609010321940995247e+00 -3.367089771750393368e+00
1.689460838038045143e+00 -3.225587697681476129e+00
1.769911354135094594e+00 -3.076433617428873557e+00
1.850361870232144490e+00 -2.950400795324567227e+00
1.930812386329194386e+00 -2.882884446810928480e+00
2.011262902426244281e+00 -2.910727950916000673e+00
2.091713418523294177e+00 -3.003946585275618641e+00
2.172163934620343628e+00 -3.112198261421568191e+00
2.252614450717393524e+00 -3.137764523623928881e+00
2.333064966814443419e+00 -3.163610416068294739e+00
2.413515482911492871e+00 -3.180041267150269135e+00
2.493965999008542767e+00 -3.196785513662246725e+00
2.574416515105592662e+00 -3.216407883066412232e+00
2.654867031202642558e+00 -3.235513121117862489e+00
2.735317547299692009e+00 -3.265667537282402222e+00
2.815768063396741905e+00 -3.304473961865587395e+00
2.896218579493791356e+00 -3.337347401608655950e+00
2.976669095590841252e+00 -3.364811577506572338e+00
3.057119611687890703e+00 -3.376035267849498478e+00
3.137570127784940599e+00 -3.398757706344677221e+00
3.218020643881990495e+00 -3.431934812785184086e+00
3.298471159979039946e+00 -3.417070488927542726e+00
3.378921676076090286e+00 -3.345569121469015528e+00
3.459372192173139737e+00 -3.302741519053040697e+00
3.539822708270189189e+00 -3.325506717133763779e+00
3.620273224367239528e+00 -3.354682891791378463e+00
3.700723740464288980e+00 -3.336646364743462101e+00
3.781174256561339320e+00 -3.300850148739090884e+00
3.861624772658388771e+00 -3.304873289126427860e+00
3.942075288755438223e+00 -3.359023882933738658e+00
4.022525804852488562e+00 -3.384225650838700528e+00
4.102976320949538014e+00 -3.364247586742829643e+00
4.183426837046588354e+00 -3.315616468552448737e+00
4.263877353143637805e+00 -3.334521795341685912e+00
4.344327869240687257e+00 -3.396875090879235781e+00
4.424778385337737596e+00 -3.459258942977011753e+00
4.505228901434787048e+00 -3.489166511587890263e+00
4.585679417531836499e+00 -3.487538427391220441e+00
4.666129933628886839e+00 -3.473841193372209091e+00
4.746580449725936290e+00 -3.470983158418655901e+00
4.827030965822985742e+00 -3.490240422242577800e+00
4.907481481920036082e+00 -3.491040968025606706e+00
4.987931998017085533e+00 -3.462518425980173564e+00
5.068382514114135873e+00 -3.438644505761196513e+00
5.148833030211185324e+00 -3.421671927554623682e+00
5.229283546308234776e+00 -3.411823052778407472e+00
5.309734062405285115e+00 -3.373026342511113995e+00
5.390184578502334567e+00 -3.340739704086462147e+00
5.470635094599384018e+00 -3.330962173543778437e+00
5.551085610696433470e+00 -3.326908671530574235e+00
5.631536126793483810e+00 -3.339076744040769817e+00
5.711986642890533261e+00 -3.344499941183793901e+00
5.792437158987582713e+00 -3.368152100655726233e+00
5.872887675084633052e+00 -3.392560448000024653e+00
5.953338191181682504e+00 -3.388127537400706046e+00
6.033788707278731955e+00 -3.367276163747001227e+00
6.114239223375781407e+00 -3.373306955473411861e+00
6.194689739472831747e+00 -3.415026569752552810e+00
6.275140255569881198e+00 -3.417180190712981069e+00
6.355590771666931538e+00 -3.369952554034569836e+00
6.436041287763980989e+00 -3.327168744727810434e+00
6.516491803861030441e+00 -3.321204290212683041e+00
6.596942319958079892e+00 -3.347298443636464782e+00
6.677392836055131120e+00 -3.400691012348809217e+00
6.757843352152180572e+00 -3.423075757534025598e+00
6.838293868249230023e+00 -3.404383352787722306e+00
6.918744384346279475e+00 -3.382283909595571458e+00
6.999194900443328926e+00 -3.373255656637764499e+00
7.079645416540378378e+00 -3.375460744537802871e+00
7.160095932637429605e+00 -3.360868332517481516e+00
7.240546448734479057e+00 -3.363244994440917068e+00
7.320996964831528508e+00 -3.394684976108375718e+00
7.401447480928577960e+00 -3.407816519329322613e+00
7.481897997025627411e+00 -3.403714453670902085e+00
7.562348513122678639e+00 -3.407180386712628462e+00
7.642799029219728091e+00 -3.426747331438611877e+00
7.723249545316777542e+00 -3.434308895699124342e+00
7.803700061413826994e+00 -3.425197970633210964e+00
7.884150577510876445e+00 -3.427950265542960562e+00
7.964601093607927673e+00 -3.438365347838555852e+00
8.045051609704977125e+00 -3.423483552233372862e+00
8.125502125802025688e+00 -3.412214861206766425e+00
8.205952641899076028e+00 -3.412841657682871066e+00
8.286403157996124591e+00 -3.409446249727264622e+00
8.366853674093176707e+00 -3.397527745708215807e+00
8.447304190190225270e+00 -3.385279335117636013e+00
8.527754706287275610e+00 -3.395365333993270784e+00
8.608205222384324173e+00 -3.409854189924374612e+00
8.688655738481374513e+00 -3.447170612312003612e+00
8.769106254578423076e+00 -3.462818978648842805e+00
8.849556770675475192e+00 -3.433799876310768440e+00
8.930007286772523756e+00 -3.439656938904253280e+00
9.010457802869574095e+00 -3.458988127310328231e+00
9.090908318966622659e+00 -3.460738277185962275e+00
9.171358835063672998e+00 -3.427965718294577080e+00
9.251809351160723338e+00 -3.429416923750323143e+00
9.332259867257773678e+00 -3.446596860854835853e+00
9.412710383354822241e+00 -3.446271822217808367e+00
9.493160899451872581e+00 -3.434390861426552366e+00
9.573611415548921144e+00 -3.445764712476762082e+00
9.654061931645971484e+00 -3.490195204564691345e+00
9.734512447743021823e+00 -3.528447145091410775e+00
9.814962963840072163e+00 -3.538171562885541022e+00
9.895413479937120727e+00 -3.546741364476651448e+00
9.975863996034171066e+00 -3.532938163549796506e+00
1.005631451213121963e+01 -3.504673512816342207e+00
1.013676502822827175e+01 -3.500237444371288476e+00
1.021721554432532031e+01 -3.528677344873856203e+00
1.029766606042237065e+01 -3.554201392029868067e+00
