0.000000000000000000e+00 -1.549019599857431873e-01
8.045051609704977069e-02 -3.950686464312799795e-01
1.609010321940995414e-01 -1.290145822242294127e+00
2.413515482911492982e-01 -4.275980260304285352e+00
3.218020643881990828e-01 -4.601842714578873839e+00
4.022525804852488118e-01 -4.197133176634120666e+00
4.827030965822985964e-01 -4.767881595036678632e+00
5.631536126793483810e-01 -6.000505743160169381e+00
6.436041287763981655e-01 -6.715762856895715061e+00
7.240546448734478391e-01 -6.993450165729433898e+00
8.045051609704976237e-01 -7.177384969093520084e+00
8.849556770675472972e-01 -7.207005324347713682e+00
9.654061931645971928e-01 -7.127642599019904601e+00
1.045856709261647088e+00 -7.015431058394248076e+00
1.126307225358696762e+00 -7.034778486082852389e+00
1.206757741455746435e+00 -7.029683161929043855e+00
1.287208257552796331e+00 -6.934869149964207224e+00
1.367658773649846005e+00 -6.869498317423808231e+00
1.448109289746895678e+00 -6.891768216827790283e+00
1.528559805843945352e+00 -6.781133254385554920e+00
1.609010321940995247e+00 -6.589712467165327325e+00
1.689460838038045143e+00 -6.479786855072059204e+00
1.769911354135094594e+00 -6.229898774332521150e+00
1.850361870232144490e+00 -5.973856266253863012e+00
1.930812386329194386e+00 -5.768279946104912348e+00
2.011262902426244281e+00 -5.716967161597448666e+00
2.091713418523294177e+00 -5.716418650796911471e+00
2.172163934620343628e+00 -5.770524271932881533e+00
2.252614450717393524e+00 -5.884832555535737697e+00
2.333064966814443419e+00 -6.075069306689134585e+00
2.413515482911492871e+00 -6.331912576005930937e+00
2.493965999008542767e+00 -6.540873000099078460e+00
2.574416515105592662e+00 -6.620119738804413956e+00
2.654867031202642558e+00 -6.625237514130205341e+00
2.735317547299692009e+00 -6.646540373456271134e+00
2.815768063396741905e+00 -6.660790333135786945e+00
2.896218579493791356e+00 -6.718313488235307496e+00
2.976669095590841252e+00 -6.859991983147856409e+00
3.057119611687890703e+00 -6.828407450589724093e+00
3.137570127784940599e+00 -6.692639113560866271e+00
3.218020643881990495e+00 -6.609948178839699651e+00
3.298471159979039946e+00 -6.668964939437879380e+00
3.378921676076090286e+00 -6.641612722250870071e+00
3.459372192173139737e+00 -6.661766964050093165e+00
3.539822708270189189e+00 -6.727487954917314106e+00
3.620273224367239528e+00 -6.776534455725373718e+00
3.700723740464288980e+00 -6.740195569661539210e+00
3.781174256561339320e+00 -6.731421273441910991e+00
3.861624772658388771e+00 -6.712348473478408017e+00
3.942075288755438223e+00 -6.676750314343191661e+00
4.022525804852488562e+00 -6.649044313045987309e+00
4.102976320949538014e+00 -6.591843918329847618e+00
4.183426837046588354e+00 -6.558384356861909126e+00
4.263877353143637805e+00 -6.576350980674705582e+00
4.344327869240687257e+00 -6.668585554056784659e+00
4.424778385337737596e+00 -6.705342370102094662e+00
4.505228901434787048e+00 -6.708024395789065508e+00
4.585679417531836499e+00 -6.742677363374643740e+00
4.666129933628886839e+00 -6.745058794593165707e+00
4.746580449725936290e+00 -6.771745309617174691e+00
4.827030965822985742e+00 -6.783194074835790843e+00
4.907481481920036082e+00 -6.715238394990826976e+00
4.987931998017085533e+00 -6.634707978375129045e+00
5.068382514114135873e+00 -6.639223901598075628e+00
5.148833030211185324e+00 -6.685992316573758032e+00
5.229283546308234776e+00 -6.736928544517444273e+00
5.309734062405285115e+00 -6.778575431407324992e+00
5.390184578502334567e+00 -6.837371797120117556e+00
5.470635094599384018e+00 -6.807243921309094503e+00
5.551085610696433470e+00 -6.807120075153153316e+00
5.631536126793483810e+00 -6.826254145556912789e+00
5.711986642890533261e+00 -6.828682552584870891e+00
5.792437158987582713e+00 -6.816793276401838853e+00
5.872887675084633052e+00 -6.828276263424069015e+00
5.953338191181682504e+00 -6.782115638227736554e+00
6.033788707278731955e+00 -6.715815025858074883e+00
6.114239223375781407e+00 -6.682746194154248087e+00
6.194689739472831747e+00 -6.717015694311715635e+00
6.275140255569881198e+00 -6.771195924505049923e+00
6.355590771666931538e+00 -6.838970584731371538e+00
6.436041287763980989e+00 -6.870651044041307109e+00
6.516491803861030441e+00 -6.859123359979506951e+00
6.596942319958079892e+00 -6.816252191273767913e+00
6.677392836055131120e+00 -6.778160862819516908e+00
6.757843352152180572e+00 -6.719946485870752717e+00
6.838293868249230023e+00 -6.703073493634103208e+00
6.918744384346279475e+00 -6.734135741916414730e+00
6.999194900443328926e+00 -6.764107268443074972e+00
7.079645416540378378e+00 -6.775065399582365089e+00
7.160095932637429605e+00 -6.823950225812035697e+00
7.240546448734479057e+00 -6.826057351146290308e+00
7.320996964831528508e+00 -6.828427362971923209e+00
7.401447480928577960e+00 -6.870848573456249220e+00
7.481897997025627411e+00 -6.912999732037013345e+00
7.562348513122678639e+00 -6.905236385767893559e+00
7.642799029219728091e+00 -6.882733623259030153e+00
7.723249545316777542e+00 -6.862120764998017819e+00
7.803700061413826994e+00 -6.832419082977426505e+00
7.884150577510876445e+00 -6.804591705325322870e+00
7.964601093607927673e+00 -6.784858508970301294e+00
8.045051609704977125e+00 -6.813892488533473291e+00
8.125502125802025688e+00 -6.862211776233919203e+00
8.205952641899076028e+00 -6.901821434362060970e+00
8.286403157996124591e+00 -6.896697388811247720e+00
8.366853674093176707e+00 -6.889270543679739234e+00
8.447304190190225270e+00 -6.923240012070420946e+00
8.527754706287275610e+00 -6.918178950794718673e+00
8.608205222384324173e+00 -6.919494876557278573e+00
8.688655738481374513e+00 -6.890627173993869370e+00
8.769106254578423076e+00 -6.914712263461270325e+00
8.849556770675475192e+00 -6.952213689408784703e+00
8.930007286772523756e+00 -6.982754301001223851e+00
9.010457802869574095e+00 -7.007820876324158732e+00
9.090908318966622659e+00 -7.020926528042661374e+00
9.171358835063672998e+00 -7.004982528191238345e+00
9.251809351160723338e+00 -7.004795754012127063e+00
9.332259867257773678e+00 -6.998984718066393995e+00
9.412710383354822241e+00 -7.001910028018556886e+00
9.493160899451872581e+00 -7.001348475158420293e+00
9.573611415548921144e+00 -7.029477657942829971e+00
9.654061931645971484e+00 -7.058422838625251217e+00
9.734512447743021823e+00 -7.091491166024179726e+00
9.814962963840072163e+00 -7.088490514763760686e+00
9.895413479937120727e+00 -7.073034076014537597e+00
9.975863996034171066e+00 -7.041397403559495949e+00
1.005631451213121963e+01 -7.022435376031769039e+00
1.013676502822827175e+01 -6.990313955100120324e+00
1.021721554432532031e+01 -7.010376303556623334e+00
1.029766606042237065e+01 -7.019401013814714929e+00
