0.000000000000000000e+00 -1.549019599857431873e-01
8.045051609704977069e-02 -2.054626277906629328e-01
1.609010321940995414e-01 -6.361575057499092578e-01
2.413515482911492982e-01 -2.267835261634091104e+00
3.218020643881990828e-01 -2.359661665435627498e+00
4.022525804852488118e-01 -2.234381037323476260e+00
4.827030965822985964e-01 -2.508839875990276802e+00
5.631536126793483810e-01 -3.004400028186221761e+00
6.436041287763981655e-01 -3.296047115423478058e+00
7.240546448734478391e-01 -3.397809094927600526e+00
8.045051609704976237e-01 -3.519632641480176183e+00
8.849556770675472972e-01 -3.588906481815818506e+00
9.654061931645971928e-01 -3.570827396452920688e+00
1.045856709261647088e+00 -3.559488760479866620e+00
1.126307225358696762e+00 -3.574954359060153131e+00
1.206757741455746435e+00 -3.633672798555748873e+00
1.287208257552796331e+00 -3.634313426812668002e+00
1.367658773649846005e+00 -3.540787270777063789e+00
1.448109289746895678e+00 -3.444969944304694387e+00
1.528559805843945352e+00 -3.386241076949745299e+00
1.609010321940995247e+00 -3.265642455380554310e+00
1.689460838038045143e+00 -3.100858420622600420e+00
1.769911354135094594e+00 -3.004423096817041117e+00
1.850361870232144490e+00 -3.005522257557545096e+00
1.930812386329194386e+00 -3.017874453709421534e+00
2.011262902426244281e+00 -2.992443302665390270e+00
2.091713418523294177e+00 -2.956626252373076191e+00
2.172163934620343628e+00 -2.964133676648818660e+00
2.252614450717393524e+00 -3.037631807138916784e+00
2.333064966814443419e+00 -3.102367723751393136e+00
2.413515482911492871e+00 -3.138793428068231695e+00
2.493965999008542767e+00 -3.207555793702189462e+00
2.574416515105592662e+00 -3.268536829035185942e+00
2.654867031202642558e+00 -3.323699357727318393e+00
2.735317547299692009e+00 -3.372450882881095957e+00
2.815768063396741905e+00 -3.373471156264679749e+00
2.896218579493791356e+00 -3.382103381327807856e+00
2.976669095590841252e+00 -3.433643555540637493e+00
3.057119611687890703e+00 -3.468963429142729371e+00
3.137570127784940599e+00 -3.488515095964386248e+00
3.218020643881990495e+00 -3.504337034486158409e+00
3.298471159979039946e+00 -3.521617893430626367e+00
3.378921676076090286e+00 -3.497477842970969419e+00
3.459372192173139737e+00 -3.445456408484031119e+00
3.539822708270189189e+00 -3.362400385475527109e+00
3.620273224367239528e+00 -3.304030961599683458e+00
3.700723740464288980e+00 -3.288897468867045593e+00
3.781174256561339320e+00 -3.319043643758187834e+00
3.861624772658388771e+00 -3.361308572526823468e+00
3.942075288755438223e+00 -3.366058614130452042e+00
4.022525804852488562e+00 -3.345025073882884392e+00
4.102976320949538014e+00 -3.324535262663756985e+00
4.183426837046588354e+00 -3.328169452299495568e+00
4.263877353143637805e+00 -3.338274561982702338e+00
4.344327869240687257e+00 -3.351043466785021518e+00
4.424778385337737596e+00 -3.360884058379825401e+00
4.505228901434787048e+00 -3.412502216328752613e+00
4.585679417531836499e+00 -3.433018978169701807e+00
4.666129933628886839e+00 -3.397728992466296560e+00
4.746580449725936290e+00 -3.373483896326237019e+00
4.827030965822985742e+00 -3.402271415298104618e+00
4.907481481920036082e+00 -3.443930341109021853e+00
4.987931998017085533e+00 -3.442902105561767900e+00
5.068382514114135873e+00 -3.427925495698544989e+00
5.148833030211185324e+00 -3.416716129708109229e+00
5.229283546308234776e+00 -3.393239062931572736e+00
5.309734062405285115e+00 -3.385435136358990960e+00
5.390184578502334567e+00 -3.422556189925441750e+00
5.470635094599384018e+00 -3.434506503090957619e+00
5.551085610696433470e+00 -3.406657841139046017e+00
5.631536126793483810e+00 -3.400510697359287349e+00
5.711986642890533261e+00 -3.398764845508537302e+00
5.792437158987582713e+00 -3.397937211996814533e+00
5.872887675084633052e+00 -3.396975495544007462e+00
5.953338191181682504e+00 -3.403575719820171042e+00
6.033788707278731955e+00 -3.394331956642693271e+00
6.114239223375781407e+00 -3.383590153835489556e+00
6.194689739472831747e+00 -3.348374411093768099e+00
6.275140255569881198e+00 -3.314400259693203843e+00
6.355590771666931538e+00 -3.319543343847354944e+00
6.436041287763980989e+00 -3.372365030668429853e+00
6.516491803861030441e+00 -3.407567089168892949e+00
6.596942319958079892e+00 -3.408109164368392285e+00
6.677392836055131120e+00 -3.409775548197265582e+00
6.757843352152180572e+00 -3.413408500286782665e+00
6.838293868249230023e+00 -3.405456558711974946e+00
6.918744384346279475e+00 -3.392921495923595820e+00
6.999194900443328926e+00 -3.397675155077951370e+00
7.079645416540378378e+00 -3.390832637662176019e+00
7.160095932637429605e+00 -3.398167549285620481e+00
7.240546448734479057e+00 -3.392451793489952294e+00
7.320996964831528508e+00 -3.391295811950949979e+00
7.401447480928577960e+00 -3.400322271798832396e+00
7.481897997025627411e+00 -3.429338839580829745e+00
7.562348513122678639e+00 -3.454356498425104061e+00
7.642799029219728091e+00 -3.464450143456362152e+00
7.723249545316777542e+00 -3.457912438979890979e+00
7.803700061413826994e+00 -3.479120854483880976e+00
7.884150577510876445e+00 -3.468101140540357008e+00
7.964601093607927673e+00 -3.452766716343000919e+00
8.045051609704977125e+00 -3.469499422250900800e+00
8.125502125802025688e+00 -3.483290311769414060e+00
8.205952641899076028e+00 -3.469670312361884612e+00
8.286403157996124591e+00 -3.464739761931136641e+00
8.366853674093176707e+00 -3.470743589828670927e+00
8.447304190190225270e+00 -3.465025695437466968e+00
8.527754706287275610e+00 -3.481912458831745383e+00
8.608205222384324173e+00 -3.485502219830576287e+00
8.688655738481374513e+00 -3.479265999117126196e+00
8.769106254578423076e+00 -3.471088596837397677e+00
8.849556770675475192e+00 -3.469642214243190637e+00
8.930007286772523756e+00 -3.485700592634279893e+00
9.010457802869574095e+00 -3.514962216919709448e+00
9.090908318966622659e+00 -3.534407620820141815e+00
9.171358835063672998e+00 -3.522671455856215772e+00
9.251809351160723338e+00 -3.498202155802130342e+00
9.332259867257773678e+00 -3.473008080488636740e+00
9.412710383354822241e+00 -3.463682584939567377e+00
9.493160899451872581e+00 -3.461474500980756819e+00
9.573611415548921144e+00 -3.459992462166794347e+00
9.654061931645971484e+00 -3.475293086389911412e+00
9.734512447743021823e+00 -3.482876523346238429e+00
9.814962963840072163e+00 -3.501145169732709839e+00
9.895413479937120727e+00 -3.520634166773044083e+00
9.975863996034171066e+00 -3.518360085792443304e+00
1.005631451213121963e+01 -3.524656881751843329e+00
1.013676502822827175e+01 -3.549228047500871952e+00
1.021721554432532031e+01 -3.578334728225332828e+00
1.029766606042237065e+01 -3.594428780723054384e+00
