0.000000000000000000e+00 -1.549019599857431873e-01
8.045051609704977069e-02 -1.866530970762395603e-01
1.609010321940995414e-01 -5.027561975343883827e-01
2.413515482911492982e-01 -1.770552969986833425e+00
3.218020643881990828e-01 -2.550920969894638901e+00
4.022525804852488118e-01 -2.556038829674817325e+00
4.827030965822985964e-01 -2.677876553323997211e+00
5.631536126793483810e-01 -2.979639604323848001e+00
6.436041287763981655e-01 -3.239365787740684066e+00
7.240546448734478391e-01 -3.422946539868799043e+00
8.045051609704976237e-01 -3.550337580079056643e+00
8.849556770675472972e-01 -3.616427376435619845e+00
9.654061931645971928e-01 -3.604766017046173943e+00
1.045856709261647088e+00 -3.610634208624047492e+00
1.126307225358696762e+00 -3.644964562174499711e+00
1.206757741455746435e+00 -3.658673358481673521e+00
1.287208257552796331e+00 -3.603955386631175983e+00
1.367658773649846005e+00 -3.523604078394022121e+00
1.448109289746895678e+00 -3.443166414058782987e+00
1.528559805843945352e+00 -3.363385187703711754e+00
1.609010321940995247e+00 -3.317546183915329294e+00
1.689460838038045143e+00 -3.239460005783155960e+00
1.769911354135094594e+00 -3.206790380138579089e+00
1.850361870232144490e+00 -3.183034308174244931e+00
1.930812386329194386e+00 -3.126534165079684513e+00
2.011262902426244281e+00 -3.078322622225958316e+00
2.091713418523294177e+00 -3.074593689822993969e+00
2.172163934620343628e+00 -3.040390543124863232e+00
2.252614450717393524e+00 -3.044234058248242114e+00
2.333064966814443419e+00 -3.109799633930041995e+00
2.413515482911492871e+00 -3.172447870558960048e+00
2.493965999008542767e+00 -3.189280685919066105e+00
2.574416515105592662e+00 -3.197029286910129553e+00
2.654867031202642558e+00 -3.242376772533848595e+00
2.735317547299692009e+00 -3.325662561774370474e+00
2.815768063396741905e+00 -3.343769458477204193e+00
2.896218579493791356e+00 -3.315398235356729728e+00
2.976669095590841252e+00 -3.328599160220779840e+00
3.057119611687890703e+00 -3.371496061282355683e+00
3.137570127784940599e+00 -3.387695408958235177e+00
3.218020643881990495e+00 -3.369451730380284449e+00
3.298471159979039946e+00 -3.361733952780138868e+00
3.378921676076090286e+00 -3.381019224183870797e+00
3.459372192173139737e+00 -3.409551968463602201e+00
3.539822708270189189e+00 -3.439387523435756489e+00
3.620273224367239528e+00 -3.456251862776751338e+00
3.700723740464288980e+00 -3.447433332012276086e+00
3.781174256561339320e+00 -3.396583006345028188e+00
3.861624772658388771e+00 -3.346956927232926038e+00
3.942075288755438223e+00 -3.356364949885302096e+00
4.022525804852488562e+00 -3.383127572859202736e+00
4.102976320949538014e+00 -3.406654669936006741e+00
4.183426837046588354e+00 -3.428682436955775348e+00
4.263877353143637805e+00 -3.450278245666238863e+00
4.344327869240687257e+00 -3.443610786220672182e+00
4.424778385337737596e+00 -3.419950106608038887e+00
4.505228901434787048e+00 -3.370209525085904545e+00
4.585679417531836499e+00 -3.333550440283866045e+00
4.666129933628886839e+00 -3.315202196216926911e+00
4.746580449725936290e+00 -3.324373529627699941e+00
4.827030965822985742e+00 -3.321312006280952023e+00
4.907481481920036082e+00 -3.332895400031076871e+00
4.987931998017085533e+00 -3.378980553205737980e+00
5.068382514114135873e+00 -3.406469266217736269e+00
5.148833030211185324e+00 -3.415634488028639559e+00
5.229283546308234776e+00 -3.410705838024120862e+00
5.309734062405285115e+00 -3.448961902179140449e+00
5.390184578502334567e+00 -3.472087868305176794e+00
5.470635094599384018e+00 -3.458929961903777439e+00
5.551085610696433470e+00 -3.422976205529393745e+00
5.631536126793483810e+00 -3.413299220386487143e+00
5.711986642890533261e+00 -3.421868685140407873e+00
5.792437158987582713e+00 -3.406117523566201566e+00
5.872887675084633052e+00 -3.397075580306355924e+00
5.953338191181682504e+00 -3.385940167738286544e+00
6.033788707278731955e+00 -3.368057603456645399e+00
6.114239223375781407e+00 -3.345885931010873726e+00
6.194689739472831747e+00 -3.343641058070485617e+00
6.275140255569881198e+00 -3.384721653166233857e+00
6.355590771666931538e+00 -3.435617502888639763e+00
6.436041287763980989e+00 -3.470573247541531181e+00
6.516491803861030441e+00 -3.450628208692596566e+00
6.596942319958079892e+00 -3.419977274190211247e+00
6.677392836055131120e+00 -3.402562762649616879e+00
6.757843352152180572e+00 -3.400492973632369686e+00
6.838293868249230023e+00 -3.408497731817562215e+00
6.918744384346279475e+00 -3.411936085189520629e+00
6.999194900443328926e+00 -3.420330139546475579e+00
7.079645416540378378e+00 -3.417479952808374577e+00
7.160095932637429605e+00 -3.405464487774010340e+00
7.240546448734479057e+00 -3.409120575116141083e+00
7.320996964831528508e+00 -3.441877140658782697e+00
7.401447480928577960e+00 -3.465673956111646081e+00
7.481897997025627411e+00 -3.434321185527374531e+00
7.562348513122678639e+00 -3.401112341246226745e+00
7.642799029219728091e+00 -3.400659646281170456e+00
7.723249545316777542e+00 -3.431019940745791086e+00
7.803700061413826994e+00 -3.460300717345011101e+00
7.884150577510876445e+00 -3.469879181727828055e+00
7.964601093607927673e+00 -3.457806760561887849e+00
8.045051609704977125e+00 -3.436955317048143499e+00
8.125502125802025688e+00 -3.418095426757241651e+00
8.205952641899076028e+00 -3.427226140290726253e+00
8.286403157996124591e+00 -3.433605839528234505e+00
8.366853674093176707e+00 -3.446025145658472955e+00
8.447304190190225270e+00 -3.462736621483136545e+00
8.527754706287275610e+00 -3.473075987997397363e+00
8.608205222384324173e+00 -3.478062106219020677e+00
8.688655738481374513e+00 -3.454280300730245390e+00
8.769106254578423076e+00 -3.443684669422109934e+00
8.849556770675475192e+00 -3.454817556311061022e+00
8.930007286772523756e+00 -3.485341043533295213e+00
9.010457802869574095e+00 -3.502722022127512602e+00
9.090908318966622659e+00 -3.507678310827047508e+00
9.171358835063672998e+00 -3.511887355592568039e+00
9.251809351160723338e+00 -3.488643865879359929e+00
9.332259867257773678e+00 -3.488563019284014466e+00
9.412710383354822241e+00 -3.499566452680071382e+00
9.493160899451872581e+00 -3.493732594483244025e+00
9.573611415548921144e+00 -3.501558121460356165e+00
9.654061931645971484e+00 -3.522451377905536862e+00
9.734512447743021823e+00 -3.519627194618344390e+00
9.814962963840072163e+00 -3.505068055740149457e+00
9.895413479937120727e+00 -3.505667312761799881e+00
9.975863996034171066e+00 -3.509125287479581967e+00
1.005631451213121963e+01 -3.505942879525748346e+00
1.013676502822827175e+01 -3.502090258892383456e+00
1.021721554432532031e+01 -3.528968029248429339e+00
1.029766606042237065e+01 -3.546883144240373653e+00
