0.000000000000000000e+00 -1.549019599857431873e-01
8.045051609704977069e-02 -1.926947614719225488e-01
1.609010321940995414e-01 -5.364005884526144019e-01
2.413515482911492982e-01 -1.507135840829287643e+00
3.218020643881990828e-01 -2.223962736488001024e+00
4.022525804852488118e-01 -2.261063884978382177e+00
4.827030965822985964e-01 -2.580201412919911341e+00
5.631536126793483810e-01 -2.980332227365407594e+00
6.436041287763981655e-01 -3.279472365553244728e+00
7.240546448734478391e-01 -3.483198782232249435e+00
8.045051609704976237e-01 -3.472320781400594303e+00
8.849556770675472972e-01 -3.471003425845616608e+00
9.654061931645971928e-01 -3.544145071103553146e+00
1.045856709261647088e+00 -3.669728824941732359e+00
1.126307225358696762e+00 -3.766604742584281240e+00
1.206757741455746435e+00 -3.766793524623655465e+00
1.287208257552796331e+00 -3.680316851555097468e+00
1.367658773649846005e+00 -3.594919485917186019e+00
1.448109289746895678e+00 -3.518645936225354376e+00
1.528559805843945352e+00 -3.451771348821741636e+00
1.609010321940995247e+00 -3.332438365625286281e+00
1.689460838038045143e+00 -3.244988112597275265e+00
1.769911354135094594e+00 -3.164037081745931790e+00
1.850361870232144490e+00 -3.061618671451868057e+00
1.930812386329194386e+00 -2.978569825523663894e+00
2.011262902426244281e+00 -2.951773454467629509e+00
2.091713418523294177e+00 -2.953891594492350947e+00
2.172163934620343628e+00 -2.986053794745629819e+00
2.252614450717393524e+00 -3.017347656198315686e+00
2.333064966814443419e+00 -3.063744017253412277e+00
2.413515482911492871e+00 -3.150332889519860569e+00
2.493965999008542767e+00 -3.264374825412279968e+00
2.574416515105592662e+00 -3.308567001693077270e+00
2.654867031202642558e+00 -3.325818393804117257e+00
2.735317547299692009e+00 -3.380346654743850543e+00
2.815768063396741905e+00 -3.407354412694583168e+00
2.896218579493791356e+00 -3.417298119277580426e+00
2.976669095590841252e+00 -3.445734094556351934e+00
3.057119611687890703e+00 -3.448820527720815043e+00
3.137570127784940599e+00 -3.408469237946386343e+00
3.218020643881990495e+00 -3.380047023150402730e+00
3.298471159979039946e+00 -3.373508437161916618e+00
3.378921676076090286e+00 -3.371258056232201650e+00
3.459372192173139737e+00 -3.335476994467681866e+00
3.539822708270189189e+00 -3.328128994055356671e+00
3.620273224367239528e+00 -3.336706789410849083e+00
3.700723740464288980e+00 -3.336736903142601740e+00
3.781174256561339320e+00 -3.352525421704074748e+00
3.861624772658388771e+00 -3.377637272923698752e+00
3.942075288755438223e+00 -3.402629833792965020e+00
4.022525804852488562e+00 -3.397372779061353487e+00
4.102976320949538014e+00 -3.367924314603315761e+00
4.183426837046588354e+00 -3.341395924384678473e+00
4.263877353143637805e+00 -3.324008106292555276e+00
4.344327869240687257e+00 -3.313882089089490890e+00
4.424778385337737596e+00 -3.323425590383905615e+00
4.505228901434787048e+00 -3.355981983150756687e+00
4.585679417531836499e+00 -3.357615502196912516e+00
4.666129933628886839e+00 -3.345019676797204244e+00
4.746580449725936290e+00 -3.349961564378874712e+00
4.827030965822985742e+00 -3.375114092687661493e+00
4.907481481920036082e+00 -3.371001003526485462e+00
4.987931998017085533e+00 -3.359922965635421921e+00
5.068382514114135873e+00 -3.365093874874844015e+00
5.148833030211185324e+00 -3.378790934755624420e+00
5.229283546308234776e+00 -3.381272625378568097e+00
5.309734062405285115e+00 -3.378934856520302787e+00
5.390184578502334567e+00 -3.359177473389329815e+00
5.470635094599384018e+00 -3.347463550316262193e+00
5.551085610696433470e+00 -3.350836936882918948e+00
5.631536126793483810e+00 -3.354511577276408918e+00
5.711986642890533261e+00 -3.362129778064840480e+00
5.792437158987582713e+00 -3.355647064344746244e+00
5.872887675084633052e+00 -3.341988484350340016e+00
5.953338191181682504e+00 -3.348150056213138104e+00
6.033788707278731955e+00 -3.375729936795812680e+00
6.114239223375781407e+00 -3.409887128929449229e+00
6.194689739472831747e+00 -3.410231369951051583e+00
6.275140255569881198e+00 -3.398447019392844659e+00
6.355590771666931538e+00 -3.415550357825989369e+00
6.436041287763980989e+00 -3.434251126559346723e+00
6.516491803861030441e+00 -3.439530082906683273e+00
6.596942319958079892e+00 -3.425404190959172812e+00
6.677392836055131120e+00 -3.393447356697305128e+00
6.757843352152180572e+00 -3.367939989994232608e+00
6.838293868249230023e+00 -3.344581682348117813e+00
6.918744384346279475e+00 -3.346954254725016842e+00
6.999194900443328926e+00 -3.364344095753759589e+00
7.079645416540378378e+00 -3.372926032125769247e+00
7.160095932637429605e+00 -3.377714795712122964e+00
7.240546448734479057e+00 -3.361033291613436447e+00
7.320996964831528508e+00 -3.370220486051113351e+00
7.401447480928577960e+00 -3.399163798338820097e+00
7.481897997025627411e+00 -3.403218279044103678e+00
7.562348513122678639e+00 -3.379535543905152206e+00
7.642799029219728091e+00 -3.367708953830854668e+00
7.723249545316777542e+00 -3.353440468004608377e+00
7.803700061413826994e+00 -3.370145170091913389e+00
7.884150577510876445e+00 -3.396633670019018059e+00
7.964601093607927673e+00 -3.424312879937527754e+00
8.045051609704977125e+00 -3.418725772371875582e+00
8.125502125802025688e+00 -3.380533115565398816e+00
8.205952641899076028e+00 -3.363837659352722387e+00
8.286403157996124591e+00 -3.397351713469066947e+00
8.366853674093176707e+00 -3.436474427486765570e+00
8.447304190190225270e+00 -3.453884739497398382e+00
8.527754706287275610e+00 -3.450325030262412884e+00
8.608205222384324173e+00 -3.464157165846525999e+00
8.688655738481374513e+00 -3.480248299184006022e+00
8.769106254578423076e+00 -3.495853526407852296e+00
8.849556770675475192e+00 -3.497546692071911600e+00
8.930007286772523756e+00 -3.478478520789406669e+00
9.010457802869574095e+00 -3.443593348430741052e+00
9.090908318966622659e+00 -3.432097332843770499e+00
9.171358835063672998e+00 -3.434246155242537402e+00
9.251809351160723338e+00 -3.457553254232840434e+00
9.332259867257773678e+00 -3.485906418760325032e+00
9.412710383354822241e+00 -3.485681582833125791e+00
9.493160899451872581e+00 -3.472115484651819628e+00
9.573611415548921144e+00 -3.467462298884051997e+00
9.654061931645971484e+00 -3.483842567604406248e+00
9.734512447743021823e+00 -3.501632997603101760e+00
9.814962963840072163e+00 -3.505854162063157808e+00
9.895413479937120727e+00 -3.500374570361767912e+00
9.975863996034171066e+00 -3.499114129853531985e+00
1.005631451213121963e+01 -3.509288327866366686e+00
1.013676502822827175e+01 -3.506230151632947045e+00
1.021721554432532031e+01 -3.512289075159895191e+00
1.029766606042237065e+01 -3.509296838117486939e+00
