0.000000000000000000e+00 -1.549019599857431873e-01
8.045051609704977069e-02 -2.117411607545690855e-01
1.609010321940995414e-01 -6.399466685802994714e-01
2.413515482911492982e-01 -1.698072204780136207e+00
3.218020643881990828e-01 -1.788516544945603526e+00
4.022525804852488118e-01 -1.898507127412203399e+00
4.827030965822985964e-01 -2.285664851627036587e+00
5.631536126793483810e-01 -3.003066013406264112e+00
6.436041287763981655e-01 -3.364369603439389955e+00
7.240546448734478391e-01 -3.505035754661797398e+00
8.045051609704976237e-01 -3.604974650543076198e+00
8.849556770675472972e-01 -3.612943993887384408e+00
9.654061931645971928e-01 -3.560596229301431048e+00
1.045856709261647088e+00 -3.587745878356125573e+00
1.126307225358696762e+00 -3.687700110572113221e+00
1.206757741455746435e+00 -3.751913535184749460e+00
1.287208257552796331e+00 -3.640668914553583768e+00
1.367658773649846005e+00 -3.565955497410947306e+00
1.448109289746895678e+00 -3.533503073662903393e+00
1.528559805843945352e+00 -3.461562052849148863e+00
1.609010321940995247e+00 -3.347152719935234444e+00
1.689460838038045143e+00 -3.270355657958992968e+00
1.769911354135094594e+00 -3.176659707363473917e+00
1.850361870232144490e+00 -3.110866749704443102e+00
1.930812386329194386e+00 -3.090704066523227933e+00
2.011262902426244281e+00 -3.102395946586719244e+00
2.091713418523294177e+00 -3.082778720097285596e+00
2.172163934620343628e+00 -3.080151031133392614e+00
2.252614450717393524e+00 -3.075862709215112734e+00
2.333064966814443419e+00 -3.099919609432275625e+00
2.413515482911492871e+00 -3.108355618988648761e+00
2.493965999008542767e+00 -3.189449623915696641e+00
2.574416515105592662e+00 -3.259029931154843851e+00
2.654867031202642558e+00 -3.289116555615124060e+00
2.735317547299692009e+00 -3.309713967203387952e+00
2.815768063396741905e+00 -3.367672004343178038e+00
2.896218579493791356e+00 -3.366118561666934905e+00
2.976669095590841252e+00 -3.368782061360212854e+00
3.057119611687890703e+00 -3.387706031306706222e+00
3.137570127784940599e+00 -3.421211981900171839e+00
3.218020643881990495e+00 -3.446002183015409059e+00
3.298471159979039946e+00 -3.443087282647135261e+00
3.378921676076090286e+00 -3.415196391931182518e+00
3.459372192173139737e+00 -3.408335013360939136e+00
3.539822708270189189e+00 -3.437413171371887621e+00
3.620273224367239528e+00 -3.454394544895346364e+00
3.700723740464288980e+00 -3.454968647563601003e+00
3.781174256561339320e+00 -3.447753682222614913e+00
3.861624772658388771e+00 -3.415321331977496211e+00
3.942075288755438223e+00 -3.399644744527597240e+00
4.022525804852488562e+00 -3.399272605007646941e+00
4.102976320949538014e+00 -3.409406941146249981e+00
4.183426837046588354e+00 -3.422347537640986648e+00
4.263877353143637805e+00 -3.415561769901465539e+00
4.344327869240687257e+00 -3.368367420267574630e+00
4.424778385337737596e+00 -3.328685707334556376e+00
4.505228901434787048e+00 -3.322327294476334458e+00
4.585679417531836499e+00 -3.376649550914111675e+00
4.666129933628886839e+00 -3.465705389194820185e+00
4.746580449725936290e+00 -3.495176915351387414e+00
4.827030965822985742e+00 -3.461487176129748100e+00
4.907481481920036082e+00 -3.461036342597576532e+00
4.987931998017085533e+00 -3.431066429619797020e+00
5.068382514114135873e+00 -3.386442775853486964e+00
5.148833030211185324e+00 -3.361557351871363508e+00
5.229283546308234776e+00 -3.391614112669914860e+00
5.309734062405285115e+00 -3.424074543342873866e+00
5.390184578502334567e+00 -3.410505024390441786e+00
5.470635094599384018e+00 -3.377212776231782954e+00
5.551085610696433470e+00 -3.399114230712708906e+00
5.631536126793483810e+00 -3.443440137881561114e+00
5.711986642890533261e+00 -3.457080809552247835e+00
5.792437158987582713e+00 -3.420255610877384722e+00
5.872887675084633052e+00 -3.376333399635941035e+00
5.953338191181682504e+00 -3.368835911575041475e+00
6.033788707278731955e+00 -3.370509687877903726e+00
6.114239223375781407e+00 -3.369341305416574173e+00
6.194689739472831747e+00 -3.367164891178855868e+00
6.275140255569881198e+00 -3.363529876770985361e+00
6.355590771666931538e+00 -3.378327254119069867e+00
6.436041287763980989e+00 -3.390773724719805760e+00
6.516491803861030441e+00 -3.386205585118776451e+00
6.596942319958079892e+00 -3.386343838101956827e+00
6.677392836055131120e+00 -3.373636289118896681e+00
6.757843352152180572e+00 -3.369086632886777899e+00
6.838293868249230023e+00 -3.386564946090642625e+00
6.918744384346279475e+00 -3.384342959506632109e+00
6.999194900443328926e+00 -3.394505141999915931e+00
7.079645416540378378e+00 -3.398730906035346333e+00
7.160095932637429605e+00 -3.410265311895864127e+00
7.240546448734479057e+00 -3.424346599712630113e+00
7.320996964831528508e+00 -3.435442521963011142e+00
7.401447480928577960e+00 -3.422821170605172103e+00
7.481897997025627411e+00 -3.413742115795497245e+00
7.562348513122678639e+00 -3.415833286170388838e+00
7.642799029219728091e+00 -3.424953524856749087e+00
7.723249545316777542e+00 -3.406240111453063601e+00
7.803700061413826994e+00 -3.387686775930241811e+00
7.884150577510876445e+00 -3.401768518277142661e+00
7.964601093607927673e+00 -3.442784920726752240e+00
8.045051609704977125e+00 -3.469250535461376739e+00
8.125502125802025688e+00 -3.477723598189693455e+00
8.205952641899076028e+00 -3.481075943889374802e+00
8.286403157996124591e+00 -3.487609228436169939e+00
8.366853674093176707e+00 -3.477674632485810768e+00
8.447304190190225270e+00 -3.488857206174412084e+00
8.527754706287275610e+00 -3.496875225721321812e+00
8.608205222384324173e+00 -3.457438767333524510e+00
8.688655738481374513e+00 -3.432009338177568480e+00
8.769106254578423076e+00 -3.449721758809389804e+00
8.849556770675475192e+00 -3.465864606309800422e+00
8.930007286772523756e+00 -3.468594353661534235e+00
9.010457802869574095e+00 -3.499779047739712379e+00
9.090908318966622659e+00 -3.499823535907877758e+00
9.171358835063672998e+00 -3.493307453605399182e+00
9.251809351160723338e+00 -3.536869582375501864e+00
9.332259867257773678e+00 -3.571839348082619381e+00
9.412710383354822241e+00 -3.580510243922642388e+00
9.493160899451872581e+00 -3.576619656610843023e+00
9.573611415548921144e+00 -3.561106055375274249e+00
9.654061931645971484e+00 -3.526898359338060285e+00
9.734512447743021823e+00 -3.511219578453780965e+00
9.814962963840072163e+00 -3.501860644713723048e+00
9.895413479937120727e+00 -3.496022191495495868e+00
9.975863996034171066e+00 -3.512308201140056152e+00
1.005631451213121963e+01 -3.513726885280624490e+00
1.013676502822827175e+01 -3.516445804486552085e+00
1.021721554432532031e+01 -3.526368607022411616e+00
1.029766606042237065e+01 -3.531502661598423742e+00
