0.000000000000000000e+00 -1.549019599857431873e-01
8.045051609704977069e-02 -2.101447846307687717e-01
1.609010321940995414e-01 -6.501807141435236304e-01
2.413515482911492982e-01 -2.064902571196503889e+00
3.218020643881990828e-01 -1.960442917311554512e+00
4.022525804852488118e-01 -1.860417760227269346e+00
4.827030965822985964e-01 -2.198436081184830027e+00
5.631536126793483810e-01 -2.860565431982103224e+00
6.436041287763981655e-01 -3.273080844500283249e+00
7.240546448734478391e-01 -3.350159486684882726e+00
8.045051609704976237e-01 -3.392214551844200621e+00
8.849556770675472972e-01 -3.475661898071409350e+00
9.654061931645971928e-01 -3.534829876714569608e+00
1.045856709261647088e+00 -3.552952205511421102e+00
1.126307225358696762e+00 -3.574019342729414461e+00
1.206757741455746435e+00 -3.546054156057768303e+00
1.287208257552796331e+00 -3.480544876251076225e+00
1.367658773649846005e+00 -3.422939022237957207e+00
1.448109289746895678e+00 -3.381316657155510885e+00
1.528559805843945352e+00 -3.328280033330180299e+00
1.609010321940995247e+00 -3.267480731373083813e+00
1.689460838038045143e+00 -3.215507211611046134e+00
1.769911354135094594e+00 -3.149764017614541167e+00
1.850361870232144490e+00 -3.079341834490091134e+00
1.930812386329194386e+00 -2.997414448078329574e+00
2.011262902426244281e+00 -2.925151615150908491e+00
2.091713418523294177e+00 -2.896743407514676516e+00
2.172163934620343628e+00 -2.919744730818595535e+00
2.252614450717393524e+00 -2.952146438549877683e+00
2.333064966814443419e+00 -3.024674346133446434e+00
2.413515482911492871e+00 -3.123960489245609651e+00
2.493965999008542767e+00 -3.246005614038167675e+00
2.574416515105592662e+00 -3.296053268904943767e+00
2.654867031202642558e+00 -3.304249398745901622e+00
2.735317547299692009e+00 -3.324240472428011905e+00
2.815768063396741905e+00 -3.339882831464580981e+00
2.896218579493791356e+00 -3.366330455366274510e+00
2.976669095590841252e+00 -3.405856284453501193e+00
3.057119611687890703e+00 -3.421411601341885600e+00
3.137570127784940599e+00 -3.422365309030194425e+00
3.218020643881990495e+00 -3.387240649380120150e+00
3.298471159979039946e+00 -3.375616766697146165e+00
3.378921676076090286e+00 -3.420936404574477230e+00
3.459372192173139737e+00 -3.457929287434263976e+00
3.539822708270189189e+00 -3.450708432951873572e+00
3.620273224367239528e+00 -3.447593345415657318e+00
3.700723740464288980e+00 -3.431843654637863672e+00
3.781174256561339320e+00 -3.363733084575138310e+00
3.861624772658388771e+00 -3.311734498935326343e+00
3.942075288755438223e+00 -3.329524038142579023e+00
4.022525804852488562e+00 -3.346830270040558108e+00
4.102976320949538014e+00 -3.339132466277239697e+00
4.183426837046588354e+00 -3.338266266159852780e+00
4.263877353143637805e+00 -3.359695593773252220e+00
4.344327869240687257e+00 -3.391119048688318927e+00
4.424778385337737596e+00 -3.389926849095436179e+00
4.505228901434787048e+00 -3.358911082571836015e+00
4.585679417531836499e+00 -3.355083770353442407e+00
4.666129933628886839e+00 -3.355034823121771037e+00
4.746580449725936290e+00 -3.352964868055522185e+00
4.827030965822985742e+00 -3.364219672249445292e+00
4.907481481920036082e+00 -3.376463241010877692e+00
4.987931998017085533e+00 -3.394505047063475445e+00
5.068382514114135873e+00 -3.385649644046889950e+00
5.148833030211185324e+00 -3.388332468337975634e+00
5.229283546308234776e+00 -3.397982337718900681e+00
5.309734062405285115e+00 -3.409623563493603182e+00
5.390184578502334567e+00 -3.414840060077027228e+00
5.470635094599384018e+00 -3.403382491465252624e+00
5.551085610696433470e+00 -3.403133089385174781e+00
5.631536126793483810e+00 -3.405691686018998965e+00
5.711986642890533261e+00 -3.411747414798777633e+00
5.792437158987582713e+00 -3.427480604604245418e+00
5.872887675084633052e+00 -3.432532453775146486e+00
5.953338191181682504e+00 -3.426848885010042700e+00
6.033788707278731955e+00 -3.428751853298828145e+00
6.114239223375781407e+00 -3.448886129254110422e+00
6.194689739472831747e+00 -3.451889602264432089e+00
6.275140255569881198e+00 -3.431830902782092796e+00
6.355590771666931538e+00 -3.411021139442008909e+00
6.436041287763980989e+00 -3.404756201235325630e+00
6.516491803861030441e+00 -3.412348777663034571e+00
6.596942319958079892e+00 -3.404327195681957630e+00
6.677392836055131120e+00 -3.385756840694302383e+00
6.757843352152180572e+00 -3.385802744160780975e+00
6.838293868249230023e+00 -3.405650699815327087e+00
6.918744384346279475e+00 -3.435030564609505177e+00
6.999194900443328926e+00 -3.439634610293901940e+00
7.079645416540378378e+00 -3.431821257456119323e+00
7.160095932637429605e+00 -3.449418376048202006e+00
7.240546448734479057e+00 -3.457958716035174795e+00
7.320996964831528508e+00 -3.439291238416107177e+00
7.401447480928577960e+00 -3.399821214588857998e+00
7.481897997025627411e+00 -3.390472155304005142e+00
7.562348513122678639e+00 -3.407241999685015621e+00
7.642799029219728091e+00 -3.415629516509401054e+00
7.723249545316777542e+00 -3.396777270313974473e+00
7.803700061413826994e+00 -3.380812427031598677e+00
7.884150577510876445e+00 -3.379605487280035625e+00
7.964601093607927673e+00 -3.395274457312005278e+00
8.045051609704977125e+00 -3.412393791761782591e+00
8.125502125802025688e+00 -3.429024812219826579e+00
8.205952641899076028e+00 -3.440823248243720212e+00
8.286403157996124591e+00 -3.465389078122977917e+00
8.366853674093176707e+00 -3.469522015111127011e+00
8.447304190190225270e+00 -3.454504891168939995e+00
8.527754706287275610e+00 -3.460716234981756401e+00
8.608205222384324173e+00 -3.486493346588181552e+00
8.688655738481374513e+00 -3.490694320998297684e+00
8.769106254578423076e+00 -3.486909013891192455e+00
8.849556770675475192e+00 -3.490266334710270701e+00
8.930007286772523756e+00 -3.518725813447858730e+00
9.010457802869574095e+00 -3.526697531755005333e+00
9.090908318966622659e+00 -3.523746314250019385e+00
9.171358835063672998e+00 -3.502488304375455996e+00
9.251809351160723338e+00 -3.481695507102093412e+00
9.332259867257773678e+00 -3.491318106989976577e+00
9.412710383354822241e+00 -3.518218353738148174e+00
9.493160899451872581e+00 -3.523181724106854151e+00
9.573611415548921144e+00 -3.504986471493310329e+00
9.654061931645971484e+00 -3.496298661975329125e+00
9.734512447743021823e+00 -3.503261604612735169e+00
9.814962963840072163e+00 -3.511842970088337790e+00
9.895413479937120727e+00 -3.537769996409701356e+00
9.975863996034171066e+00 -3.554645120321253238e+00
1.005631451213121963e+01 -3.542224349489575097e+00
1.013676502822827175e+01 -3.519678063720622418e+00
1.021721554432532031e+01 -3.532493306572607850e+00
1.029766606042237065e+01 -3.542618182079555034e+00
