0.000000000000000000e+00 -1.549019599857431873e-01
8.045051609704977069e-02 -1.935795809994619310e-01
1.609010321940995414e-01 -5.678814504111557859e-01
2.413515482911492982e-01 -2.069830627879373441e+00
3.218020643881990828e-01 -3.204677519149330855e+00
4.022525804852488118e-01 -3.102556785478526979e+00
4.827030965822985964e-01 -2.981424843887614085e+00
5.631536126793483810e-01 -2.977042366810480178e+00
6.436041287763981655e-01 -3.113437555715626637e+00
7.240546448734478391e-01 -3.267558073946560615e+00
8.045051609704976237e-01 -3.288683518430141728e+00
8.849556770675472972e-01 -3.288388659866910313e+00
9.654061931645971928e-01 -3.299464202691372972e+00
1.045856709261647088e+00 -3.245171956075784347e+00
1.126307225358696762e+00 -3.212497337995021240e+00
1.206757741455746435e+00 -3.195293535157863296e+00
1.287208257552796331e+00 -3.153969314200390617e+00
1.367658773649846005e+00 -3.114407663392398717e+00
1.448109289746895678e+00 -3.105953756829621604e+00
1.528559805843945352e+00 -3.106460141845475587e+00
1.609010321940995247e+00 -3.137965312226285164e+00
1.689460838038045143e+00 -3.151421077691800576e+00
1.769911354135094594e+00 -3.128465043215908459e+00
1.850361870232144490e+00 -3.102986185763256799e+00
1.930812386329194386e+00 -3.088862989753257793e+00
2.011262902426244281e+00 -3.069224005833900648e+00
2.091713418523294177e+00 -3.018947537724871566e+00
2.172163934620343628e+00 -3.018535646468148315e+00
2.252614450717393524e+00 -3.062805203053914127e+00
2.333064966814443419e+00 -3.104289798549283663e+00
2.413515482911492871e+00 -3.087946974005831624e+00
2.493965999008542767e+00 -3.056073316557299080e+00
2.574416515105592662e+00 -3.033745177322888509e+00
2.654867031202642558e+00 -3.054293702873172478e+00
2.735317547299692009e+00 -3.053212522344779245e+00
2.815768063396741905e+00 -3.017585527840004556e+00
2.896218579493791356e+00 -3.007802455268436592e+00
2.976669095590841252e+00 -3.048813250826066579e+00
3.057119611687890703e+00 -3.089668747048992525e+00
3.137570127784940599e+00 -3.101337696834231217e+00
3.218020643881990495e+00 -3.075053671276744005e+00
3.298471159979039946e+00 -3.085631429667567094e+00
3.378921676076090286e+00 -3.103151469334601398e+00
3.459372192173139737e+00 -3.103902181034362329e+00
3.539822708270189189e+00 -3.101105180460066002e+00
3.620273224367239528e+00 -3.095737973240591856e+00
3.700723740464288980e+00 -3.084436641557593894e+00
3.781174256561339320e+00 -3.119762266570230036e+00
3.861624772658388771e+00 -3.160580051847126093e+00
3.942075288755438223e+00 -3.170099893043119454e+00
4.022525804852488562e+00 -3.150263213400623208e+00
4.102976320949538014e+00 -3.124378844742623951e+00
4.183426837046588354e+00 -3.109028642313240276e+00
4.263877353143637805e+00 -3.105407147637031073e+00
4.344327869240687257e+00 -3.085571570028001087e+00
4.424778385337737596e+00 -3.062169591065714513e+00
4.505228901434787048e+00 -3.043299792106211488e+00
4.585679417531836499e+00 -3.062144369310303205e+00
4.666129933628886839e+00 -3.100404205358927356e+00
4.746580449725936290e+00 -3.135674219665916862e+00
4.827030965822985742e+00 -3.122291431881649704e+00
4.907481481920036082e+00 -3.117375382344948598e+00
4.987931998017085533e+00 -3.106467704814729558e+00
5.068382514114135873e+00 -3.078071782227981501e+00
5.148833030211185324e+00 -3.071478386462585863e+00
5.229283546308234776e+00 -3.091973600385422127e+00
5.309734062405285115e+00 -3.116428808135955464e+00
5.390184578502334567e+00 -3.124001446209967447e+00
5.470635094599384018e+00 -3.131719198333265286e+00
5.551085610696433470e+00 -3.132482862305275173e+00
5.631536126793483810e+00 -3.107627854619621210e+00
5.711986642890533261e+00 -3.116096926256071598e+00
5.792437158987582713e+00 -3.126507899359792564e+00
5.872887675084633052e+00 -3.132252140480933811e+00
5.953338191181682504e+00 -3.139464325355292296e+00
6.033788707278731955e+00 -3.152948392917463316e+00
6.114239223375781407e+00 -3.155024369911082704e+00
6.194689739472831747e+00 -3.139913005445297500e+00
6.275140255569881198e+00 -3.148637445696353954e+00
6.355590771666931538e+00 -3.155269494183830847e+00
6.436041287763980989e+00 -3.174638245256869773e+00
6.516491803861030441e+00 -3.171152120841838951e+00
6.596942319958079892e+00 -3.148082018287227779e+00
6.677392836055131120e+00 -3.139819551015816668e+00
6.757843352152180572e+00 -3.145064941554758242e+00
6.838293868249230023e+00 -3.120072390744186741e+00
6.918744384346279475e+00 -3.102643383009076938e+00
6.999194900443328926e+00 -3.125141639670824478e+00
7.079645416540378378e+00 -3.168403217592864252e+00
7.160095932637429605e+00 -3.198515635034696381e+00
7.240546448734479057e+00 -3.184075286582581654e+00
7.320996964831528508e+00 -3.147599437732643946e+00
7.401447480928577960e+00 -3.138642742123920470e+00
7.481897997025627411e+00 -3.128419859268463554e+00
7.562348513122678639e+00 -3.138670125355159435e+00
7.642799029219728091e+00 -3.180143179270336073e+00
7.723249545316777542e+00 -3.216348380094633086e+00
7.803700061413826994e+00 -3.215908824852560688e+00
7.884150577510876445e+00 -3.207699802487429697e+00
7.964601093607927673e+00 -3.204370303583010227e+00
8.045051609704977125e+00 -3.181904763104007827e+00
8.125502125802025688e+00 -3.160989018219621638e+00
8.205952641899076028e+00 -3.150598325758576568e+00
8.286403157996124591e+00 -3.161422789563102853e+00
8.366853674093176707e+00 -3.181003254331885799e+00
8.447304190190225270e+00 -3.190519226303218048e+00
8.527754706287275610e+00 -3.212819601869371766e+00
8.608205222384324173e+00 -3.237265930119005208e+00
8.688655738481374513e+00 -3.229065605251532745e+00
8.769106254578423076e+00 -3.212170978605167093e+00
8.849556770675475192e+00 -3.217899459523312800e+00
8.930007286772523756e+00 -3.214723839318771592e+00
9.010457802869574095e+00 -3.211035386298096483e+00
9.090908318966622659e+00 -3.208486328427814449e+00
9.171358835063672998e+00 -3.237299162096413330e+00
9.251809351160723338e+00 -3.275161503738014179e+00
9.332259867257773678e+00 -3.289615089119831026e+00
9.412710383354822241e+00 -3.279424935170572208e+00
9.493160899451872581e+00 -3.263706617657604614e+00
9.573611415548921144e+00 -3.262616492783018352e+00
9.654061931645971484e+00 -3.247580722298722744e+00
9.734512447743021823e+00 -3.241272725172474445e+00
9.814962963840072163e+00 -3.275649085026881124e+00
9.895413479937120727e+00 -3.314038791006001627e+00
9.975863996034171066e+00 -3.326286765457617811e+00
1.005631451213121963e+01 -3.309986434219597928e+00
1.013676502822827175e+01 -3.297675900731359189e+00
1.021721554432532031e+01 -3.263273516358902615e+00
1.029766606042237065e+01 -3.232209805324724350e+00
