0.000000000000000000e+00 -1.549019599857431873e-01
8.045051609704977069e-02 -2.056758224253945333e-01
1.609010321940995414e-01 -5.462871031498841567e-01
2.413515482911492982e-01 -2.288956745357437761e+00
3.218020643881990828e-01 -3.410100925810950034e+00
4.022525804852488118e-01 -3.072620955400077403e+00
4.827030965822985964e-01 -2.956941331709520782e+00
5.631536126793483810e-01 -2.952762381038322115e+00
6.436041287763981655e-01 -2.993398200803805587e+00
7.240546448734478391e-01 -3.079410241377333879e+00
8.045051609704976237e-01 -3.224019086960168146e+00
8.849556770675472972e-01 -3.361484628984184209e+00
9.654061931645971928e-01 -3.369459767790161209e+00
1.045856709261647088e+00 -3.278695972061976605e+00
1.126307225358696762e+00 -3.261482784976989624e+00
1.206757741455746435e+00 -3.304561373781238931e+00
1.287208257552796331e+00 -3.304767139392082331e+00
1.367658773649846005e+00 -3.303661140082091219e+00
1.448109289746895678e+00 -3.306122854290113544e+00
1.528559805843945352e+00 -3.286677370776657892e+00
1.609010321940995247e+00 -3.226594538701235138e+00
1.689460838038045143e+00 -3.181207534895558631e+00
1.769911354135094594e+00 -3.121894864850080609e+00
1.850361870232144490e+00 -3.041063638935242786e+00
1.930812386329194386e+00 -2.998349012088745713e+00
2.011262902426244281e+00 -2.983780351375899809e+00
2.091713418523294177e+00 -3.005785790284455139e+00
2.172163934620343628e+00 -3.034889482824091100e+00
2.252614450717393524e+00 -3.074691948679833864e+00
2.333064966814443419e+00 -3.084363442978500292e+00
2.413515482911492871e+00 -3.086180917811500724e+00
2.493965999008542767e+00 -3.123130252773518745e+00
2.574416515105592662e+00 -3.184442116574117243e+00
2.654867031202642558e+00 -3.169230676465268459e+00
2.735317547299692009e+00 -3.145553436196118824e+00
2.815768063396741905e+00 -3.141865409072409854e+00
2.896218579493791356e+00 -3.123156788458909094e+00
2.976669095590841252e+00 -3.092819864935825169e+00
3.057119611687890703e+00 -3.094905643667243300e+00
3.137570127784940599e+00 -3.132799887765519653e+00
3.218020643881990495e+00 -3.157619996898799464e+00
3.298471159979039946e+00 -3.143932056808005360e+00
3.378921676076090286e+00 -3.115300527366625882e+00
3.459372192173139737e+00 -3.107924770846045792e+00
3.539822708270189189e+00 -3.129563703418024811e+00
3.620273224367239528e+00 -3.112163538310278810e+00
3.700723740464288980e+00 -3.086720066599381251e+00
3.781174256561339320e+00 -3.100297910053927186e+00
3.861624772658388771e+00 -3.127172463546199932e+00
3.942075288755438223e+00 -3.139089578890522869e+00
4.022525804852488562e+00 -3.135073009416454060e+00
4.102976320949538014e+00 -3.124430481578224672e+00
4.183426837046588354e+00 -3.112633005807980968e+00
4.263877353143637805e+00 -3.113867689662274341e+00
4.344327869240687257e+00 -3.129165873624290661e+00
4.424778385337737596e+00 -3.159614532534020359e+00
4.505228901434787048e+00 -3.119027341776360984e+00
4.585679417531836499e+00 -3.079929027559484389e+00
4.666129933628886839e+00 -3.103879429517914623e+00
4.746580449725936290e+00 -3.138740013226529957e+00
4.827030965822985742e+00 -3.152879522289497416e+00
4.907481481920036082e+00 -3.160085860567324989e+00
4.987931998017085533e+00 -3.176044026381727114e+00
5.068382514114135873e+00 -3.174185652013450820e+00
5.148833030211185324e+00 -3.153748725262042640e+00
5.229283546308234776e+00 -3.122656193184688345e+00
5.309734062405285115e+00 -3.139030503932559224e+00
5.390184578502334567e+00 -3.177087200009960810e+00
5.470635094599384018e+00 -3.199176177792388387e+00
5.551085610696433470e+00 -3.184606659904632320e+00
5.631536126793483810e+00 -3.138784527759414189e+00
5.711986642890533261e+00 -3.127693853383518796e+00
5.792437158987582713e+00 -3.158851167485295708e+00
5.872887675084633052e+00 -3.196492358665589784e+00
5.953338191181682504e+00 -3.182568785424886748e+00
6.033788707278731955e+00 -3.154349196594814497e+00
6.114239223375781407e+00 -3.138336813980649342e+00
6.194689739472831747e+00 -3.129085730734817883e+00
6.275140255569881198e+00 -3.122409990620511167e+00
6.355590771666931538e+00 -3.107934825165294956e+00
6.436041287763980989e+00 -3.101999965878970311e+00
6.516491803861030441e+00 -3.111213419333208385e+00
6.596942319958079892e+00 -3.130719327723703760e+00
6.677392836055131120e+00 -3.142129128641140134e+00
6.757843352152180572e+00 -3.142396502226334487e+00
6.838293868249230023e+00 -3.113893901819146048e+00
6.918744384346279475e+00 -3.089370869930073482e+00
6.999194900443328926e+00 -3.096764908405180705e+00
7.079645416540378378e+00 -3.117594457445655554e+00
7.160095932637429605e+00 -3.134895985820109754e+00
7.240546448734479057e+00 -3.148891856365499731e+00
7.320996964831528508e+00 -3.170059313351448971e+00
7.401447480928577960e+00 -3.178272048391042937e+00
7.481897997025627411e+00 -3.180993187281344170e+00
7.562348513122678639e+00 -3.172080171340522003e+00
7.642799029219728091e+00 -3.167802114479324693e+00
7.723249545316777542e+00 -3.190594202149588998e+00
7.803700061413826994e+00 -3.224294633242631214e+00
7.884150577510876445e+00 -3.250285498733449518e+00
7.964601093607927673e+00 -3.232630023978562583e+00
8.045051609704977125e+00 -3.209189108237231469e+00
8.125502125802025688e+00 -3.205188798446926057e+00
8.205952641899076028e+00 -3.189467915640009643e+00
8.286403157996124591e+00 -3.164032349589460225e+00
8.366853674093176707e+00 -3.174281449065025296e+00
8.447304190190225270e+00 -3.210910493356083251e+00
8.527754706287275610e+00 -3.237486404745666402e+00
8.608205222384324173e+00 -3.261204288170730159e+00
8.688655738481374513e+00 -3.272111938091764038e+00
8.769106254578423076e+00 -3.264360561306129949e+00
8.849556770675475192e+00 -3.265836842346258262e+00
8.930007286772523756e+00 -3.266354904515147872e+00
9.010457802869574095e+00 -3.253160878393609234e+00
9.090908318966622659e+00 -3.241625234982126180e+00
9.171358835063672998e+00 -3.232000194605980870e+00
9.251809351160723338e+00 -3.228502968434729947e+00
9.332259867257773678e+00 -3.228480527230167763e+00
9.412710383354822241e+00 -3.231418092701110911e+00
9.493160899451872581e+00 -3.229739424737809728e+00
9.573611415548921144e+00 -3.218714554303276465e+00
9.654061931645971484e+00 -3.225614034891012505e+00
9.734512447743021823e+00 -3.253787327775310878e+00
9.814962963840072163e+00 -3.272117331031898946e+00
9.895413479937120727e+00 -3.308931092486279812e+00
9.975863996034171066e+00 -3.327610822351942499e+00
1.005631451213121963e+01 -3.325121341921131624e+00
1.013676502822827175e+01 -3.320599361564322560e+00
1.021721554432532031e+01 -3.318917430767401644e+00
1.029766606042237065e+01 -3.307966691247925972e+00
