0.000000000000000000e+00 -1.549019599857431873e-01
8.045051609704977069e-02 -1.987012972226004648e-01
1.609010321940995414e-01 -5.603267031819986199e-01
2.413515482911492982e-01 -1.330799496114796421e+00
3.218020643881990828e-01 -1.777841647588707996e+00
4.022525804852488118e-01 -2.428227363926445115e+00
4.827030965822985964e-01 -2.939043582256699150e+00
5.631536126793483810e-01 -3.161725144101454887e+00
6.436041287763981655e-01 -3.266980243208932766e+00
7.240546448734478391e-01 -3.302347609013500662e+00
8.045051609704976237e-01 -3.365157525175475506e+00
8.849556770675472972e-01 -3.493394275218717926e+00
9.654061931645971928e-01 -3.620066549643636833e+00
1.045856709261647088e+00 -3.677306387460411941e+00
1.126307225358696762e+00 -3.637300453319882276e+00
1.206757741455746435e+00 -3.631403297902633831e+00
1.287208257552796331e+00 -3.672948548811230562e+00
1.367658773649846005e+00 -3.644936708696727479e+00
1.448109289746895678e+00 -3.550154040538332723e+00
1.528559805843945352e+00 -3.479566925655205534e+00
1.609010321940995247e+00 -3.484272382347228358e+00
1.689460838038045143e+00 -3.480620252085951716e+00
1.769911354135094594e+00 -3.441373065915385165e+00
1.850361870232144490e+00 -3.387649853497569641e+00
1.930812386329194386e+00 -3.266864579935616852e+00
2.011262902426244281e+00 -3.145469658402292978e+00
2.091713418523294177e+00 -3.121091178794936027e+00
2.172163934620343628e+00 -3.170423793910787325e+00
2.252614450717393524e+00 -3.188340617712861480e+00
2.333064966814443419e+00 -3.181138409587587645e+00
2.413515482911492871e+00 -3.219264165006712197e+00
2.493965999008542767e+00 -3.266814202084109553e+00
2.574416515105592662e+00 -3.266014282403715274e+00
2.654867031202642558e+00 -3.235094522939373274e+00
2.735317547299692009e+00 -3.222573799697312058e+00
2.815768063396741905e+00 -3.246948414914961667e+00
2.896218579493791356e+00 -3.273953306435665400e+00
2.976669095590841252e+00 -3.282779313365639329e+00
3.057119611687890703e+00 -3.270566926771369509e+00
3.137570127784940599e+00 -3.225718760367515703e+00
3.218020643881990495e+00 -3.201024686058830060e+00
3.298471159979039946e+00 -3.217036334518200480e+00
3.378921676076090286e+00 -3.208084402456071516e+00
3.459372192173139737e+00 -3.186523369489677737e+00
3.539822708270189189e+00 -3.180780836930021227e+00
3.620273224367239528e+00 -3.171208562889506144e+00
3.700723740464288980e+00 -3.168461169382668086e+00
3.781174256561339320e+00 -3.180001581634830377e+00
3.861624772658388771e+00 -3.212970679384843375e+00
3.942075288755438223e+00 -3.252680071366314429e+00
4.022525804852488562e+00 -3.274445811639957515e+00
4.102976320949538014e+00 -3.260545928720418818e+00
4.183426837046588354e+00 -3.223298318908164095e+00
4.263877353143637805e+00 -3.218138036162530469e+00
4.344327869240687257e+00 -3.188525756920770338e+00
4.424778385337737596e+00 -3.165537750354673108e+00
4.505228901434787048e+00 -3.185199152237265796e+00
4.585679417531836499e+00 -3.249128355313999350e+00
4.666129933628886839e+00 -3.284079821226421725e+00
4.746580449725936290e+00 -3.270275182784495360e+00
4.827030965822985742e+00 -3.224671795561817156e+00
4.907481481920036082e+00 -3.222198882119643226e+00
4.987931998017085533e+00 -3.234482532647390496e+00
5.068382514114135873e+00 -3.256323636073778616e+00
5.148833030211185324e+00 -3.259906826499393784e+00
5.229283546308234776e+00 -3.282171885838479852e+00
5.309734062405285115e+00 -3.315624760522653869e+00
5.390184578502334567e+00 -3.337184886405537121e+00
5.470635094599384018e+00 -3.335795120605843156e+00
5.551085610696433470e+00 -3.301785204413502761e+00
5.631536126793483810e+00 -3.290263054728095327e+00
5.711986642890533261e+00 -3.300396206335216576e+00
5.792437158987582713e+00 -3.292863832532036739e+00
5.872887675084633052e+00 -3.272942484710224864e+00
5.953338191181682504e+00 -3.273406405970332500e+00
6.033788707278731955e+00 -3.286435798363634309e+00
6.114239223375781407e+00 -3.285442830713539930e+00
6.194689739472831747e+00 -3.275326634997055120e+00
6.275140255569881198e+00 -3.301620088394950692e+00
6.355590771666931538e+00 -3.334082199030338423e+00
6.436041287763980989e+00 -3.334367784758693443e+00
6.516491803861030441e+00 -3.343955469310926354e+00
6.596942319958079892e+00 -3.335337512430897267e+00
6.677392836055131120e+00 -3.339666953982183717e+00
6.757843352152180572e+00 -3.341782002198915080e+00
6.838293868249230023e+00 -3.344448734143344204e+00
6.918744384346279475e+00 -3.351596644384760904e+00
6.999194900443328926e+00 -3.334085326832865182e+00
7.079645416540378378e+00 -3.316265116243328315e+00
7.160095932637429605e+00 -3.330636390829388116e+00
7.240546448734479057e+00 -3.332658480216247110e+00
7.320996964831528508e+00 -3.305422034115762298e+00
7.401447480928577960e+00 -3.315174956495928527e+00
7.481897997025627411e+00 -3.327634141307919347e+00
7.562348513122678639e+00 -3.323510641254242781e+00
7.642799029219728091e+00 -3.321960770667548246e+00
7.723249545316777542e+00 -3.305845420780475052e+00
7.803700061413826994e+00 -3.290549570445436167e+00
7.884150577510876445e+00 -3.329391701640315393e+00
7.964601093607927673e+00 -3.383421565469553638e+00
8.045051609704977125e+00 -3.390590795378651379e+00
8.125502125802025688e+00 -3.368167251982783661e+00
8.205952641899076028e+00 -3.363206309268201633e+00
8.286403157996124591e+00 -3.379314270164941902e+00
8.366853674093176707e+00 -3.411816071639234504e+00
8.447304190190225270e+00 -3.413279730558635094e+00
8.527754706287275610e+00 -3.391879678752598881e+00
8.608205222384324173e+00 -3.370596056884967773e+00
8.688655738481374513e+00 -3.366093617895871137e+00
8.769106254578423076e+00 -3.368922544956884924e+00
8.849556770675475192e+00 -3.386573608460229590e+00
8.930007286772523756e+00 -3.394086362474695306e+00
9.010457802869574095e+00 -3.399046588667886226e+00
9.090908318966622659e+00 -3.412987367433699681e+00
9.171358835063672998e+00 -3.425544406454513524e+00
9.251809351160723338e+00 -3.437857326580876727e+00
9.332259867257773678e+00 -3.440522450752249828e+00
9.412710383354822241e+00 -3.428948536216234633e+00
9.493160899451872581e+00 -3.413286091826459145e+00
9.573611415548921144e+00 -3.418733317943096761e+00
9.654061931645971484e+00 -3.439472044514636284e+00
9.734512447743021823e+00 -3.431583923266285474e+00
9.814962963840072163e+00 -3.415422122373002356e+00
9.895413479937120727e+00 -3.427382347603318280e+00
9.975863996034171066e+00 -3.435961171801148684e+00
1.005631451213121963e+01 -3.434879781362510709e+00
1.013676502822827175e+01 -3.436813179948253971e+00
1.021721554432532031e+01 -3.435616520314854760e+00
1.029766606042237065e+01 -3.460942199390488305e+00
