0.000000000000000000e+00 -1.549019599857431873e-01
8.045051609704977069e-02 -1.887562807385058106e-01
1.609010321940995414e-01 -4.876756737829369137e-01
2.413515482911492982e-01 -1.289925192742706450e+00
3.218020643881990828e-01 -2.294617034078433981e+00
4.022525804852488118e-01 -2.745129207801482618e+00
4.827030965822985964e-01 -2.956293456477916859e+00
5.631536126793483810e-01 -3.041572031872052051e+00
6.436041287763981655e-01 -3.245103651419620316e+00
7.240546448734478391e-01 -3.577072594153018148e+00
8.045051609704976237e-01 -3.665178950303490613e+00
8.849556770675472972e-01 -3.575039108825962320e+00
9.654061931645971928e-01 -3.504597510057300358e+00
1.045856709261647088e+00 -3.492833540181508489e+00
1.126307225358696762e+00 -3.591756109245193507e+00
1.206757741455746435e+00 -3.746941333586243594e+00
1.287208257552796331e+00 -3.811247096935726830e+00
1.367658773649846005e+00 -3.807264738726102049e+00
1.448109289746895678e+00 -3.784516689915384369e+00
1.528559805843945352e+00 -3.764810052802999074e+00
1.609010321940995247e+00 -3.730418245833455160e+00
1.689460838038045143e+00 -3.598225928851810806e+00
1.769911354135094594e+00 -3.380850306206194311e+00
1.850361870232144490e+00 -3.270636905620894375e+00
1.930812386329194386e+00 -3.238685205977008152e+00
2.011262902426244281e+00 -3.211221406747277296e+00
2.091713418523294177e+00 -3.172337249816571614e+00
2.172163934620343628e+00 -3.105170559530197938e+00
2.252614450717393524e+00 -3.076197800262250315e+00
2.333064966814443419e+00 -3.085271408838339724e+00
2.413515482911492871e+00 -3.109917838975829518e+00
2.493965999008542767e+00 -3.154574469410071025e+00
2.574416515105592662e+00 -3.185691536794228007e+00
2.654867031202642558e+00 -3.216513098703714046e+00
2.735317547299692009e+00 -3.233374446768939592e+00
2.815768063396741905e+00 -3.228673693490894614e+00
2.896218579493791356e+00 -3.227430342039289801e+00
2.976669095590841252e+00 -3.199986694831719714e+00
3.057119611687890703e+00 -3.153258960734334426e+00
3.137570127784940599e+00 -3.165555844073165037e+00
3.218020643881990495e+00 -3.219332471859483125e+00
3.298471159979039946e+00 -3.276124824119567069e+00
3.378921676076090286e+00 -3.271149604722416004e+00
3.459372192173139737e+00 -3.223566484357460737e+00
3.539822708270189189e+00 -3.197180013872347182e+00
3.620273224367239528e+00 -3.194188726859584548e+00
3.700723740464288980e+00 -3.162151224720024079e+00
3.781174256561339320e+00 -3.150400423455934185e+00
3.861624772658388771e+00 -3.176073223715372595e+00
3.942075288755438223e+00 -3.215170888070818744e+00
4.022525804852488562e+00 -3.231799323441382654e+00
4.102976320949538014e+00 -3.234992250334241426e+00
4.183426837046588354e+00 -3.246975150575693636e+00
4.263877353143637805e+00 -3.249676194748443159e+00
4.344327869240687257e+00 -3.248227530584871126e+00
4.424778385337737596e+00 -3.251655360883104251e+00
4.505228901434787048e+00 -3.227468162784228323e+00
4.585679417531836499e+00 -3.202198484954047242e+00
4.666129933628886839e+00 -3.215362376282072443e+00
4.746580449725936290e+00 -3.255821363959384040e+00
4.827030965822985742e+00 -3.302713298639106565e+00
4.907481481920036082e+00 -3.323239136688997064e+00
4.987931998017085533e+00 -3.311176781317649365e+00
5.068382514114135873e+00 -3.258220314708327958e+00
5.148833030211185324e+00 -3.219694208395432522e+00
5.229283546308234776e+00 -3.201268848623908703e+00
5.309734062405285115e+00 -3.241058655084133822e+00
5.390184578502334567e+00 -3.280298945658548515e+00
5.470635094599384018e+00 -3.266250743148685576e+00
5.551085610696433470e+00 -3.234882431446426843e+00
5.631536126793483810e+00 -3.228544612004136116e+00
5.711986642890533261e+00 -3.247811645581932360e+00
5.792437158987582713e+00 -3.280639463859289506e+00
5.872887675084633052e+00 -3.304124714989750800e+00
5.953338191181682504e+00 -3.306289210289913072e+00
6.033788707278731955e+00 -3.295872066597118621e+00
6.114239223375781407e+00 -3.279531781014435765e+00
6.194689739472831747e+00 -3.277707072087794771e+00
6.275140255569881198e+00 -3.289054915919866762e+00
6.355590771666931538e+00 -3.301278703275965398e+00
6.436041287763980989e+00 -3.311729379970433484e+00
6.516491803861030441e+00 -3.289385634980823259e+00
6.596942319958079892e+00 -3.254269727566448278e+00
6.677392836055131120e+00 -3.244489144388945867e+00
6.757843352152180572e+00 -3.274191240517099200e+00
6.838293868249230023e+00 -3.306635069794027437e+00
6.918744384346279475e+00 -3.312304382519338120e+00
6.999194900443328926e+00 -3.283604278646012009e+00
7.079645416540378378e+00 -3.250876551880041987e+00
7.160095932637429605e+00 -3.245725478276069609e+00
7.240546448734479057e+00 -3.253680351749729027e+00
7.320996964831528508e+00 -3.251326450524128386e+00
7.401447480928577960e+00 -3.228898639696151207e+00
7.481897997025627411e+00 -3.214775298060396747e+00
7.562348513122678639e+00 -3.223729767642891098e+00
7.642799029219728091e+00 -3.242890985413914073e+00
7.723249545316777542e+00 -3.263733203135944283e+00
7.803700061413826994e+00 -3.310670446560236346e+00
7.884150577510876445e+00 -3.336819933978398378e+00
7.964601093607927673e+00 -3.354019813853580612e+00
8.045051609704977125e+00 -3.358465239815684900e+00
8.125502125802025688e+00 -3.354742912683277289e+00
8.205952641899076028e+00 -3.349941865434326704e+00
8.286403157996124591e+00 -3.347178640536618399e+00
8.366853674093176707e+00 -3.341019862986692956e+00
8.447304190190225270e+00 -3.345848349030693836e+00
8.527754706287275610e+00 -3.347099039059756365e+00
8.608205222384324173e+00 -3.351802559022953432e+00
8.688655738481374513e+00 -3.352213960004652993e+00
8.769106254578423076e+00 -3.349067466369341606e+00
8.849556770675475192e+00 -3.322337444345054625e+00
8.930007286772523756e+00 -3.307465868136069354e+00
9.010457802869574095e+00 -3.303536077959491113e+00
9.090908318966622659e+00 -3.323687223278632086e+00
9.171358835063672998e+00 -3.346033619871490838e+00
9.251809351160723338e+00 -3.368926438427431336e+00
9.332259867257773678e+00 -3.391810879128957179e+00
9.412710383354822241e+00 -3.422700203523552975e+00
9.493160899451872581e+00 -3.440049169979649157e+00
9.573611415548921144e+00 -3.444519340967978849e+00
9.654061931645971484e+00 -3.430575618917975689e+00
9.734512447743021823e+00 -3.428251421145716460e+00
9.814962963840072163e+00 -3.415516736415906252e+00
9.895413479937120727e+00 -3.406362164121525815e+00
9.975863996034171066e+00 -3.399106924365576710e+00
1.005631451213121963e+01 -3.398162839027751847e+00
1.013676502822827175e+01 -3.402661810519204799e+00
1.021721554432532031e+01 -3.417469931120271198e+00
1.029766606042237065e+01 -3.423742769662761365e+00
