0.000000000000000000e+00 -1.549019599857431873e-01
8.045051609704977069e-02 -1.943877386945956909e-01
1.609010321940995414e-01 -5.526456797327904402e-01
2.413515482911492982e-01 -1.499860746022134705e+00
3.218020643881990828e-01 -2.209781729673764517e+00
4.022525804852488118e-01 -2.786917658055194646e+00
4.827030965822985964e-01 -3.161518553694462774e+00
5.631536126793483810e-01 -3.295483795117662762e+00
6.436041287763981655e-01 -3.454683014812131692e+00
7.240546448734478391e-01 -3.636906205483664056e+00
8.045051609704976237e-01 -3.778173913424658803e+00
8.849556770675472972e-01 -3.817388677073266123e+00
9.654061931645971928e-01 -3.829701198793033612e+00
1.045856709261647088e+00 -3.817678678940873649e+00
1.126307225358696762e+00 -3.788404004281081150e+00
1.206757741455746435e+00 -3.809016298172823944e+00
1.287208257552796331e+00 -3.760221495149492998e+00
1.367658773649846005e+00 -3.669331992901434525e+00
1.448109289746895678e+00 -3.603262299951247360e+00
1.528559805843945352e+00 -3.625355497046415465e+00
1.609010321940995247e+00 -3.624847549402662850e+00
1.689460838038045143e+00 -3.631421355351332814e+00
1.769911354135094594e+00 -3.600018239052535041e+00
1.850361870232144490e+00 -3.485911389210031075e+00
1.930812386329194386e+00 -3.329119341793916220e+00
2.011262902426244281e+00 -3.247002157085740137e+00
2.091713418523294177e+00 -3.266028111461610983e+00
2.172163934620343628e+00 -3.247791589702327286e+00
2.252614450717393524e+00 -3.244600583159039431e+00
2.333064966814443419e+00 -3.263959017815967645e+00
2.413515482911492871e+00 -3.258887200085214708e+00
2.493965999008542767e+00 -3.267327467258455798e+00
2.574416515105592662e+00 -3.270668329708672939e+00
2.654867031202642558e+00 -3.266560137927791097e+00
2.735317547299692009e+00 -3.252071742658857012e+00
2.815768063396741905e+00 -3.237808281368809826e+00
2.896218579493791356e+00 -3.240705691618014583e+00
2.976669095590841252e+00 -3.245313412263492570e+00
3.057119611687890703e+00 -3.203713174143246523e+00
3.137570127784940599e+00 -3.159063336005927258e+00
3.218020643881990495e+00 -3.160747256957605167e+00
3.298471159979039946e+00 -3.185138515934736514e+00
3.378921676076090286e+00 -3.204851865419877655e+00
3.459372192173139737e+00 -3.210882586821881102e+00
3.539822708270189189e+00 -3.233646388813159689e+00
3.620273224367239528e+00 -3.212606760338967860e+00
3.700723740464288980e+00 -3.151437812952657680e+00
3.781174256561339320e+00 -3.141345092016199381e+00
3.861624772658388771e+00 -3.159315024725312782e+00
3.942075288755438223e+00 -3.211347857293802122e+00
4.022525804852488562e+00 -3.243980418231769747e+00
4.102976320949538014e+00 -3.244284919768492426e+00
4.183426837046588354e+00 -3.224356691241772044e+00
4.263877353143637805e+00 -3.212596698893907643e+00
4.344327869240687257e+00 -3.184639704430799689e+00
4.424778385337737596e+00 -3.158753845550341222e+00
4.505228901434787048e+00 -3.173163778429235471e+00
4.585679417531836499e+00 -3.216261229182981740e+00
4.666129933628886839e+00 -3.265542787624682308e+00
4.746580449725936290e+00 -3.303001258868978329e+00
4.827030965822985742e+00 -3.299334955211852716e+00
4.907481481920036082e+00 -3.283066777485811105e+00
4.987931998017085533e+00 -3.268723463946563434e+00
5.068382514114135873e+00 -3.290936291264668689e+00
5.148833030211185324e+00 -3.288070174226158660e+00
5.229283546308234776e+00 -3.252398124991922934e+00
5.309734062405285115e+00 -3.223113822934159156e+00
5.390184578502334567e+00 -3.210048389223440157e+00
5.470635094599384018e+00 -3.187246439448835567e+00
5.551085610696433470e+00 -3.210406941373953771e+00
5.631536126793483810e+00 -3.267300177486582413e+00
5.711986642890533261e+00 -3.276502368345186600e+00
5.792437158987582713e+00 -3.268410464449907238e+00
5.872887675084633052e+00 -3.281299993586219266e+00
5.953338191181682504e+00 -3.299704109702261245e+00
6.033788707278731955e+00 -3.299447628952652867e+00
6.114239223375781407e+00 -3.283127779429105164e+00
6.194689739472831747e+00 -3.279874526519653166e+00
6.275140255569881198e+00 -3.288497064780981471e+00
6.355590771666931538e+00 -3.262699635963668410e+00
6.436041287763980989e+00 -3.249561167650789173e+00
6.516491803861030441e+00 -3.258109215343888199e+00
6.596942319958079892e+00 -3.280012663595719857e+00
6.677392836055131120e+00 -3.268993745626126657e+00
6.757843352152180572e+00 -3.245430961865200636e+00
6.838293868249230023e+00 -3.234887505589584489e+00
6.918744384346279475e+00 -3.246090415866799805e+00
6.999194900443328926e+00 -3.282518552171365567e+00
7.079645416540378378e+00 -3.316158417765843414e+00
7.160095932637429605e+00 -3.324758956938797638e+00
7.240546448734479057e+00 -3.338057368131812641e+00
7.320996964831528508e+00 -3.340425244805470761e+00
7.401447480928577960e+00 -3.312921997044001809e+00
7.481897997025627411e+00 -3.265110521827382595e+00
7.562348513122678639e+00 -3.236347428289829686e+00
7.642799029219728091e+00 -3.267015644984928358e+00
7.723249545316777542e+00 -3.337644365542659308e+00
7.803700061413826994e+00 -3.363939059116761943e+00
7.884150577510876445e+00 -3.345909994580747338e+00
7.964601093607927673e+00 -3.345110421538536549e+00
8.045051609704977125e+00 -3.343176794055921164e+00
8.125502125802025688e+00 -3.356062963496975193e+00
8.205952641899076028e+00 -3.361295494200044143e+00
8.286403157996124591e+00 -3.346431359120864979e+00
8.366853674093176707e+00 -3.346634416066103679e+00
8.447304190190225270e+00 -3.346016229484225057e+00
8.527754706287275610e+00 -3.322700553191357375e+00
8.608205222384324173e+00 -3.273933893500322601e+00
8.688655738481374513e+00 -3.270192575635718413e+00
8.769106254578423076e+00 -3.298470557422939375e+00
8.849556770675475192e+00 -3.334910700634741154e+00
8.930007286772523756e+00 -3.363038021843129055e+00
9.010457802869574095e+00 -3.374570523408989775e+00
9.090908318966622659e+00 -3.379433456192037610e+00
9.171358835063672998e+00 -3.367885933868120851e+00
9.251809351160723338e+00 -3.364290749008376213e+00
9.332259867257773678e+00 -3.365370183035528040e+00
9.412710383354822241e+00 -3.380155473231714058e+00
9.493160899451872581e+00 -3.411477892883352681e+00
9.573611415548921144e+00 -3.437771536912476389e+00
9.654061931645971484e+00 -3.433696736983427922e+00
9.734512447743021823e+00 -3.422348727288610615e+00
9.814962963840072163e+00 -3.445235934715426218e+00
9.895413479937120727e+00 -3.450351785638826385e+00
9.975863996034171066e+00 -3.436980715129559272e+00
1.005631451213121963e+01 -3.434522117425470089e+00
1.013676502822827175e+01 -3.443941452840874273e+00
1.021721554432532031e+01 -3.431543505866828436e+00
1.029766606042237065e+01 -3.413527156055104594e+00
