0.000000000000000000e+00 -1.549019599857431873e-01
8.045051609704977069e-02 -1.895994830462466307e-01
1.609010321940995414e-01 -4.416838562579329941e-01
2.413515482911492982e-01 -1.056682517286659628e+00
3.218020643881990828e-01 -1.627539099527611111e+00
4.022525804852488118e-01 -2.299474918506680510e+00
4.827030965822985964e-01 -2.911742470651589532e+00
5.631536126793483810e-01 -3.142714499923925597e+00
6.436041287763981655e-01 -3.389536330096386330e+00
7.240546448734478391e-01 -3.572042464173156073e+00
8.045051609704976237e-01 -3.754803175097921830e+00
8.849556770675472972e-01 -3.793434835233189695e+00
9.654061931645971928e-01 -3.778343044658726502e+00
1.045856709261647088e+00 -3.755679530091223128e+00
1.126307225358696762e+00 -3.729498376422319961e+00
1.206757741455746435e+00 -3.748261881576680832e+00
1.287208257552796331e+00 -3.780314828728375431e+00
1.367658773649846005e+00 -3.746855839011284495e+00
1.448109289746895678e+00 -3.693604191276845583e+00
1.528559805843945352e+00 -3.621380106980490066e+00
1.609010321940995247e+00 -3.564138999769745908e+00
1.689460838038045143e+00 -3.548906155596698309e+00
1.769911354135094594e+00 -3.517639832070261097e+00
1.850361870232144490e+00 -3.436955955586438627e+00
1.930812386329194386e+00 -3.329835292164283533e+00
2.011262902426244281e+00 -3.256870641407151989e+00
2.091713418523294177e+00 -3.217379184563067707e+00
2.172163934620343628e+00 -3.188193702348716574e+00
2.252614450717393524e+00 -3.184744632327071834e+00
2.333064966814443419e+00 -3.199796521655412729e+00
2.413515482911492871e+00 -3.228416375909322511e+00
2.493965999008542767e+00 -3.236673320982689894e+00
2.574416515105592662e+00 -3.236428614605490139e+00
2.654867031202642558e+00 -3.240356064052249963e+00
2.735317547299692009e+00 -3.277955820129923481e+00
2.815768063396741905e+00 -3.305997765940962285e+00
2.896218579493791356e+00 -3.308709995722784125e+00
2.976669095590841252e+00 -3.266344927961402078e+00
3.057119611687890703e+00 -3.204938096215148580e+00
3.137570127784940599e+00 -3.193696329977313564e+00
3.218020643881990495e+00 -3.202818708876383091e+00
3.298471159979039946e+00 -3.214463637164005405e+00
3.378921676076090286e+00 -3.233111194766391527e+00
3.459372192173139737e+00 -3.216624340323979148e+00
3.539822708270189189e+00 -3.191529667335056164e+00
3.620273224367239528e+00 -3.190817719260337970e+00
3.700723740464288980e+00 -3.222538628634265656e+00
3.781174256561339320e+00 -3.264002416352564051e+00
3.861624772658388771e+00 -3.272731061289237520e+00
3.942075288755438223e+00 -3.247271137488177750e+00
4.022525804852488562e+00 -3.198119188634173327e+00
4.102976320949538014e+00 -3.174393238760682134e+00
4.183426837046588354e+00 -3.174501450076573139e+00
4.263877353143637805e+00 -3.188444339215051215e+00
4.344327869240687257e+00 -3.223543957780427238e+00
4.424778385337737596e+00 -3.209136840533120871e+00
4.505228901434787048e+00 -3.180033474442014896e+00
4.585679417531836499e+00 -3.176876703603246810e+00
4.666129933628886839e+00 -3.192825025640855685e+00
4.746580449725936290e+00 -3.239031715374268927e+00
4.827030965822985742e+00 -3.292679296128696365e+00
4.907481481920036082e+00 -3.308281941834236406e+00
4.987931998017085533e+00 -3.320997518578398200e+00
5.068382514114135873e+00 -3.331341936580615837e+00
5.148833030211185324e+00 -3.316833931626463006e+00
5.229283546308234776e+00 -3.269282391612093441e+00
5.309734062405285115e+00 -3.233468904939733157e+00
5.390184578502334567e+00 -3.232436590189353254e+00
5.470635094599384018e+00 -3.226455257296676482e+00
5.551085610696433470e+00 -3.231916040856081196e+00
5.631536126793483810e+00 -3.256968750199127349e+00
5.711986642890533261e+00 -3.298889125325978888e+00
5.792437158987582713e+00 -3.309511805669891338e+00
5.872887675084633052e+00 -3.333168579615081839e+00
5.953338191181682504e+00 -3.381336336752820859e+00
6.033788707278731955e+00 -3.386930164277910382e+00
6.114239223375781407e+00 -3.344973091650656372e+00
6.194689739472831747e+00 -3.310669055269751304e+00
6.275140255569881198e+00 -3.310628802651650382e+00
6.355590771666931538e+00 -3.337809364214950225e+00
6.436041287763980989e+00 -3.362695957050770179e+00
6.516491803861030441e+00 -3.337741973481983315e+00
6.596942319958079892e+00 -3.283936113044586325e+00
6.677392836055131120e+00 -3.264706696676836550e+00
6.757843352152180572e+00 -3.286303815355875013e+00
6.838293868249230023e+00 -3.314858209280743928e+00
6.918744384346279475e+00 -3.328376539457396976e+00
6.999194900443328926e+00 -3.319393216513599310e+00
7.079645416540378378e+00 -3.299064265100959403e+00
7.160095932637429605e+00 -3.285164801965172021e+00
7.240546448734479057e+00 -3.286842051941351706e+00
7.320996964831528508e+00 -3.296020295885488505e+00
7.401447480928577960e+00 -3.304462373578420209e+00
7.481897997025627411e+00 -3.309481024684071571e+00
7.562348513122678639e+00 -3.335643800709441553e+00
7.642799029219728091e+00 -3.374659698568698740e+00
7.723249545316777542e+00 -3.387576341429355598e+00
7.803700061413826994e+00 -3.363627426600056758e+00
7.884150577510876445e+00 -3.340358753352147492e+00
7.964601093607927673e+00 -3.364169123304737052e+00
8.045051609704977125e+00 -3.408942818452394885e+00
8.125502125802025688e+00 -3.423376259216322826e+00
8.205952641899076028e+00 -3.406801371925226363e+00
8.286403157996124591e+00 -3.370508423330178527e+00
8.366853674093176707e+00 -3.340319443096999574e+00
8.447304190190225270e+00 -3.326937014921340641e+00
8.527754706287275610e+00 -3.342758325380960294e+00
8.608205222384324173e+00 -3.379703481641779472e+00
8.688655738481374513e+00 -3.399686273985987217e+00
8.769106254578423076e+00 -3.396008207723863581e+00
8.849556770675475192e+00 -3.378002489647950579e+00
8.930007286772523756e+00 -3.361310731685656084e+00
9.010457802869574095e+00 -3.352340485942566062e+00
9.090908318966622659e+00 -3.354374932081575444e+00
9.171358835063672998e+00 -3.385127937189153169e+00
9.251809351160723338e+00 -3.402440843768113954e+00
9.332259867257773678e+00 -3.392957122860481345e+00
9.412710383354822241e+00 -3.379480956542592729e+00
9.493160899451872581e+00 -3.380129286241663866e+00
9.573611415548921144e+00 -3.394007468841780284e+00
9.654061931645971484e+00 -3.426775454493544260e+00
9.734512447743021823e+00 -3.471120428729769447e+00
9.814962963840072163e+00 -3.475407041673110875e+00
9.895413479937120727e+00 -3.460095036039667171e+00
9.975863996034171066e+00 -3.444771427088004767e+00
1.005631451213121963e+01 -3.423520204156893509e+00
1.013676502822827175e+01 -3.420881070221489573e+00
1.021721554432532031e+01 -3.442153703404508658e+00
1.029766606042237065e+01 -3.458968148774747675e+00
