0.000000000000000000e+00 -1.549019599857431873e-01
8.045051609704977069e-02 -3.710189560557523580e-01
1.609010321940995414e-01 -9.881037596438111414e-01
2.413515482911492982e-01 -2.261335548840511578e+00
3.218020643881990828e-01 -3.190876942232307556e+00
4.022525804852488118e-01 -4.581956378287160625e+00
4.827030965822985964e-01 -5.557973034825477221e+00
5.631536126793483810e-01 -5.766466973610707925e+00
6.436041287763981655e-01 -6.009943224930131223e+00
7.240546448734478391e-01 -6.548708461573712114e+00
8.045051609704976237e-01 -7.281751629821036076e+00
8.849556770675472972e-01 -7.627432667650596798e+00
9.654061931645971928e-01 -7.752035810919023717e+00
1.045856709261647088e+00 -7.773892965491175033e+00
1.126307225358696762e+00 -7.795389115507384226e+00
1.206757741455746435e+00 -7.641075942823160716e+00
1.287208257552796331e+00 -7.426414661438628606e+00
1.367658773649846005e+00 -7.241892037934007931e+00
1.448109289746895678e+00 -7.200412594019717005e+00
1.528559805843945352e+00 -7.256898880740964231e+00
1.609010321940995247e+00 -7.099108427740269178e+00
1.689460838038045143e+00 -6.830742330936147688e+00
1.769911354135094594e+00 -6.640157258389437267e+00
1.850361870232144490e+00 -6.493121463189489795e+00
1.930812386329194386e+00 -6.333630192983989993e+00
2.011262902426244281e+00 -6.356015039304939940e+00
2.091713418523294177e+00 -6.468464557989114461e+00
2.172163934620343628e+00 -6.516619230621000902e+00
2.252614450717393524e+00 -6.376744610726039042e+00
2.333064966814443419e+00 -6.260649178615658172e+00
2.413515482911492871e+00 -6.192726144132900679e+00
2.493965999008542767e+00 -6.275534725489762877e+00
2.574416515105592662e+00 -6.399485517368216136e+00
2.654867031202642558e+00 -6.474937518548930626e+00
2.735317547299692009e+00 -6.479847142693310857e+00
2.815768063396741905e+00 -6.494947689657593948e+00
2.896218579493791356e+00 -6.553065458898328366e+00
2.976669095590841252e+00 -6.631917054842867643e+00
3.057119611687890703e+00 -6.674200515512991316e+00
3.137570127784940599e+00 -6.609810483885489418e+00
3.218020643881990495e+00 -6.552344865529208917e+00
3.298471159979039946e+00 -6.521861918668169444e+00
3.378921676076090286e+00 -6.568269357845255563e+00
3.459372192173139737e+00 -6.570040169843148981e+00
3.539822708270189189e+00 -6.519306224409302963e+00
3.620273224367239528e+00 -6.497908993776637665e+00
3.700723740464288980e+00 -6.564398178605656220e+00
3.781174256561339320e+00 -6.663023035036387043e+00
3.861624772658388771e+00 -6.674249778236423403e+00
3.942075288755438223e+00 -6.706071370906208529e+00
4.022525804852488562e+00 -6.680070077602084488e+00
4.102976320949538014e+00 -6.626488766143228126e+00
4.183426837046588354e+00 -6.657704098024973760e+00
4.263877353143637805e+00 -6.681081717547836085e+00
4.344327869240687257e+00 -6.632611951567805697e+00
4.424778385337737596e+00 -6.545804286130448624e+00
4.505228901434787048e+00 -6.465644432868409730e+00
4.585679417531836499e+00 -6.484035601250317526e+00
4.666129933628886839e+00 -6.475114239213721312e+00
4.746580449725936290e+00 -6.475159647884450642e+00
4.827030965822985742e+00 -6.556644603131092985e+00
4.907481481920036082e+00 -6.643376688726490009e+00
4.987931998017085533e+00 -6.596446976249202621e+00
5.068382514114135873e+00 -6.534724623046013647e+00
5.148833030211185324e+00 -6.527691082223114449e+00
5.229283546308234776e+00 -6.610206593698282340e+00
5.309734062405285115e+00 -6.647617513128352584e+00
5.390184578502334567e+00 -6.670305449027223332e+00
5.470635094599384018e+00 -6.657573284267851221e+00
5.551085610696433470e+00 -6.630763531899255270e+00
5.631536126793483810e+00 -6.602100593618358992e+00
5.711986642890533261e+00 -6.611834101545380094e+00
5.792437158987582713e+00 -6.652230059080936009e+00
5.872887675084633052e+00 -6.672814744750337645e+00
5.953338191181682504e+00 -6.703400892854936011e+00
6.033788707278731955e+00 -6.693296422845271820e+00
6.114239223375781407e+00 -6.666530287349858419e+00
6.194689739472831747e+00 -6.631321899908722450e+00
6.275140255569881198e+00 -6.639281098146390114e+00
6.355590771666931538e+00 -6.660368561634862239e+00
6.436041287763980989e+00 -6.675379707510077587e+00
6.516491803861030441e+00 -6.665111536910400147e+00
6.596942319958079892e+00 -6.641286168159632908e+00
6.677392836055131120e+00 -6.653349483019853849e+00
6.757843352152180572e+00 -6.662794606608826165e+00
6.838293868249230023e+00 -6.623201211265209665e+00
6.918744384346279475e+00 -6.601086219569956448e+00
6.999194900443328926e+00 -6.602739539220434217e+00
7.079645416540378378e+00 -6.635184682157839298e+00
7.160095932637429605e+00 -6.700905085941366579e+00
7.240546448734479057e+00 -6.769965542600020925e+00
7.320996964831528508e+00 -6.813878941173304504e+00
7.401447480928577960e+00 -6.799965099490280274e+00
7.481897997025627411e+00 -6.785762372959018407e+00
7.562348513122678639e+00 -6.830852938406927422e+00
7.642799029219728091e+00 -6.836757221574237597e+00
7.723249545316777542e+00 -6.761850517841151209e+00
7.803700061413826994e+00 -6.724894038147220421e+00
7.884150577510876445e+00 -6.762966989944341201e+00
7.964601093607927673e+00 -6.778045386356557067e+00
8.045051609704977125e+00 -6.757764560905262563e+00
8.125502125802025688e+00 -6.728896264423106288e+00
8.205952641899076028e+00 -6.716916170513909989e+00
8.286403157996124591e+00 -6.719653622750481503e+00
8.366853674093176707e+00 -6.731021789624211493e+00
8.447304190190225270e+00 -6.736370654424168158e+00
8.527754706287275610e+00 -6.673765894077032357e+00
8.608205222384324173e+00 -6.638745088606658129e+00
8.688655738481374513e+00 -6.672360301712370045e+00
8.769106254578423076e+00 -6.761820626812739654e+00
8.849556770675475192e+00 -6.815628725508045882e+00
8.930007286772523756e+00 -6.839046810619347383e+00
9.010457802869574095e+00 -6.825108987900048163e+00
9.090908318966622659e+00 -6.809217647991779643e+00
9.171358835063672998e+00 -6.796075176672649931e+00
9.251809351160723338e+00 -6.791690111471480940e+00
9.332259867257773678e+00 -6.795049437709254292e+00
9.412710383354822241e+00 -6.798504783553593889e+00
9.493160899451872581e+00 -6.776276647722587754e+00
9.573611415548921144e+00 -6.791681785504980695e+00
9.654061931645971484e+00 -6.805535630520057389e+00
9.734512447743021823e+00 -6.829966656183214191e+00
9.814962963840072163e+00 -6.836524892220230853e+00
9.895413479937120727e+00 -6.880976274865496123e+00
9.975863996034171066e+00 -6.932339680418570182e+00
1.005631451213121963e+01 -6.973032872605096522e+00
1.013676502822827175e+01 -6.935558464601124129e+00
1.021721554432532031e+01 -6.884443517095376386e+00
1.029766606042237065e+01 -6.826890890695916703e+00
