0.000000000000000000e+00 -1.549019599857431873e-01
1.609010321940995344e-02 -2.104083874638008889e-01
3.218020643881990689e-02 -6.576549591289517771e-01
4.827030965822985686e-02 -3.099573424814055400e+00
6.436041287763981378e-02 -4.509861918764253907e+00
8.045051609704975681e-02 -5.132771525898173870e+00
9.654061931645971373e-02 -5.360858173532607296e+00
1.126307225358696568e-01 -5.386221677066964197e+00
1.287208257552796276e-01 -5.325937590851276049e+00
1.448109289746895567e-01 -5.281916920181086716e+00
1.609010321940995136e-01 -5.247661753128840090e+00
1.769911354135094428e-01 -5.216279368168800445e+00
1.930812386329194275e-01 -5.205980741546889945e+00
2.091713418523293844e-01 -5.177173942986761368e+00
2.252614450717393135e-01 -5.101936918052544456e+00
2.413515482911492704e-01 -5.043746444919475991e+00
2.574416515105592551e-01 -5.055571251502395391e+00
2.735317547299692120e-01 -5.048933957753009238e+00
2.896218579493791134e-01 -4.980001648647494505e+00
3.057119611687890703e-01 -4.874332105043496455e+00
3.218020643881990273e-01 -4.880338028745313750e+00
3.378921676076089842e-01 -5.019853775803588825e+00
3.539822708270188856e-01 -5.133935269631101583e+00
3.700723740464288980e-01 -5.172660486474740082e+00
3.861624772658388549e-01 -5.139181345983494964e+00
4.022525804852488118e-01 -5.135447394806415211e+00
4.183426837046587687e-01 -5.174743052167682933e+00
4.344327869240686701e-01 -5.245999716948287706e+00
4.505228901434786271e-01 -5.305819695945226400e+00
4.666129933628886395e-01 -5.344187185139652740e+00
4.827030965822985409e-01 -5.347459718925980710e+00
4.987931998017084978e-01 -5.353228292780397801e+00
5.148833030211185102e-01 -5.372909123973326651e+00
5.309734062405284671e-01 -5.382437115395902971e+00
5.470635094599384241e-01 -5.384306018238214087e+00
5.631536126793482699e-01 -5.387975659139581097e+00
5.792437158987582269e-01 -5.395977156942418418e+00
5.953338191181682948e-01 -5.395512081675359894e+00
6.114239223375781407e-01 -5.396240689695637194e+00
6.275140255569880976e-01 -5.397144844074118986e+00
6.436041287763980545e-01 -5.397372500896103986e+00
6.596942319958080114e-01 -5.397664206549006138e+00
6.757843352152179683e-01 -5.397940008668228984e+00
6.918744384346279253e-01 -5.397940008668228984e+00
7.079645416540377711e-01 -5.397910673032161988e+00
7.240546448734478391e-01 -5.397860365992772635e+00
7.401447480928577960e-01 -5.397911230074351252e+00
7.562348513122677529e-01 -5.397917060861662897e+00
7.723249545316777098e-01 -5.397940008668228984e+00
7.884150577510875557e-01 -5.397940008668228984e+00
8.045051609704976237e-01 -5.397845465055236325e+00
8.205952641899075806e-01 -5.397940008668228984e+00
8.366853674093175375e-01 -5.397870491489380917e+00
8.527754706287274944e-01 -5.397560643242532485e+00
8.688655738481373403e-01 -5.397418376926576222e+00
8.849556770675474082e-01 -5.397917205046694811e+00
9.010457802869572541e-01 -5.397940008668228984e+00
9.171358835063672110e-01 -5.397834806428111420e+00
9.332259867257772790e-01 -5.397910787588601877e+00
9.493160899451871249e-01 -5.397940008668228984e+00
9.654061931645970818e-01 -5.397434278077974490e+00
9.814962963840070387e-01 -5.396885368624083412e+00
9.975863996034169956e-01 -5.397778877528129904e+00
1.013676502822826953e+00 -5.397940008668228984e+00
1.029766606042237020e+00 -5.397940008668228984e+00
1.045856709261646866e+00 -5.397797813066315342e+00
1.061946812481056934e+00 -5.397157979244841641e+00
1.078036915700466780e+00 -5.397431342891616524e+00
1.094127018919876848e+00 -5.397907211715585518e+00
1.110217122139286694e+00 -5.397896982962231860e+00
1.126307225358696540e+00 -5.397340814498460482e+00
1.142397328578106608e+00 -5.397279090488351194e+00
1.158487431797516454e+00 -5.396292497398280652e+00
1.174577535016926522e+00 -5.396210990702268617e+00
1.190667638236336590e+00 -5.396205159417413633e+00
1.206757741455746435e+00 -5.397275699334623589e+00
1.222847844675156281e+00 -5.397043287106860099e+00
1.238937947894566349e+00 -5.397107045206976039e+00
1.255028051113976195e+00 -5.397043630217353005e+00
1.271118154333386263e+00 -5.396691003895824679e+00
1.287208257552796109e+00 -5.396282509563983254e+00
1.303298360772205955e+00 -5.396738094660029184e+00
1.319388463991616023e+00 -5.397647661519458850e+00
1.335478567211026091e+00 -5.395982651354995774e+00
1.351568670430435937e+00 -5.392990130615304523e+00
1.367658773649846005e+00 -5.393001720191327841e+00
1.383748876869255851e+00 -5.393305864263993499e+00
1.399838980088665696e+00 -5.396611151932710015e+00
1.415929083308075542e+00 -5.396671036814863598e+00
1.432019186527485832e+00 -5.395508996036263660e+00
1.448109289746895678e+00 -5.395127572739625954e+00
1.464199392966305524e+00 -5.394479332968272978e+00
1.480289496185715592e+00 -5.391681355184317681e+00
1.496379599405125438e+00 -5.392154217697119556e+00
1.512469702624535506e+00 -5.388260906962595520e+00
1.528559805843945574e+00 -5.382748882754723851e+00
1.544649909063355420e+00 -5.373425356548109377e+00
1.560740012282765266e+00 -5.376739310543933392e+00
1.576830115502175111e+00 -5.381321465284060857e+00
1.592920218721585401e+00 -5.374305327884622230e+00
1.609010321940995247e+00 -5.365704339595971817e+00
1.625100425160405093e+00 -5.362813475278636943e+00
1.641190528379815161e+00 -5.360230065935880361e+00
1.657280631599225007e+00 -5.355492460908450880e+00
1.673370734818635075e+00 -5.346347742431309946e+00
1.689460838038045143e+00 -5.320232758275260210e+00
1.705550941257454989e+00 -5.301522727813125613e+00
1.721641044476864835e+00 -5.298593577968183865e+00
1.737731147696274681e+00 -5.300081618980544640e+00
1.753821250915684526e+00 -5.296574103231376895e+00
1.769911354135094816e+00 -5.286551872233352434e+00
1.786001457354504662e+00 -5.285697022711074666e+00
1.802091560573914508e+00 -5.281173513866876057e+00
1.818181663793324576e+00 -5.269921333440389155e+00
1.834271767012734422e+00 -5.261389986357943194e+00
1.850361870232144490e+00 -5.266626987209427568e+00
1.866451973451554558e+00 -5.287218603818934604e+00
1.882542076670964404e+00 -5.291367352688997272e+00
1.898632179890374250e+00 -5.303085418161683329e+00
1.914722283109784096e+00 -5.307048610000880018e+00
1.930812386329194164e+00 -5.307554227225300458e+00
1.946902489548604231e+00 -5.307936438339494245e+00
1.962992592768014077e+00 -5.314258893026977404e+00
1.979082695987424145e+00 -5.327664554263061625e+00
1.995172799206833991e+00 -5.345270980306587205e+00
2.011262902426243837e+00 -5.356766841076724184e+00
2.027353005645653905e+00 -5.361421892352987939e+00
2.043443108865063973e+00 -5.369246051212010151e+00
2.059533212084474041e+00 -5.372998179796234730e+00
