0.000000000000000000e+00 -1.549019599857431873e-01
1.609010321940995344e-02 -2.057269922414945995e-01
3.218020643881990689e-02 -5.470186429450417664e-01
4.827030965822985686e-02 -2.420306586438178087e+00
6.436041287763981378e-02 -4.224218044519348680e+00
8.045051609704975681e-02 -4.890499954348098477e+00
9.654061931645971373e-02 -5.260640883031088677e+00
1.126307225358696568e-01 -5.318875434892635035e+00
1.287208257552796276e-01 -5.259425030339450302e+00
1.448109289746895567e-01 -5.248373828794917095e+00
1.609010321940995136e-01 -5.244355492701248345e+00
1.769911354135094428e-01 -5.205394753476156211e+00
1.930812386329194275e-01 -5.148584114102544795e+00
2.091713418523293844e-01 -5.116222932979675342e+00
2.252614450717393135e-01 -5.122536418027019423e+00
2.413515482911492704e-01 -5.150682988152791353e+00
2.574416515105592551e-01 -5.174008056393763155e+00
2.735317547299692120e-01 -5.123916249227276509e+00
2.896218579493791134e-01 -5.064431553543676578e+00
3.057119611687890703e-01 -5.075523903654040936e+00
3.218020643881990273e-01 -5.082320463066238858e+00
3.378921676076089842e-01 -5.068483268733849023e+00
3.539822708270188856e-01 -5.059703178006150104e+00
3.700723740464288980e-01 -5.059475168953206925e+00
3.861624772658388549e-01 -5.085277129751913705e+00
4.022525804852488118e-01 -5.128045269569144970e+00
4.183426837046587687e-01 -5.179681434297745746e+00
4.344327869240686701e-01 -5.233737632984847288e+00
4.505228901434786271e-01 -5.301304928521005877e+00
4.666129933628886395e-01 -5.335489247298375481e+00
4.827030965822985409e-01 -5.355259227175934278e+00
4.987931998017084978e-01 -5.366179074232081625e+00
5.148833030211185102e-01 -5.373190944073049202e+00
5.309734062405284671e-01 -5.383413844411552240e+00
5.470635094599384241e-01 -5.392584162659152192e+00
5.631536126793482699e-01 -5.396386693727331263e+00
5.792437158987582269e-01 -5.394553219856684123e+00
5.953338191181682948e-01 -5.395079423128258611e+00
6.114239223375781407e-01 -5.396812843070623700e+00
6.275140255569880976e-01 -5.397504745921806624e+00
6.436041287763980545e-01 -5.397940008668228984e+00
6.596942319958080114e-01 -5.397940008668228984e+00
6.757843352152179683e-01 -5.397940008668228984e+00
6.918744384346279253e-01 -5.397889790385810294e+00
7.079645416540377711e-01 -5.397911370933240249e+00
7.240546448734478391e-01 -5.397940008668241418e+00
7.401447480928577960e-01 -5.397940008668228984e+00
7.562348513122677529e-01 -5.397940008668228984e+00
7.723249545316777098e-01 -5.397940008668228984e+00
7.884150577510875557e-01 -5.397940008668228984e+00
8.045051609704976237e-01 -5.397940008668228984e+00
8.205952641899075806e-01 -5.397940008668228984e+00
8.366853674093175375e-01 -5.397940008668228984e+00
8.527754706287274944e-01 -5.397940008668228984e+00
8.688655738481373403e-01 -5.397940008668228984e+00
8.849556770675474082e-01 -5.397940008668228984e+00
9.010457802869572541e-01 -5.397940008668228984e+00
9.171358835063672110e-01 -5.397897282824843046e+00
9.332259867257772790e-01 -5.397924709729285730e+00
9.493160899451871249e-01 -5.397940008668228984e+00
9.654061931645970818e-01 -5.397940008668228984e+00
9.814962963840070387e-01 -5.397940008668228984e+00
9.975863996034169956e-01 -5.397940008668228984e+00
1.013676502822826953e+00 -5.397940008668228984e+00
1.029766606042237020e+00 -5.397940008668228984e+00
1.045856709261646866e+00 -5.397940008668228984e+00
1.061946812481056934e+00 -5.397940008668228984e+00
1.078036915700466780e+00 -5.397940008668228984e+00
1.094127018919876848e+00 -5.397545415815786285e+00
1.110217122139286694e+00 -5.396298549694883206e+00
1.126307225358696540e+00 -5.395894515864807950e+00
1.142397328578106608e+00 -5.397116116983598388e+00
1.158487431797516454e+00 -5.397764340548204309e+00
1.174577535016926522e+00 -5.397385155081448005e+00
1.190667638236336590e+00 -5.397195699645985556e+00
1.206757741455746435e+00 -5.397878959114509989e+00
1.222847844675156281e+00 -5.397940008668228984e+00
1.238937947894566349e+00 -5.397687398728457708e+00
1.255028051113976195e+00 -5.397555278638919596e+00
1.271118154333386263e+00 -5.397487305580377814e+00
1.287208257552796109e+00 -5.397153148197289418e+00
1.303298360772205955e+00 -5.396696701348401959e+00
1.319388463991616023e+00 -5.397056697920191937e+00
1.335478567211026091e+00 -5.397164599619721947e+00
1.351568670430435937e+00 -5.396439831304620682e+00
1.367658773649846005e+00 -5.396974829426771869e+00
1.383748876869255851e+00 -5.397336771853608717e+00
1.399838980088665696e+00 -5.397507507863338105e+00
1.415929083308075542e+00 -5.394919631278212613e+00
1.432019186527485832e+00 -5.391046722116319856e+00
1.448109289746895678e+00 -5.391449783397954221e+00
1.464199392966305524e+00 -5.393667736603939389e+00
1.480289496185715592e+00 -5.391353942345768147e+00
1.496379599405125438e+00 -5.386776700158988795e+00
1.512469702624535506e+00 -5.386031621536206515e+00
1.528559805843945574e+00 -5.388758395164731319e+00
1.544649909063355420e+00 -5.392169350838990738e+00
1.560740012282765266e+00 -5.391817101653224142e+00
1.576830115502175111e+00 -5.385608350140532075e+00
1.592920218721585401e+00 -5.375541713367780083e+00
1.609010321940995247e+00 -5.372513113388170503e+00
1.625100425160405093e+00 -5.377275050898507658e+00
1.641190528379815161e+00 -5.374961787411896452e+00
1.657280631599225007e+00 -5.363748349178611541e+00
1.673370734818635075e+00 -5.353420360713328385e+00
1.689460838038045143e+00 -5.343410745611592461e+00
1.705550941257454989e+00 -5.334648173447537722e+00
1.721641044476864835e+00 -5.325653712708286136e+00
1.737731147696274681e+00 -5.316232800033837691e+00
1.753821250915684526e+00 -5.306860490449873069e+00
1.769911354135094816e+00 -5.312520252714437952e+00
1.786001457354504662e+00 -5.322176344891198951e+00
1.802091560573914508e+00 -5.319620235520006624e+00
1.818181663793324576e+00 -5.312509087308677991e+00
1.834271767012734422e+00 -5.314524047314630018e+00
1.850361870232144490e+00 -5.317187409757472949e+00
1.866451973451554558e+00 -5.313928892571007090e+00
1.882542076670964404e+00 -5.314859184199448805e+00
1.898632179890374250e+00 -5.328629029586341659e+00
1.914722283109784096e+00 -5.340978218918106535e+00
1.930812386329194164e+00 -5.346010982430239977e+00
1.946902489548604231e+00 -5.346612450237444136e+00
1.962992592768014077e+00 -5.350375053161592120e+00
1.979082695987424145e+00 -5.357518187109737262e+00
1.995172799206833991e+00 -5.368292176424072970e+00
2.011262902426243837e+00 -5.371980393202941073e+00
2.027353005645653905e+00 -5.372283445108848809e+00
2.043443108865063973e+00 -5.376462791392063956e+00
2.059533212084474041e+00 -5.378028441694095108e+00
