0.000000000000000000e+00 -1.549019599857431873e-01
1.609010321940995344e-02 -1.936742544371331254e-01
3.218020643881990689e-02 -5.790940444965539946e-01
4.827030965822985686e-02 -2.350708434967136107e+00
6.436041287763981378e-02 -4.204209420534350095e+00
8.045051609704975681e-02 -4.634148110544547450e+00
9.654061931645971373e-02 -4.818068341666677412e+00
1.126307225358696568e-01 -4.928549191212518110e+00
1.287208257552796276e-01 -4.949131974003280199e+00
1.448109289746895567e-01 -4.971364026061959152e+00
1.609010321940995136e-01 -5.013757403671236013e+00
1.769911354135094428e-01 -5.035297652087399989e+00
1.930812386329194275e-01 -5.034120559495005587e+00
2.091713418523293844e-01 -5.027037564006876735e+00
2.252614450717393135e-01 -5.009684177190417920e+00
2.413515482911492704e-01 -5.031058538443542005e+00
2.574416515105592551e-01 -5.077806223774619987e+00
2.735317547299692120e-01 -5.121026195256765945e+00
2.896218579493791134e-01 -5.116620540584293053e+00
3.057119611687890703e-01 -5.074607361675929518e+00
3.218020643881990273e-01 -5.057928891855702602e+00
3.378921676076089842e-01 -5.072165627401955312e+00
3.539822708270188856e-01 -5.118387082702057889e+00
3.700723740464288980e-01 -5.182114231249733471e+00
3.861624772658388549e-01 -5.219458206225285224e+00
4.022525804852488118e-01 -5.245786173118522022e+00
4.183426837046587687e-01 -5.271530490134177960e+00
4.344327869240686701e-01 -5.307304108530955133e+00
4.505228901434786271e-01 -5.349312348649857718e+00
4.666129933628886395e-01 -5.373021078186335231e+00
4.827030965822985409e-01 -5.381318643871958685e+00
4.987931998017084978e-01 -5.380249324581365400e+00
5.148833030211185102e-01 -5.386822325883965590e+00
5.309734062405284671e-01 -5.392374622673555606e+00
5.470635094599384241e-01 -5.395743505533713957e+00
5.631536126793482699e-01 -5.397779711745805287e+00
5.792437158987582269e-01 -5.397730520816438116e+00
5.953338191181682948e-01 -5.397940008668228984e+00
6.114239223375781407e-01 -5.397923664968340418e+00
6.275140255569880976e-01 -5.397775303638550959e+00
6.436041287763980545e-01 -5.397892705328049878e+00
6.596942319958080114e-01 -5.397940008668228984e+00
6.757843352152179683e-01 -5.397940008668228984e+00
6.918744384346279253e-01 -5.397562925760889918e+00
7.079645416540377711e-01 -5.397159743648165531e+00
7.240546448734478391e-01 -5.397540616723530249e+00
7.401447480928577960e-01 -5.397066090659142112e+00
7.562348513122677529e-01 -5.397797856420700313e+00
7.723249545316777098e-01 -5.397940008668228984e+00
7.884150577510875557e-01 -5.397623868372659395e+00
8.045051609704976237e-01 -5.397801719370613149e+00
8.205952641899075806e-01 -5.397940008668228984e+00
8.366853674093175375e-01 -5.397940008668228984e+00
8.527754706287274944e-01 -5.397940008668228984e+00
8.688655738481373403e-01 -5.397940008668228984e+00
8.849556770675474082e-01 -5.397940008668228984e+00
9.010457802869572541e-01 -5.397940008668228984e+00
9.171358835063672110e-01 -5.397940008668228984e+00
9.332259867257772790e-01 -5.397940008668228984e+00
9.493160899451871249e-01 -5.397940008668228984e+00
9.654061931645970818e-01 -5.397940008668228984e+00
9.814962963840070387e-01 -5.397940008668228984e+00
9.975863996034169956e-01 -5.397940008668228984e+00
1.013676502822826953e+00 -5.397940008668247636e+00
1.029766606042237020e+00 -5.397940008668228984e+00
1.045856709261646866e+00 -5.397940008668228984e+00
1.061946812481056934e+00 -5.397940008668228984e+00
1.078036915700466780e+00 -5.397921114780377394e+00
1.094127018919876848e+00 -5.397940008668228984e+00
1.110217122139286694e+00 -5.397873885436922592e+00
1.126307225358696540e+00 -5.397745059721049898e+00
1.142397328578106608e+00 -5.397907905035665976e+00
1.158487431797516454e+00 -5.397921596519421605e+00
1.174577535016926522e+00 -5.397860878183972311e+00
1.190667638236336590e+00 -5.397885493850776761e+00
1.206757741455746435e+00 -5.397892293495723415e+00
1.222847844675156281e+00 -5.397788397291795270e+00
1.238937947894566349e+00 -5.397530791657628946e+00
1.255028051113976195e+00 -5.397229025118162937e+00
1.271118154333386263e+00 -5.397404700845467751e+00
1.287208257552796109e+00 -5.397878189676643679e+00
1.303298360772205955e+00 -5.397685574688919630e+00
1.319388463991616023e+00 -5.396365795719086478e+00
1.335478567211026091e+00 -5.395498793566857465e+00
1.351568670430435937e+00 -5.395890366043295749e+00
1.367658773649846005e+00 -5.395824311727932532e+00
1.383748876869255851e+00 -5.394714203907565953e+00
1.399838980088665696e+00 -5.394333666444337538e+00
1.415929083308075542e+00 -5.394451891556633072e+00
1.432019186527485832e+00 -5.395307572217119763e+00
1.448109289746895678e+00 -5.395215485104202457e+00
1.464199392966305524e+00 -5.393738060112344357e+00
1.480289496185715592e+00 -5.393467666727540077e+00
1.496379599405125438e+00 -5.392264009832368643e+00
1.512469702624535506e+00 -5.387882061846604564e+00
1.528559805843945574e+00 -5.386482202072116365e+00
1.544649909063355420e+00 -5.387642431460942127e+00
1.560740012282765266e+00 -5.389984992853801060e+00
1.576830115502175111e+00 -5.386154917702421052e+00
1.592920218721585401e+00 -5.378128248633028186e+00
1.609010321940995247e+00 -5.372531435749149153e+00
1.625100425160405093e+00 -5.374610511257302825e+00
1.641190528379815161e+00 -5.372536701717037566e+00
1.657280631599225007e+00 -5.366612264325222981e+00
1.673370734818635075e+00 -5.363720648040189332e+00
1.689460838038045143e+00 -5.356452018488331746e+00
1.705550941257454989e+00 -5.349349937326786097e+00
1.721641044476864835e+00 -5.346044077218072843e+00
1.737731147696274681e+00 -5.339302791556686856e+00
1.753821250915684526e+00 -5.336079342314269169e+00
1.769911354135094816e+00 -5.323459641847939849e+00
1.786001457354504662e+00 -5.313182661420768227e+00
1.802091560573914508e+00 -5.313108542307285020e+00
1.818181663793324576e+00 -5.315319784685174298e+00
1.834271767012734422e+00 -5.313142190266750831e+00
1.850361870232144490e+00 -5.301624263136647031e+00
1.866451973451554558e+00 -5.292840899153477885e+00
1.882542076670964404e+00 -5.293476067544578889e+00
1.898632179890374250e+00 -5.302813616999140223e+00
1.914722283109784096e+00 -5.316044617640379499e+00
1.930812386329194164e+00 -5.327613570255084419e+00
1.946902489548604231e+00 -5.333853453505350117e+00
1.962992592768014077e+00 -5.340028853003209619e+00
1.979082695987424145e+00 -5.346157288161783150e+00
1.995172799206833991e+00 -5.351260216263575842e+00
2.011262902426243837e+00 -5.354100846578543127e+00
2.027353005645653905e+00 -5.362948098747001069e+00
2.043443108865063973e+00 -5.368854127724406844e+00
2.059533212084474041e+00 -5.375813250953938471e+00
