0.000000000000000000e+00 -1.549019599857431873e-01
1.609010321940995344e-02 -2.055913984933811500e-01
3.218020643881990689e-02 -6.410373344373125892e-01
4.827030965822985686e-02 -2.912551200627276238e+00
6.436041287763981378e-02 -4.466416810682012795e+00
8.045051609704975681e-02 -4.996851393969211408e+00
9.654061931645971373e-02 -5.161613335052090079e+00
1.126307225358696568e-01 -5.213337867556990801e+00
1.287208257552796276e-01 -5.236635228249254759e+00
1.448109289746895567e-01 -5.251580577468978994e+00
1.609010321940995136e-01 -5.183613046915649392e+00
1.769911354135094428e-01 -5.115071581381733345e+00
1.930812386329194275e-01 -5.116511071974242597e+00
2.091713418523293844e-01 -5.157832636342196686e+00
2.252614450717393135e-01 -5.142513453284121461e+00
2.413515482911492704e-01 -5.090250190708452749e+00
2.574416515105592551e-01 -5.072309732946455263e+00
2.735317547299692120e-01 -5.093731389532290876e+00
2.896218579493791134e-01 -5.100912875758363718e+00
3.057119611687890703e-01 -5.112209625678936220e+00
3.218020643881990273e-01 -5.143899740558396161e+00
3.378921676076089842e-01 -5.154281401578503896e+00
3.539822708270188856e-01 -5.213371207199984703e+00
3.700723740464288980e-01 -5.285154564605914373e+00
3.861624772658388549e-01 -5.319727552448199503e+00
4.022525804852488118e-01 -5.316198939492971398e+00
4.183426837046587687e-01 -5.323509264130996677e+00
4.344327869240686701e-01 -5.338896625966130571e+00
4.505228901434786271e-01 -5.343523429100969224e+00
4.666129933628886395e-01 -5.346353132243197415e+00
4.827030965822985409e-01 -5.367792568140669296e+00
4.987931998017084978e-01 -5.384235977245239724e+00
5.148833030211185102e-01 -5.386685266490439439e+00
5.309734062405284671e-01 -5.382250461937354125e+00
5.470635094599384241e-01 -5.384488970871521119e+00
5.631536126793482699e-01 -5.393768492858147745e+00
5.792437158987582269e-01 -5.397463896143382733e+00
5.953338191181682948e-01 -5.395290191164616722e+00
6.114239223375781407e-01 -5.396104904586208839e+00
6.275140255569880976e-01 -5.395500051399795716e+00
6.436041287763980545e-01 -5.393592405392578115e+00
6.596942319958080114e-01 -5.395070350062964870e+00
6.757843352152179683e-01 -5.397730911717775193e+00
6.918744384346279253e-01 -5.397940008668228984e+00
7.079645416540377711e-01 -5.397940008668228984e+00
7.240546448734478391e-01 -5.397940008668228984e+00
7.401447480928577960e-01 -5.397940008668228984e+00
7.562348513122677529e-01 -5.397903619369456507e+00
7.723249545316777098e-01 -5.397576035509603187e+00
7.884150577510875557e-01 -5.397933518751332649e+00
8.045051609704976237e-01 -5.397940008668228984e+00
8.205952641899075806e-01 -5.397940008668228984e+00
8.366853674093175375e-01 -5.397851771019043454e+00
8.527754706287274944e-01 -5.397618725702084674e+00
8.688655738481373403e-01 -5.397873732036981842e+00
8.849556770675474082e-01 -5.397940008668228984e+00
9.010457802869572541e-01 -5.397940008668228984e+00
9.171358835063672110e-01 -5.397940008668228984e+00
9.332259867257772790e-01 -5.397940008668228984e+00
9.493160899451871249e-01 -5.397940008668228984e+00
9.654061931645970818e-01 -5.397940008668228984e+00
9.814962963840070387e-01 -5.397940008668228984e+00
9.975863996034169956e-01 -5.397940008668228984e+00
1.013676502822826953e+00 -5.397876209325607633e+00
1.029766606042237020e+00 -5.397748598836909828e+00
1.045856709261646866e+00 -5.397754820765742423e+00
1.061946812481056934e+00 -5.397904411661356150e+00
1.078036915700466780e+00 -5.397620955198209280e+00
1.094127018919876848e+00 -5.397800239397589017e+00
1.110217122139286694e+00 -5.397940008668228984e+00
1.126307225358696540e+00 -5.397940008668228984e+00
1.142397328578106608e+00 -5.397940008668228984e+00
1.158487431797516454e+00 -5.397695598130384020e+00
1.174577535016926522e+00 -5.397800920391750523e+00
1.190667638236336590e+00 -5.397818577949630381e+00
1.206757741455746435e+00 -5.397851050294423914e+00
1.222847844675156281e+00 -5.397457549201289062e+00
1.238937947894566349e+00 -5.397496049236386817e+00
1.255028051113976195e+00 -5.397921966473826494e+00
1.271118154333386263e+00 -5.397940008668228984e+00
1.287208257552796109e+00 -5.397819256815267863e+00
1.303298360772205955e+00 -5.397900498104328371e+00
1.319388463991616023e+00 -5.397940008668228984e+00
1.335478567211026091e+00 -5.397938053577075124e+00
1.351568670430435937e+00 -5.397940008668228984e+00
1.367658773649846005e+00 -5.397810410369275225e+00
1.383748876869255851e+00 -5.397530625570536422e+00
1.399838980088665696e+00 -5.396005593742488671e+00
1.415929083308075542e+00 -5.394742907515118979e+00
1.432019186527485832e+00 -5.395662764456795379e+00
1.448109289746895678e+00 -5.396024291551197116e+00
1.464199392966305524e+00 -5.392300808602811024e+00
1.480289496185715592e+00 -5.388975827908263128e+00
1.496379599405125438e+00 -5.387861035302684343e+00
1.512469702624535506e+00 -5.389457024181179889e+00
1.528559805843945574e+00 -5.389643983732488763e+00
1.544649909063355420e+00 -5.390924221761412838e+00
1.560740012282765266e+00 -5.392289597864873940e+00
1.576830115502175111e+00 -5.390051572886123132e+00
1.592920218721585401e+00 -5.385211038768847658e+00
1.609010321940995247e+00 -5.380380291800794801e+00
1.625100425160405093e+00 -5.382680075391402141e+00
1.641190528379815161e+00 -5.382948829389836654e+00
1.657280631599225007e+00 -5.381951937140208919e+00
1.673370734818635075e+00 -5.372142996756648969e+00
1.689460838038045143e+00 -5.365044757088264227e+00
1.705550941257454989e+00 -5.365888371345493901e+00
1.721641044476864835e+00 -5.363491059944132999e+00
1.737731147696274681e+00 -5.356545152438002333e+00
1.753821250915684526e+00 -5.355053734052300562e+00
1.769911354135094816e+00 -5.347544128551822595e+00
1.786001457354504662e+00 -5.336252813778311399e+00
1.802091560573914508e+00 -5.334857542499820582e+00
1.818181663793324576e+00 -5.330108743330536747e+00
1.834271767012734422e+00 -5.332262496691646980e+00
1.850361870232144490e+00 -5.352586368757452639e+00
1.866451973451554558e+00 -5.371540710919710193e+00
1.882542076670964404e+00 -5.375913850930786886e+00
1.898632179890374250e+00 -5.374837870858513611e+00
1.914722283109784096e+00 -5.373011819471201100e+00
1.930812386329194164e+00 -5.372100198241524183e+00
1.946902489548604231e+00 -5.368021243074311499e+00
1.962992592768014077e+00 -5.365912174904313936e+00
1.979082695987424145e+00 -5.367287961287535936e+00
1.995172799206833991e+00 -5.372343950711742089e+00
2.011262902426243837e+00 -5.375300863046759581e+00
2.027353005645653905e+00 -5.376971056286255823e+00
2.043443108865063973e+00 -5.378291840928921985e+00
2.059533212084474041e+00 -5.384352431788975935e+00
