0.000000000000000000e+00 -1.549019599857431873e-01
1.609010321940995344e-02 -1.873056121318524836e-01
3.218020643881990689e-02 -5.078042674427692971e-01
4.827030965822985686e-02 -2.045110995244872942e+00
6.436041287763981378e-02 -3.935689172090224730e+00
8.045051609704975681e-02 -4.751040289284117257e+00
9.654061931645971373e-02 -5.097479760940033522e+00
1.126307225358696568e-01 -5.208858260247435368e+00
1.287208257552796276e-01 -5.246910809759645744e+00
1.448109289746895567e-01 -5.188971226543979576e+00
1.609010321940995136e-01 -5.152922456184430011e+00
1.769911354135094428e-01 -5.158204933523539815e+00
1.930812386329194275e-01 -5.164004600514581433e+00
2.091713418523293844e-01 -5.107618304856448077e+00
2.252614450717393135e-01 -5.063654778376086796e+00
2.413515482911492704e-01 -5.068164929664595419e+00
2.574416515105592551e-01 -5.069880560009814019e+00
2.735317547299692120e-01 -5.055910510743444775e+00
2.896218579493791134e-01 -5.022981373808361738e+00
3.057119611687890703e-01 -5.012637640283521989e+00
3.218020643881990273e-01 -5.010752388206014984e+00
3.378921676076089842e-01 -5.054696501915110218e+00
3.539822708270188856e-01 -5.109635982174904001e+00
3.700723740464288980e-01 -5.143936226466732542e+00
3.861624772658388549e-01 -5.182138144296035698e+00
4.022525804852488118e-01 -5.224022410561551588e+00
4.183426837046587687e-01 -5.244867518570912601e+00
4.344327869240686701e-01 -5.283335437222174136e+00
4.505228901434786271e-01 -5.328561236894622688e+00
4.666129933628886395e-01 -5.340744157718147811e+00
4.827030965822985409e-01 -5.352367111281319367e+00
4.987931998017084978e-01 -5.369129914521115765e+00
5.148833030211185102e-01 -5.383930805991486324e+00
5.309734062405284671e-01 -5.385127725190267611e+00
5.470635094599384241e-01 -5.386554908446687051e+00
5.631536126793482699e-01 -5.387308637359223162e+00
5.792437158987582269e-01 -5.393853806110359805e+00
5.953338191181682948e-01 -5.397122418353365703e+00
6.114239223375781407e-01 -5.397274671949049640e+00
6.275140255569880976e-01 -5.396958402327087789e+00
6.436041287763980545e-01 -5.397549594954001329e+00
6.596942319958080114e-01 -5.397940008668228984e+00
6.757843352152179683e-01 -5.397940008668228984e+00
6.918744384346279253e-01 -5.397940008668228984e+00
7.079645416540377711e-01 -5.397940008668228984e+00
7.240546448734478391e-01 -5.397940008668228984e+00
7.401447480928577960e-01 -5.397822662020111295e+00
7.562348513122677529e-01 -5.397896513356409187e+00
7.723249545316777098e-01 -5.397940008668228984e+00
7.884150577510875557e-01 -5.397940008668228984e+00
8.045051609704976237e-01 -5.397940008668228984e+00
8.205952641899075806e-01 -5.397940008668228984e+00
8.366853674093175375e-01 -5.397940008668228984e+00
8.527754706287274944e-01 -5.397940008668228984e+00
8.688655738481373403e-01 -5.397940008668228984e+00
8.849556770675474082e-01 -5.397940008668228984e+00
9.010457802869572541e-01 -5.397940008668228984e+00
9.171358835063672110e-01 -5.397940008668228984e+00
9.332259867257772790e-01 -5.397940008668228984e+00
9.493160899451871249e-01 -5.397940008668228984e+00
9.654061931645970818e-01 -5.397940008668228984e+00
9.814962963840070387e-01 -5.397940008668228984e+00
9.975863996034169956e-01 -5.397940008668228984e+00
1.013676502822826953e+00 -5.397940008668247636e+00
1.029766606042237020e+00 -5.397940008668228984e+00
1.045856709261646866e+00 -5.397940008668228984e+00
1.061946812481056934e+00 -5.397940008668228984e+00
1.078036915700466780e+00 -5.397940008668228984e+00
1.094127018919876848e+00 -5.397671807263789034e+00
1.110217122139286694e+00 -5.396997688685133632e+00
1.126307225358696540e+00 -5.397884056119543139e+00
1.142397328578106608e+00 -5.397940008668228984e+00
1.158487431797516454e+00 -5.397936042213317798e+00
1.174577535016926522e+00 -5.397932375095384927e+00
1.190667638236336590e+00 -5.397815021235754074e+00
1.206757741455746435e+00 -5.397940008668228984e+00
1.222847844675156281e+00 -5.397850465561644384e+00
1.238937947894566349e+00 -5.397560048021896151e+00
1.255028051113976195e+00 -5.397515394027863067e+00
1.271118154333386263e+00 -5.397521226631585733e+00
1.287208257552796109e+00 -5.397281944636211470e+00
1.303298360772205955e+00 -5.396764838834259947e+00
1.319388463991616023e+00 -5.397075485017079011e+00
1.335478567211026091e+00 -5.396965878328384925e+00
1.351568670430435937e+00 -5.395398547259290467e+00
1.367658773649846005e+00 -5.394700794405411948e+00
1.383748876869255851e+00 -5.392654603881684494e+00
1.399838980088665696e+00 -5.391966826737921714e+00
1.415929083308075542e+00 -5.392796094345976954e+00
1.432019186527485832e+00 -5.394594338245905618e+00
1.448109289746895678e+00 -5.395324538837364514e+00
1.464199392966305524e+00 -5.393105830072109086e+00
1.480289496185715592e+00 -5.391464513805222403e+00
1.496379599405125438e+00 -5.393374762841481207e+00
1.512469702624535506e+00 -5.395130571551169041e+00
1.528559805843945574e+00 -5.394407614235227300e+00
1.544649909063355420e+00 -5.391913828577711065e+00
1.560740012282765266e+00 -5.388871986525134439e+00
1.576830115502175111e+00 -5.386958375554042888e+00
1.592920218721585401e+00 -5.382127805287941769e+00
1.609010321940995247e+00 -5.379561636702657523e+00
1.625100425160405093e+00 -5.375416214747033905e+00
1.641190528379815161e+00 -5.368137439882790574e+00
1.657280631599225007e+00 -5.361498540786930889e+00
1.673370734818635075e+00 -5.354606114236483805e+00
1.689460838038045143e+00 -5.348996078204145910e+00
1.705550941257454989e+00 -5.347045809472035671e+00
1.721641044476864835e+00 -5.346509552706265822e+00
1.737731147696274681e+00 -5.337707666540370433e+00
1.753821250915684526e+00 -5.318280160978762439e+00
1.769911354135094816e+00 -5.301415536035299247e+00
1.786001457354504662e+00 -5.299068922888304556e+00
1.802091560573914508e+00 -5.298528270476466240e+00
1.818181663793324576e+00 -5.300338636202772236e+00
1.834271767012734422e+00 -5.302204517564916841e+00
1.850361870232144490e+00 -5.300198642365801405e+00
1.866451973451554558e+00 -5.296988747143686282e+00
1.882542076670964404e+00 -5.295309556154006891e+00
1.898632179890374250e+00 -5.301248383185811264e+00
1.914722283109784096e+00 -5.307632417270066405e+00
1.930812386329194164e+00 -5.312064876692680571e+00
1.946902489548604231e+00 -5.318635489067769839e+00
1.962992592768014077e+00 -5.328152392881946753e+00
1.979082695987424145e+00 -5.339315467426595241e+00
1.995172799206833991e+00 -5.351482951982846181e+00
2.011262902426243837e+00 -5.358473436483228269e+00
2.027353005645653905e+00 -5.362194138453053149e+00
2.043443108865063973e+00 -5.363687842063095346e+00
2.059533212084474041e+00 -5.367589978243645810e+00
