0.000000000000000000e+00 -1.549019599857431873e-01
1.609010321940995344e-02 -2.123386893017664423e-01
3.218020643881990689e-02 -6.098362573631151973e-01
4.827030965822985686e-02 -2.772744690451650840e+00
6.436041287763981378e-02 -4.443430977934395898e+00
8.045051609704975681e-02 -5.020197318928540042e+00
9.654061931645971373e-02 -5.300132573768922661e+00
1.126307225358696568e-01 -5.285290367145672796e+00
1.287208257552796276e-01 -5.285400747340257332e+00
1.448109289746895567e-01 -5.273269787518806595e+00
1.609010321940995136e-01 -5.199213508560942998e+00
1.769911354135094428e-01 -5.091228659398918666e+00
1.930812386329194275e-01 -5.047550146818547745e+00
2.091713418523293844e-01 -5.069166678048786956e+00
2.252614450717393135e-01 -5.110205722499934211e+00
2.413515482911492704e-01 -5.102871781584702227e+00
2.574416515105592551e-01 -5.107190300649009806e+00
2.735317547299692120e-01 -5.097342540921999898e+00
2.896218579493791134e-01 -5.049789609384363054e+00
3.057119611687890703e-01 -5.018913524146908500e+00
3.218020643881990273e-01 -5.078158348573246883e+00
3.378921676076089842e-01 -5.162828494813045843e+00
3.539822708270188856e-01 -5.195665314162443593e+00
3.700723740464288980e-01 -5.231057634227112452e+00
3.861624772658388549e-01 -5.267831571193184459e+00
4.022525804852488118e-01 -5.279032398246076951e+00
4.183426837046587687e-01 -5.301345946793526664e+00
4.344327869240686701e-01 -5.314233250521048113e+00
4.505228901434786271e-01 -5.344653217625704222e+00
4.666129933628886395e-01 -5.376747538292364403e+00
4.827030965822985409e-01 -5.363384057204250155e+00
4.987931998017084978e-01 -5.356897135611570882e+00
5.148833030211185102e-01 -5.381956424820793394e+00
5.309734062405284671e-01 -5.393070680271318196e+00
5.470635094599384241e-01 -5.393973619484681237e+00
5.631536126793482699e-01 -5.394470139943499554e+00
5.792437158987582269e-01 -5.396477230376086176e+00
5.953338191181682948e-01 -5.397754183788951110e+00
6.114239223375781407e-01 -5.397918564506844596e+00
6.275140255569880976e-01 -5.397812080378009192e+00
6.436041287763980545e-01 -5.397915404093464709e+00
6.596942319958080114e-01 -5.397082572757191166e+00
6.757843352152179683e-01 -5.397246090698702758e+00
6.918744384346279253e-01 -5.397940008668228984e+00
7.079645416540377711e-01 -5.397940008668228984e+00
7.240546448734478391e-01 -5.397940008668241418e+00
7.401447480928577960e-01 -5.397940008668228984e+00
7.562348513122677529e-01 -5.397940008668228984e+00
7.723249545316777098e-01 -5.397940008668228984e+00
7.884150577510875557e-01 -5.397940008668228984e+00
8.045051609704976237e-01 -5.397940008668228984e+00
8.205952641899075806e-01 -5.397940008668228984e+00
8.366853674093175375e-01 -5.397940008668228984e+00
8.527754706287274944e-01 -5.397940008668228984e+00
8.688655738481373403e-01 -5.397940008668228984e+00
8.849556770675474082e-01 -5.397940008668228984e+00
9.010457802869572541e-01 -5.397940008668228984e+00
9.171358835063672110e-01 -5.397795294524515342e+00
9.332259867257772790e-01 -5.397932753808895256e+00
9.493160899451871249e-01 -5.397940008668228984e+00
9.654061931645970818e-01 -5.397940008668228984e+00
9.814962963840070387e-01 -5.397940008668228984e+00
9.975863996034169956e-01 -5.397836604002677063e+00
1.013676502822826953e+00 -5.397569045268960863e+00
1.029766606042237020e+00 -5.397855194366158571e+00
1.045856709261646866e+00 -5.397940008668228984e+00
1.061946812481056934e+00 -5.397773902013957681e+00
1.078036915700466780e+00 -5.397250832167407530e+00
1.094127018919876848e+00 -5.397834938351104839e+00
1.110217122139286694e+00 -5.397940008668228984e+00
1.126307225358696540e+00 -5.397811504427774132e+00
1.142397328578106608e+00 -5.397900930843575473e+00
1.158487431797516454e+00 -5.397388335182679242e+00
1.174577535016926522e+00 -5.397738812401571273e+00
1.190667638236336590e+00 -5.397445822559913786e+00
1.206757741455746435e+00 -5.397624529742405919e+00
1.222847844675156281e+00 -5.397461396490161434e+00
1.238937947894566349e+00 -5.397668823348348965e+00
1.255028051113976195e+00 -5.397894062180959907e+00
1.271118154333386263e+00 -5.397936989369865657e+00
1.287208257552796109e+00 -5.397840746750461882e+00
1.303298360772205955e+00 -5.397821272700825901e+00
1.319388463991616023e+00 -5.396934154517666116e+00
1.335478567211026091e+00 -5.395850799639870132e+00
1.351568670430435937e+00 -5.397213546508324633e+00
1.367658773649846005e+00 -5.396579569136939369e+00
1.383748876869255851e+00 -5.397473013318800916e+00
1.399838980088665696e+00 -5.397666535882215122e+00
1.415929083308075542e+00 -5.397263674579781068e+00
1.432019186527485832e+00 -5.394924523422356621e+00
1.448109289746895678e+00 -5.394009656899426020e+00
1.464199392966305524e+00 -5.395006007232954204e+00
1.480289496185715592e+00 -5.394244803076754025e+00
1.496379599405125438e+00 -5.394197989239439828e+00
1.512469702624535506e+00 -5.395241849402218293e+00
1.528559805843945574e+00 -5.394701939678239633e+00
1.544649909063355420e+00 -5.392352002815233192e+00
1.560740012282765266e+00 -5.391283514495960993e+00
1.576830115502175111e+00 -5.390641587637942322e+00
1.592920218721585401e+00 -5.386044335844811570e+00
1.609010321940995247e+00 -5.382373006289583373e+00
1.625100425160405093e+00 -5.382862790681470777e+00
1.641190528379815161e+00 -5.386245909628809336e+00
1.657280631599225007e+00 -5.380785213139353651e+00
1.673370734818635075e+00 -5.365681219368147126e+00
1.689460838038045143e+00 -5.356806444195944650e+00
1.705550941257454989e+00 -5.363271777146089825e+00
1.721641044476864835e+00 -5.370709227735389391e+00
1.737731147696274681e+00 -5.369494563379163310e+00
1.753821250915684526e+00 -5.367256143319999673e+00
1.769911354135094816e+00 -5.366534723143473684e+00
1.786001457354504662e+00 -5.352981741937243854e+00
1.802091560573914508e+00 -5.342878507911381192e+00
1.818181663793324576e+00 -5.341093105454968182e+00
1.834271767012734422e+00 -5.337969416435357495e+00
1.850361870232144490e+00 -5.328808145133648644e+00
1.866451973451554558e+00 -5.333287641284520042e+00
1.882542076670964404e+00 -5.348216470220908292e+00
1.898632179890374250e+00 -5.356704509191864361e+00
1.914722283109784096e+00 -5.350653352850210709e+00
1.930812386329194164e+00 -5.349429970581369709e+00
1.946902489548604231e+00 -5.353134152946786628e+00
1.962992592768014077e+00 -5.357694579527796819e+00
1.979082695987424145e+00 -5.359806674197113985e+00
1.995172799206833991e+00 -5.365791462801361433e+00
2.011262902426243837e+00 -5.374278438647000833e+00
2.027353005645653905e+00 -5.378768821292773339e+00
2.043443108865063973e+00 -5.379263619126644969e+00
2.059533212084474041e+00 -5.380531717217538201e+00
