0.000000000000000000e+00 -1.549019599857431873e-01
8.045051609704977069e-02 -1.930073975995364177e-01
1.609010321940995414e-01 -4.735380436797032577e-01
2.413515482911492982e-01 -1.070073875665440877e+00
3.218020643881990828e-01 -1.478982858201735473e+00
4.022525804852488118e-01 -1.893343663224758444e+00
4.827030965822985964e-01 -2.224444307411276522e+00
5.631536126793483810e-01 -2.537950914754325993e+00
6.436041287763981655e-01 -2.886426337989550284e+00
7.240546448734478391e-01 -3.145297663662377730e+00
8.045051609704976237e-01 -3.312053881813543654e+00
8.849556770675472972e-01 -3.379792764127714122e+00
9.654061931645971928e-01 -3.412218596756085631e+00
1.045856709261647088e+00 -3.447991874041873572e+00
1.126307225358696762e+00 -3.492964773606508366e+00
1.206757741455746435e+00 -3.506144138218325601e+00
1.287208257552796331e+00 -3.487052270748022043e+00
1.367658773649846005e+00 -3.517942581361602539e+00
1.448109289746895678e+00 -3.538048524859796373e+00
1.528559805843945352e+00 -3.487897241220434985e+00
1.609010321940995247e+00 -3.413923742149130192e+00
1.689460838038045143e+00 -3.329750770515118141e+00
1.769911354135094594e+00 -3.249012286378775372e+00
1.850361870232144490e+00 -3.221459805336757132e+00
1.930812386329194386e+00 -3.198135498218967587e+00
2.011262902426244281e+00 -3.179338264872674014e+00
2.091713418523294177e+00 -3.187684940194470684e+00
2.172163934620343628e+00 -3.213089205054176389e+00
2.252614450717393524e+00 -3.206341225256276406e+00
2.333064966814443419e+00 -3.166256979073638345e+00
2.413515482911492871e+00 -3.136911518324725812e+00
2.493965999008542767e+00 -3.129064442384050349e+00
2.574416515105592662e+00 -3.150847610132752052e+00
2.654867031202642558e+00 -3.181278809861059376e+00
2.735317547299692009e+00 -3.223207179765766206e+00
2.815768063396741905e+00 -3.239712778401616866e+00
2.896218579493791356e+00 -3.250369683756453298e+00
2.976669095590841252e+00 -3.200114111603122424e+00
3.057119611687890703e+00 -3.178112106316736796e+00
3.137570127784940599e+00 -3.169632016204892100e+00
3.218020643881990495e+00 -3.147800238482242996e+00
3.298471159979039946e+00 -3.107916011814164658e+00
3.378921676076090286e+00 -3.102913354069070984e+00
3.459372192173139737e+00 -3.151865591437052139e+00
3.539822708270189189e+00 -3.157305824679855544e+00
3.620273224367239528e+00 -3.104793100839781328e+00
3.700723740464288980e+00 -3.067307440025628384e+00
3.781174256561339320e+00 -3.068777183122923358e+00
3.861624772658388771e+00 -3.064968735778772047e+00
3.942075288755438223e+00 -3.057822778870210367e+00
4.022525804852488562e+00 -3.059518328022625244e+00
4.102976320949538014e+00 -3.061719200950611341e+00
4.183426837046588354e+00 -3.069768581960066633e+00
4.263877353143637805e+00 -3.066697174665211190e+00
4.344327869240687257e+00 -3.029385416778624052e+00
4.424778385337737596e+00 -3.038622700132949106e+00
4.505228901434787048e+00 -3.089688031804627144e+00
4.585679417531836499e+00 -3.138239757338462610e+00
4.666129933628886839e+00 -3.158481684441085235e+00
4.746580449725936290e+00 -3.176041078666215878e+00
4.827030965822985742e+00 -3.190064176807072993e+00
4.907481481920036082e+00 -3.191790713363403587e+00
4.987931998017085533e+00 -3.164619145436660119e+00
5.068382514114135873e+00 -3.153114092955608516e+00
5.148833030211185324e+00 -3.138163624136589114e+00
5.229283546308234776e+00 -3.137379278096389168e+00
5.309734062405285115e+00 -3.139124562482369374e+00
5.390184578502334567e+00 -3.161418243529487970e+00
5.470635094599384018e+00 -3.183472029069311926e+00
5.551085610696433470e+00 -3.168700772290075740e+00
5.631536126793483810e+00 -3.139451026999983352e+00
5.711986642890533261e+00 -3.110582880761580071e+00
5.792437158987582713e+00 -3.150741101610823769e+00
5.872887675084633052e+00 -3.220121796647978485e+00
5.953338191181682504e+00 -3.265300099333527051e+00
6.033788707278731955e+00 -3.265783239836095753e+00
6.114239223375781407e+00 -3.240577593772708820e+00
6.194689739472831747e+00 -3.227272278205997491e+00
6.275140255569881198e+00 -3.218100474878451855e+00
6.355590771666931538e+00 -3.214534708717249334e+00
6.436041287763980989e+00 -3.182007783636598752e+00
6.516491803861030441e+00 -3.156819722151790408e+00
6.596942319958079892e+00 -3.166452311129362762e+00
6.677392836055131120e+00 -3.179135282740742419e+00
6.757843352152180572e+00 -3.178980051560824194e+00
6.838293868249230023e+00 -3.167829892698847072e+00
6.918744384346279475e+00 -3.157986991803242827e+00
6.999194900443328926e+00 -3.158678469990583437e+00
7.079645416540378378e+00 -3.201336395996595918e+00
7.160095932637429605e+00 -3.234482143311409708e+00
7.240546448734479057e+00 -3.228919100655444296e+00
7.320996964831528508e+00 -3.224652402514433192e+00
7.401447480928577960e+00 -3.238895503953095112e+00
7.481897997025627411e+00 -3.240918409949140599e+00
7.562348513122678639e+00 -3.258497306000674776e+00
7.642799029219728091e+00 -3.257966737119457168e+00
7.723249545316777542e+00 -3.251549846297909774e+00
7.803700061413826994e+00 -3.249087131024153585e+00
7.884150577510876445e+00 -3.246325470065832608e+00
7.964601093607927673e+00 -3.225389727489280656e+00
8.045051609704977125e+00 -3.239163621644944424e+00
8.125502125802025688e+00 -3.288331291696107161e+00
8.205952641899076028e+00 -3.318049213314417933e+00
8.286403157996124591e+00 -3.313470047160165688e+00
8.366853674093176707e+00 -3.277427606452394837e+00
8.447304190190225270e+00 -3.267083289485784192e+00
8.527754706287275610e+00 -3.275781521409981245e+00
8.608205222384324173e+00 -3.278388145474244286e+00
8.688655738481374513e+00 -3.256082714321075322e+00
8.769106254578423076e+00 -3.269435435502716203e+00
8.849556770675475192e+00 -3.288153325108875702e+00
8.930007286772523756e+00 -3.287854822723675685e+00
9.010457802869574095e+00 -3.286714210807839986e+00
9.090908318966622659e+00 -3.317536762959166552e+00
9.171358835063672998e+00 -3.342520644810980102e+00
9.251809351160723338e+00 -3.321349593687528134e+00
9.332259867257773678e+00 -3.319028315960895092e+00
9.412710383354822241e+00 -3.329404341537892886e+00
9.493160899451872581e+00 -3.332149075055693910e+00
9.573611415548921144e+00 -3.312870717576089863e+00
9.654061931645971484e+00 -3.285359922958448475e+00
9.734512447743021823e+00 -3.274806803400760913e+00
9.814962963840072163e+00 -3.299219112848776891e+00
9.895413479937120727e+00 -3.331651413548086360e+00
9.975863996034171066e+00 -3.363080826204897900e+00
1.005631451213121963e+01 -3.372791751569127250e+00
1.013676502822827175e+01 -3.360170349724280747e+00
1.021721554432532031e+01 -3.303889246909736066e+00
1.029766606042237065e+01 -3.284146322904367032e+00
