0.000000000000000000e+00 -1.549019599857431873e-01
8.045051609704977069e-02 -1.906811676332871575e-01
1.609010321940995414e-01 -5.084855694576267959e-01
2.413515482911492982e-01 -1.275023811755349179e+00
3.218020643881990828e-01 -1.676426926428645547e+00
4.022525804852488118e-01 -1.741799935613946193e+00
4.827030965822985964e-01 -1.947235021355715245e+00
5.631536126793483810e-01 -2.236674505533495783e+00
6.436041287763981655e-01 -2.568320465726658508e+00
7.240546448734478391e-01 -2.830725416356746571e+00
8.045051609704976237e-01 -2.941943350919687727e+00
8.849556770675472972e-01 -3.016409652361370153e+00
9.654061931645971928e-01 -3.129226329013508057e+00
1.045856709261647088e+00 -3.149792401223319160e+00
1.126307225358696762e+00 -3.153116154161350160e+00
1.206757741455746435e+00 -3.172368564950866610e+00
1.287208257552796331e+00 -3.155708257231872427e+00
1.367658773649846005e+00 -3.075436714439779173e+00
1.448109289746895678e+00 -2.980184019499731995e+00
1.528559805843945352e+00 -2.919501935841154694e+00
1.609010321940995247e+00 -2.904908149234934456e+00
1.689460838038045143e+00 -2.888502908439862793e+00
1.769911354135094594e+00 -2.793763840026545431e+00
1.850361870232144490e+00 -2.693318254629320396e+00
1.930812386329194386e+00 -2.665765619992574553e+00
2.011262902426244281e+00 -2.608620767344233649e+00
2.091713418523294177e+00 -2.505221426234720994e+00
2.172163934620343628e+00 -2.467665676267693620e+00
2.252614450717393524e+00 -2.461850702383967970e+00
2.333064966814443419e+00 -2.453945008221795288e+00
2.413515482911492871e+00 -2.499448852663858744e+00
2.493965999008542767e+00 -2.609205903628962098e+00
2.574416515105592662e+00 -2.691969196645449980e+00
2.654867031202642558e+00 -2.752810048819712918e+00
2.735317547299692009e+00 -2.790440423379016988e+00
2.815768063396741905e+00 -2.819494970765287878e+00
2.896218579493791356e+00 -2.850161476459744048e+00
2.976669095590841252e+00 -2.875841108911782573e+00
3.057119611687890703e+00 -2.891558962523400833e+00
3.137570127784940599e+00 -2.882276212294009987e+00
3.218020643881990495e+00 -2.852957245623203519e+00
3.298471159979039946e+00 -2.838110974598385017e+00
3.378921676076090286e+00 -2.826618677882883457e+00
3.459372192173139737e+00 -2.855181916697308697e+00
3.539822708270189189e+00 -2.904251788298847448e+00
3.620273224367239528e+00 -2.942962701411941495e+00
3.700723740464288980e+00 -2.933217705155467758e+00
3.781174256561339320e+00 -2.916934481177056782e+00
3.861624772658388771e+00 -2.890292631708030857e+00
3.942075288755438223e+00 -2.882795339764110398e+00
4.022525804852488562e+00 -2.891973704756293007e+00
4.102976320949538014e+00 -2.930017549609837513e+00
4.183426837046588354e+00 -2.936267983047461172e+00
4.263877353143637805e+00 -2.914140733154689133e+00
4.344327869240687257e+00 -2.922295633105932211e+00
4.424778385337737596e+00 -2.964609665971695840e+00
4.505228901434787048e+00 -2.982369014226974979e+00
4.585679417531836499e+00 -2.959872094045479241e+00
4.666129933628886839e+00 -2.954149825747327096e+00
4.746580449725936290e+00 -2.991379611191664623e+00
4.827030965822985742e+00 -3.023045267586887519e+00
4.907481481920036082e+00 -3.030474519611665585e+00
4.987931998017085533e+00 -2.999144105818344119e+00
5.068382514114135873e+00 -2.960925866145295959e+00
5.148833030211185324e+00 -2.971365102810513914e+00
5.229283546308234776e+00 -2.986463166240173717e+00
5.309734062405285115e+00 -2.968254060725529886e+00
5.390184578502334567e+00 -2.952545111615437090e+00
5.470635094599384018e+00 -2.949393438059422667e+00
5.551085610696433470e+00 -2.954411270757500763e+00
5.631536126793483810e+00 -2.956044473500977432e+00
5.711986642890533261e+00 -2.948506886579199460e+00
5.792437158987582713e+00 -2.954162530045799429e+00
5.872887675084633052e+00 -2.966093192495291575e+00
5.953338191181682504e+00 -2.968148176747522626e+00
6.033788707278731955e+00 -2.977815733751978833e+00
6.114239223375781407e+00 -2.974038121433934201e+00
6.194689739472831747e+00 -2.955720895484172495e+00
6.275140255569881198e+00 -2.948684398054148392e+00
6.355590771666931538e+00 -2.962837717797086157e+00
6.436041287763980989e+00 -2.963799913874455960e+00
6.516491803861030441e+00 -2.968635910339252781e+00
6.596942319958079892e+00 -2.979660720961115228e+00
6.677392836055131120e+00 -3.021997490866597857e+00
6.757843352152180572e+00 -3.050384848807120797e+00
6.838293868249230023e+00 -3.040612041893019146e+00
6.918744384346279475e+00 -3.030389645615845229e+00
6.999194900443328926e+00 -3.028564754018016281e+00
7.079645416540378378e+00 -3.013882367890312164e+00
7.160095932637429605e+00 -3.002199818520282282e+00
7.240546448734479057e+00 -2.985111539435451267e+00
7.320996964831528508e+00 -2.974799285026013429e+00
7.401447480928577960e+00 -2.963510757252725281e+00
7.481897997025627411e+00 -2.950270831459824716e+00
7.562348513122678639e+00 -2.939150088847385156e+00
7.642799029219728091e+00 -2.950589248688839206e+00
7.723249545316777542e+00 -2.965553421200465056e+00
7.803700061413826994e+00 -3.000123638548350513e+00
7.884150577510876445e+00 -3.042411468728540846e+00
7.964601093607927673e+00 -3.074436849841284403e+00
8.045051609704977125e+00 -3.079973865508971009e+00
8.125502125802025688e+00 -3.066556551379987283e+00
8.205952641899076028e+00 -3.058068333047483378e+00
8.286403157996124591e+00 -3.064097096417785160e+00
8.366853674093176707e+00 -3.058855487221837866e+00
8.447304190190225270e+00 -3.069130497066023366e+00
8.527754706287275610e+00 -3.064658510946419945e+00
8.608205222384324173e+00 -3.052622414902385728e+00
8.688655738481374513e+00 -3.036989239315803335e+00
8.769106254578423076e+00 -3.030289396689018755e+00
8.849556770675475192e+00 -3.035277641930997028e+00
8.930007286772523756e+00 -3.045431775586820322e+00
9.010457802869574095e+00 -3.033056957085162875e+00
9.090908318966622659e+00 -3.020966892648507596e+00
9.171358835063672998e+00 -3.030908175548405303e+00
9.251809351160723338e+00 -3.044922303084875104e+00
9.332259867257773678e+00 -3.027945641735134252e+00
9.412710383354822241e+00 -3.001309388382024324e+00
9.493160899451872581e+00 -3.016319777062223650e+00
9.573611415548921144e+00 -3.060279419228538078e+00
9.654061931645971484e+00 -3.091171688441468390e+00
9.734512447743021823e+00 -3.110833296070162568e+00
9.814962963840072163e+00 -3.110250781660917951e+00
9.895413479937120727e+00 -3.108403558588093141e+00
9.975863996034171066e+00 -3.099101437939791204e+00
1.005631451213121963e+01 -3.080160269976323750e+00
1.013676502822827175e+01 -3.081509632317733782e+00
1.021721554432532031e+01 -3.082082266221703559e+00
1.029766606042237065e+01 -3.072989422806767124e+00
