0.000000000000000000e+00 -1.549019599857431873e-01
8.045051609704977069e-02 -1.864931860968625232e-01
1.609010321940995414e-01 -5.008422768813706183e-01
2.413515482911492982e-01 -1.411645143614729925e+00
3.218020643881990828e-01 -1.930076412935051833e+00
4.022525804852488118e-01 -1.890004834994237992e+00
4.827030965822985964e-01 -1.924279953152252531e+00
5.631536126793483810e-01 -2.095102109809697133e+00
6.436041287763981655e-01 -2.321764760978529019e+00
7.240546448734478391e-01 -2.587520953555571435e+00
8.045051609704976237e-01 -2.900248741063806701e+00
8.849556770675472972e-01 -3.130705155036767273e+00
9.654061931645971928e-01 -3.232622699660663290e+00
1.045856709261647088e+00 -3.319393045658568742e+00
1.126307225358696762e+00 -3.319775901383627215e+00
1.206757741455746435e+00 -3.220448838283499260e+00
1.287208257552796331e+00 -3.134223356632376500e+00
1.367658773649846005e+00 -3.093862880160621831e+00
1.448109289746895678e+00 -3.070966440077716353e+00
1.528559805843945352e+00 -3.019141862981280511e+00
1.609010321940995247e+00 -2.960495829376490917e+00
1.689460838038045143e+00 -2.901736405098792382e+00
1.769911354135094594e+00 -2.825655471710127209e+00
1.850361870232144490e+00 -2.771180259527675549e+00
1.930812386329194386e+00 -2.756903228325965571e+00
2.011262902426244281e+00 -2.745688191605541562e+00
2.091713418523294177e+00 -2.665925931282325578e+00
2.172163934620343628e+00 -2.600789807457900338e+00
2.252614450717393524e+00 -2.580581351327813966e+00
2.333064966814443419e+00 -2.605318648615864596e+00
2.413515482911492871e+00 -2.601110404277671151e+00
2.493965999008542767e+00 -2.631321806661593765e+00
2.574416515105592662e+00 -2.665145996643185189e+00
2.654867031202642558e+00 -2.675091005574580905e+00
2.735317547299692009e+00 -2.713606888403896633e+00
2.815768063396741905e+00 -2.787728649730227382e+00
2.896218579493791356e+00 -2.816680242991600025e+00
2.976669095590841252e+00 -2.842090204276865428e+00
3.057119611687890703e+00 -2.869032154026191606e+00
3.137570127784940599e+00 -2.926610752563262530e+00
3.218020643881990495e+00 -2.971990097644299667e+00
3.298471159979039946e+00 -2.978375846987154407e+00
3.378921676076090286e+00 -2.935730733269704906e+00
3.459372192173139737e+00 -2.910095108888060444e+00
3.539822708270189189e+00 -2.913419077522758638e+00
3.620273224367239528e+00 -2.979051448375132249e+00
3.700723740464288980e+00 -3.041479539737585114e+00
3.781174256561339320e+00 -3.025925031560400491e+00
3.861624772658388771e+00 -2.994567822236025467e+00
3.942075288755438223e+00 -2.984617056366536847e+00
4.022525804852488562e+00 -2.977381918761858426e+00
4.102976320949538014e+00 -2.936829827508782742e+00
4.183426837046588354e+00 -2.928395746118190424e+00
4.263877353143637805e+00 -2.934809998520476082e+00
4.344327869240687257e+00 -2.932446253709938055e+00
4.424778385337737596e+00 -2.923273835073173288e+00
4.505228901434787048e+00 -2.909774301608891278e+00
4.585679417531836499e+00 -2.902387338032088593e+00
4.666129933628886839e+00 -2.921585907287398420e+00
4.746580449725936290e+00 -2.951739564200738020e+00
4.827030965822985742e+00 -2.952625971711020814e+00
4.907481481920036082e+00 -2.965530398689752989e+00
4.987931998017085533e+00 -2.978757430958258734e+00
5.068382514114135873e+00 -2.941411785271189849e+00
5.148833030211185324e+00 -2.890811747943210275e+00
5.229283546308234776e+00 -2.877105458557561501e+00
5.309734062405285115e+00 -2.882359264279321209e+00
5.390184578502334567e+00 -2.905203411171108474e+00
5.470635094599384018e+00 -2.938285801979709344e+00
5.551085610696433470e+00 -2.957666184461920977e+00
5.631536126793483810e+00 -2.976835911661655842e+00
5.711986642890533261e+00 -2.992266645354853427e+00
5.792437158987582713e+00 -2.985509407745142507e+00
5.872887675084633052e+00 -2.966661188068804744e+00
5.953338191181682504e+00 -2.979523027793374634e+00
6.033788707278731955e+00 -2.991771932713010784e+00
6.114239223375781407e+00 -2.994724817325101540e+00
6.194689739472831747e+00 -2.994969127130725717e+00
6.275140255569881198e+00 -3.017978014507170403e+00
6.355590771666931538e+00 -3.026088957663601864e+00
6.436041287763980989e+00 -3.011042597329545156e+00
6.516491803861030441e+00 -2.993885903237702983e+00
6.596942319958079892e+00 -2.991172902632758479e+00
6.677392836055131120e+00 -3.007174581004316227e+00
6.757843352152180572e+00 -3.029738738755553218e+00
6.838293868249230023e+00 -3.047711079324434635e+00
6.918744384346279475e+00 -3.061220374328641913e+00
6.999194900443328926e+00 -3.059456758049340142e+00
7.079645416540378378e+00 -3.033651170311837397e+00
7.160095932637429605e+00 -3.016580261892855663e+00
7.240546448734479057e+00 -3.015894247300401343e+00
7.320996964831528508e+00 -3.041592580469248297e+00
7.401447480928577960e+00 -3.048056392529697067e+00
7.481897997025627411e+00 -3.025669517804773445e+00
7.562348513122678639e+00 -3.007107022645098660e+00
7.642799029219728091e+00 -3.005164634634028165e+00
7.723249545316777542e+00 -3.016437198733669778e+00
7.803700061413826994e+00 -3.024191519104701076e+00
7.884150577510876445e+00 -3.028680486090475465e+00
7.964601093607927673e+00 -3.051901093080020555e+00
8.045051609704977125e+00 -3.074532975509548738e+00
8.125502125802025688e+00 -3.072703104943391939e+00
8.205952641899076028e+00 -3.072328826266767621e+00
8.286403157996124591e+00 -3.082394862873479635e+00
8.366853674093176707e+00 -3.086155460623332569e+00
8.447304190190225270e+00 -3.068721150346956250e+00
8.527754706287275610e+00 -3.039243285920662618e+00
8.608205222384324173e+00 -3.039365962535429677e+00
8.688655738481374513e+00 -3.058521022895464458e+00
8.769106254578423076e+00 -3.078723892197058998e+00
8.849556770675475192e+00 -3.083792850218715742e+00
8.930007286772523756e+00 -3.078058352223564054e+00
9.010457802869574095e+00 -3.072936849361468159e+00
9.090908318966622659e+00 -3.063643319643272189e+00
9.171358835063672998e+00 -3.074358887251525285e+00
9.251809351160723338e+00 -3.073781391012119002e+00
9.332259867257773678e+00 -3.054461476529340302e+00
9.412710383354822241e+00 -3.026829783680117458e+00
9.493160899451872581e+00 -3.028661338243722856e+00
9.573611415548921144e+00 -3.059002767694746883e+00
9.654061931645971484e+00 -3.082986978625279040e+00
9.734512447743021823e+00 -3.100681187422499985e+00
9.814962963840072163e+00 -3.095556056156283820e+00
9.895413479937120727e+00 -3.084077492601407400e+00
9.975863996034171066e+00 -3.077331961669307780e+00
1.005631451213121963e+01 -3.088721957226135739e+00
1.013676502822827175e+01 -3.080470260568609397e+00
1.021721554432532031e+01 -3.083125834602210347e+00
1.029766606042237065e+01 -3.101341334908725322e+00
