0.000000000000000000e+00 -1.549019599857431873e-01
8.045051609704977069e-02 -2.102867912412310358e-01
1.609010321940995414e-01 -6.225926295780707109e-01
2.413515482911492982e-01 -1.620119098111231892e+00
3.218020643881990828e-01 -1.561947905166433781e+00
4.022525804852488118e-01 -1.550051578006215403e+00
4.827030965822985964e-01 -1.822624311088677285e+00
5.631536126793483810e-01 -2.201767170354304692e+00
6.436041287763981655e-01 -2.411945654006121043e+00
7.240546448734478391e-01 -2.511991569695262605e+00
8.045051609704976237e-01 -2.662477125798284661e+00
8.849556770675472972e-01 -2.912288739761975886e+00
9.654061931645971928e-01 -3.127329530216949482e+00
1.045856709261647088e+00 -3.161077132698332459e+00
1.126307225358696762e+00 -3.153070982650405973e+00
1.206757741455746435e+00 -3.147296239938740303e+00
1.287208257552796331e+00 -3.149168799896820747e+00
1.367658773649846005e+00 -3.114757704371361235e+00
1.448109289746895678e+00 -3.092174231870910894e+00
1.528559805843945352e+00 -3.116531902075894145e+00
1.609010321940995247e+00 -3.113658778489345025e+00
1.689460838038045143e+00 -3.020359267021922367e+00
1.769911354135094594e+00 -2.882061572509412084e+00
1.850361870232144490e+00 -2.755765818248015364e+00
1.930812386329194386e+00 -2.686670224964108122e+00
2.011262902426244281e+00 -2.647256927542388283e+00
2.091713418523294177e+00 -2.635596361859663617e+00
2.172163934620343628e+00 -2.634999481741145733e+00
2.252614450717393524e+00 -2.630838627589005885e+00
2.333064966814443419e+00 -2.591952708307268871e+00
2.413515482911492871e+00 -2.594368957516644869e+00
2.493965999008542767e+00 -2.682945111289109619e+00
2.574416515105592662e+00 -2.707236765390540256e+00
2.654867031202642558e+00 -2.683348398010160007e+00
2.735317547299692009e+00 -2.692022682919287035e+00
2.815768063396741905e+00 -2.772504219263240977e+00
2.896218579493791356e+00 -2.849136954373182373e+00
2.976669095590841252e+00 -2.872808792986941029e+00
3.057119611687890703e+00 -2.876257116950211579e+00
3.137570127784940599e+00 -2.888103080603819262e+00
3.218020643881990495e+00 -2.839455488922012716e+00
3.298471159979039946e+00 -2.816360621406077680e+00
3.378921676076090286e+00 -2.850413097059960155e+00
3.459372192173139737e+00 -2.870068701198317918e+00
3.539822708270189189e+00 -2.861534090102906713e+00
3.620273224367239528e+00 -2.857143974439778855e+00
3.700723740464288980e+00 -2.873521204147904573e+00
3.781174256561339320e+00 -2.892212192552527927e+00
3.861624772658388771e+00 -2.932586247989680928e+00
3.942075288755438223e+00 -2.972523305880311995e+00
4.022525804852488562e+00 -2.985477041348241212e+00
4.102976320949538014e+00 -2.972473587034913933e+00
4.183426837046588354e+00 -2.954141123125978208e+00
4.263877353143637805e+00 -2.947335927910036624e+00
4.344327869240687257e+00 -2.964049439993494239e+00
4.424778385337737596e+00 -2.990984531935285240e+00
4.505228901434787048e+00 -3.019739438256427544e+00
4.585679417531836499e+00 -3.031143695170571473e+00
4.666129933628886839e+00 -2.994490137497569204e+00
4.746580449725936290e+00 -2.963088375968463861e+00
4.827030965822985742e+00 -2.973521642459336700e+00
4.907481481920036082e+00 -2.993725285618443532e+00
4.987931998017085533e+00 -2.994759409614113910e+00
5.068382514114135873e+00 -2.999207323195990149e+00
5.148833030211185324e+00 -3.010269548518427207e+00
5.229283546308234776e+00 -3.011861809853701999e+00
5.309734062405285115e+00 -3.007061418868988145e+00
5.390184578502334567e+00 -3.014296677886847409e+00
5.470635094599384018e+00 -3.023275781822444941e+00
5.551085610696433470e+00 -3.058641159935476583e+00
5.631536126793483810e+00 -3.066069775707434886e+00
5.711986642890533261e+00 -3.053991008569773680e+00
5.792437158987582713e+00 -3.050212457611639394e+00
5.872887675084633052e+00 -3.038161713918396067e+00
5.953338191181682504e+00 -3.035016115486447674e+00
6.033788707278731955e+00 -3.055005982394428443e+00
6.114239223375781407e+00 -3.049987142871790180e+00
6.194689739472831747e+00 -3.058893272396824070e+00
6.275140255569881198e+00 -3.066425301568141748e+00
6.355590771666931538e+00 -3.076145207020064554e+00
6.436041287763980989e+00 -3.081043336802897770e+00
6.516491803861030441e+00 -3.078461935237180924e+00
6.596942319958079892e+00 -3.059512821261717974e+00
6.677392836055131120e+00 -3.053641850346893616e+00
6.757843352152180572e+00 -3.054516819056292132e+00
6.838293868249230023e+00 -3.059751861355814562e+00
6.918744384346279475e+00 -3.073301767392186967e+00
6.999194900443328926e+00 -3.084368953574304850e+00
7.079645416540378378e+00 -3.075692006996822325e+00
7.160095932637429605e+00 -3.055971166250131432e+00
7.240546448734479057e+00 -3.035371401028604144e+00
7.320996964831528508e+00 -3.050922884017079895e+00
7.401447480928577960e+00 -3.062917693113563988e+00
7.481897997025627411e+00 -3.066317202043621570e+00
7.562348513122678639e+00 -3.060638949122798547e+00
7.642799029219728091e+00 -3.075484316046245947e+00
7.723249545316777542e+00 -3.072610309192820743e+00
7.803700061413826994e+00 -3.038270054045896451e+00
7.884150577510876445e+00 -3.034332178030737293e+00
7.964601093607927673e+00 -3.041644757837587587e+00
8.045051609704977125e+00 -3.071288083636086075e+00
8.125502125802025688e+00 -3.082490111162516033e+00
8.205952641899076028e+00 -3.082241057580987320e+00
8.286403157996124591e+00 -3.046473453692638778e+00
8.366853674093176707e+00 -2.999692388468405468e+00
8.447304190190225270e+00 -2.978846054393592624e+00
8.527754706287275610e+00 -2.991966191511487239e+00
8.608205222384324173e+00 -3.035695145239264647e+00
8.688655738481374513e+00 -3.062221401252246622e+00
8.769106254578423076e+00 -3.064782078903768969e+00
8.849556770675475192e+00 -3.061201489713985424e+00
8.930007286772523756e+00 -3.069798512693968640e+00
9.010457802869574095e+00 -3.086329070211881298e+00
9.090908318966622659e+00 -3.089892694753411995e+00
9.171358835063672998e+00 -3.112397671800637422e+00
9.251809351160723338e+00 -3.125826831760569746e+00
9.332259867257773678e+00 -3.138556116906570104e+00
9.412710383354822241e+00 -3.154362243640699948e+00
9.493160899451872581e+00 -3.142648111538455247e+00
9.573611415548921144e+00 -3.139977951038282367e+00
9.654061931645971484e+00 -3.157447278298993520e+00
9.734512447743021823e+00 -3.175719629395254096e+00
9.814962963840072163e+00 -3.176958982959655842e+00
9.895413479937120727e+00 -3.160693664071697828e+00
9.975863996034171066e+00 -3.156490783545247591e+00
1.005631451213121963e+01 -3.122737241579462975e+00
1.013676502822827175e+01 -3.109064701850616341e+00
1.021721554432532031e+01 -3.128318301776932486e+00
1.029766606042237065e+01 -3.135995402170098867e+00
