0.000000000000000000e+00 -1.549019599857431873e-01
8.045051609704977069e-02 -2.045475806989592582e-01
1.609010321940995414e-01 -5.330047611686867803e-01
2.413515482911492982e-01 -1.508416545515755658e+00
3.218020643881990828e-01 -1.893664929687755683e+00
4.022525804852488118e-01 -1.889094254787819782e+00
4.827030965822985964e-01 -2.093153162026984759e+00
5.631536126793483810e-01 -2.438029006782103547e+00
6.436041287763981655e-01 -2.788753189444705516e+00
7.240546448734478391e-01 -2.909529443555135764e+00
8.045051609704976237e-01 -2.974393192949261078e+00
8.849556770675472972e-01 -3.052448953593289716e+00
9.654061931645971928e-01 -3.142828385878771336e+00
1.045856709261647088e+00 -3.257810942164247159e+00
1.126307225358696762e+00 -3.362621883714842497e+00
1.206757741455746435e+00 -3.326708576479624480e+00
1.287208257552796331e+00 -3.232351846200680168e+00
1.367658773649846005e+00 -3.146062880325630751e+00
1.448109289746895678e+00 -3.069344316788276572e+00
1.528559805843945352e+00 -3.017284205344640036e+00
1.609010321940995247e+00 -2.942280943130498372e+00
1.689460838038045143e+00 -2.870560120713027352e+00
1.769911354135094594e+00 -2.837399513334463830e+00
1.850361870232144490e+00 -2.865039110487214824e+00
1.930812386329194386e+00 -2.810438648737835887e+00
2.011262902426244281e+00 -2.742813677211479284e+00
2.091713418523294177e+00 -2.694240535349448074e+00
2.172163934620343628e+00 -2.709142370041128789e+00
2.252614450717393524e+00 -2.734895908445500456e+00
2.333064966814443419e+00 -2.740942861611886716e+00
2.413515482911492871e+00 -2.731353741982970984e+00
2.493965999008542767e+00 -2.734293312418273558e+00
2.574416515105592662e+00 -2.761747800245665463e+00
2.654867031202642558e+00 -2.791523478954624604e+00
2.735317547299692009e+00 -2.804319522196990100e+00
2.815768063396741905e+00 -2.821409891851456742e+00
2.896218579493791356e+00 -2.831775007701919922e+00
2.976669095590841252e+00 -2.831033938982169929e+00
3.057119611687890703e+00 -2.815368099041140937e+00
3.137570127784940599e+00 -2.835773645176157931e+00
3.218020643881990495e+00 -2.833104700110205432e+00
3.298471159979039946e+00 -2.840523371143261144e+00
3.378921676076090286e+00 -2.870543783769768709e+00
3.459372192173139737e+00 -2.871294650688123617e+00
3.539822708270189189e+00 -2.879649801042758028e+00
3.620273224367239528e+00 -2.884521910075056983e+00
3.700723740464288980e+00 -2.893392803130245827e+00
3.781174256561339320e+00 -2.874488400616406647e+00
3.861624772658388771e+00 -2.877684113925785603e+00
3.942075288755438223e+00 -2.877985436041771372e+00
4.022525804852488562e+00 -2.880671349962675265e+00
4.102976320949538014e+00 -2.880607532315157648e+00
4.183426837046588354e+00 -2.885218323233409876e+00
4.263877353143637805e+00 -2.893890171033706160e+00
4.344327869240687257e+00 -2.919070745864390748e+00
4.424778385337737596e+00 -2.942918266915469427e+00
4.505228901434787048e+00 -2.942357049365590171e+00
4.585679417531836499e+00 -2.947658274444079574e+00
4.666129933628886839e+00 -2.956197813318162115e+00
4.746580449725936290e+00 -2.985560782264293334e+00
4.827030965822985742e+00 -2.991620873009559034e+00
4.907481481920036082e+00 -2.978956526748138600e+00
4.987931998017085533e+00 -2.992265682819042816e+00
5.068382514114135873e+00 -3.008328895177393658e+00
5.148833030211185324e+00 -3.010178596603861223e+00
5.229283546308234776e+00 -3.012547677045813721e+00
5.309734062405285115e+00 -3.007813183943383706e+00
5.390184578502334567e+00 -2.992845815408498922e+00
5.470635094599384018e+00 -2.984475471086918574e+00
5.551085610696433470e+00 -2.979931384406826922e+00
5.631536126793483810e+00 -2.968204814801671088e+00
5.711986642890533261e+00 -2.957968735935725846e+00
5.792437158987582713e+00 -2.972501836454740420e+00
5.872887675084633052e+00 -3.016805277062209356e+00
5.953338191181682504e+00 -3.058914464625311247e+00
6.033788707278731955e+00 -3.068617798394852159e+00
6.114239223375781407e+00 -3.049927803565458451e+00
6.194689739472831747e+00 -3.030137504005282700e+00
6.275140255569881198e+00 -2.999227534383115845e+00
6.355590771666931538e+00 -2.986030079855961361e+00
6.436041287763980989e+00 -2.977318234022639842e+00
6.516491803861030441e+00 -2.994115524296977693e+00
6.596942319958079892e+00 -3.024191753534856364e+00
6.677392836055131120e+00 -3.033577811063793650e+00
6.757843352152180572e+00 -3.030676674977394125e+00
6.838293868249230023e+00 -3.029804725158689482e+00
6.918744384346279475e+00 -3.020569198780316711e+00
6.999194900443328926e+00 -3.026919299575668632e+00
7.079645416540378378e+00 -3.047223417535146694e+00
7.160095932637429605e+00 -3.052323937588428571e+00
7.240546448734479057e+00 -3.047035890178233064e+00
7.320996964831528508e+00 -3.020927254845278576e+00
7.401447480928577960e+00 -2.998149919820431553e+00
7.481897997025627411e+00 -2.999922108828265710e+00
7.562348513122678639e+00 -3.009694518534212992e+00
7.642799029219728091e+00 -3.020366242522782407e+00
7.723249545316777542e+00 -3.035078430502868851e+00
7.803700061413826994e+00 -3.051884170332653579e+00
7.884150577510876445e+00 -3.062496692545892518e+00
7.964601093607927673e+00 -3.061027993623572918e+00
8.045051609704977125e+00 -3.046514320586926061e+00
8.125502125802025688e+00 -3.068615279408744900e+00
8.205952641899076028e+00 -3.106182276037705137e+00
8.286403157996124591e+00 -3.105712212963763541e+00
8.366853674093176707e+00 -3.084775883445471933e+00
8.447304190190225270e+00 -3.068647322978385272e+00
8.527754706287275610e+00 -3.033734738588691027e+00
8.608205222384324173e+00 -3.002704373749432776e+00
8.688655738481374513e+00 -2.999375585972318792e+00
8.769106254578423076e+00 -3.045628386906846341e+00
8.849556770675475192e+00 -3.094707860601203286e+00
8.930007286772523756e+00 -3.100904069783810169e+00
9.010457802869574095e+00 -3.082006266005460571e+00
9.090908318966622659e+00 -3.054254722950684009e+00
9.171358835063672998e+00 -3.045145976326824933e+00
9.251809351160723338e+00 -3.045501269236228659e+00
9.332259867257773678e+00 -3.075385791627697429e+00
9.412710383354822241e+00 -3.095066960061808370e+00
9.493160899451872581e+00 -3.098701683472246060e+00
9.573611415548921144e+00 -3.093189714421219261e+00
9.654061931645971484e+00 -3.088401471949749677e+00
9.734512447743021823e+00 -3.075748111014757757e+00
9.814962963840072163e+00 -3.082447791154629524e+00
9.895413479937120727e+00 -3.110737928977855837e+00
9.975863996034171066e+00 -3.121410445694988489e+00
1.005631451213121963e+01 -3.119086575335609179e+00
1.013676502822827175e+01 -3.104514256106181147e+00
1.021721554432532031e+01 -3.101274811132368470e+00
1.029766606042237065e+01 -3.106104489312113248e+00
