0.000000000000000000e+00 -1.549019599857431873e-01
8.045051609704977069e-02 -1.952159138472760180e-01
1.609010321940995414e-01 -5.538165731355104704e-01
2.413515482911492982e-01 -1.453455054177423156e+00
3.218020643881990828e-01 -1.715517206550161600e+00
4.022525804852488118e-01 -1.722756750520186175e+00
4.827030965822985964e-01 -1.895415086416105677e+00
5.631536126793483810e-01 -2.101402401568318812e+00
6.436041287763981655e-01 -2.288599644743404049e+00
7.240546448734478391e-01 -2.452928605427603159e+00
8.045051609704976237e-01 -2.695915437278432858e+00
8.849556770675472972e-01 -2.963165756145127450e+00
9.654061931645971928e-01 -3.004799073837821854e+00
1.045856709261647088e+00 -3.002982369137365382e+00
1.126307225358696762e+00 -3.045489645761193298e+00
1.206757741455746435e+00 -3.050981097986246393e+00
1.287208257552796331e+00 -3.057041006152392715e+00
1.367658773649846005e+00 -3.002777223074815538e+00
1.448109289746895678e+00 -2.867874430390652485e+00
1.528559805843945352e+00 -2.793087079888055602e+00
1.609010321940995247e+00 -2.784329286136792092e+00
1.689460838038045143e+00 -2.727407603339783382e+00
1.769911354135094594e+00 -2.675995230192375285e+00
1.850361870232144490e+00 -2.696030674247163361e+00
1.930812386329194386e+00 -2.704061931454785572e+00
2.011262902426244281e+00 -2.679505033503458922e+00
2.091713418523294177e+00 -2.693320194031242565e+00
2.172163934620343628e+00 -2.719110531130365604e+00
2.252614450717393524e+00 -2.680704293602835353e+00
2.333064966814443419e+00 -2.661776086597236191e+00
2.413515482911492871e+00 -2.660424526764293862e+00
2.493965999008542767e+00 -2.669459640612740881e+00
2.574416515105592662e+00 -2.672022556071964150e+00
2.654867031202642558e+00 -2.698632887442381278e+00
2.735317547299692009e+00 -2.728537082175473749e+00
2.815768063396741905e+00 -2.721239758850890755e+00
2.896218579493791356e+00 -2.720272359938571416e+00
2.976669095590841252e+00 -2.783001986824350737e+00
3.057119611687890703e+00 -2.846842212447890041e+00
3.137570127784940599e+00 -2.873448317997272294e+00
3.218020643881990495e+00 -2.860809693729591707e+00
3.298471159979039946e+00 -2.843583114813237334e+00
3.378921676076090286e+00 -2.834186718966415164e+00
3.459372192173139737e+00 -2.867075652246467321e+00
3.539822708270189189e+00 -2.894109526770365814e+00
3.620273224367239528e+00 -2.907891644184073865e+00
3.700723740464288980e+00 -2.912961337785535232e+00
3.781174256561339320e+00 -2.908795071385780417e+00
3.861624772658388771e+00 -2.895738946626549737e+00
3.942075288755438223e+00 -2.892452040054832807e+00
4.022525804852488562e+00 -2.902968804269471015e+00
4.102976320949538014e+00 -2.937749854792164772e+00
4.183426837046588354e+00 -2.957513741671256469e+00
4.263877353143637805e+00 -2.960155443715069001e+00
4.344327869240687257e+00 -2.913801986732441396e+00
4.424778385337737596e+00 -2.907676635667863607e+00
4.505228901434787048e+00 -2.962086041128558112e+00
4.585679417531836499e+00 -3.012692793132100366e+00
4.666129933628886839e+00 -3.021678541740040913e+00
4.746580449725936290e+00 -2.998514253128403695e+00
4.827030965822985742e+00 -2.990813305600680927e+00
4.907481481920036082e+00 -2.993025203039329174e+00
4.987931998017085533e+00 -3.005742301286628670e+00
5.068382514114135873e+00 -3.012085320886436435e+00
5.148833030211185324e+00 -3.010777293940094967e+00
5.229283546308234776e+00 -3.019551820504038364e+00
5.309734062405285115e+00 -3.002873870110549515e+00
5.390184578502334567e+00 -2.962755997381634643e+00
5.470635094599384018e+00 -2.939557068151150254e+00
5.551085610696433470e+00 -2.934209809937569524e+00
5.631536126793483810e+00 -2.947484870862233652e+00
5.711986642890533261e+00 -2.981914741926900536e+00
5.792437158987582713e+00 -3.007188795878485088e+00
5.872887675084633052e+00 -3.018165564720079352e+00
5.953338191181682504e+00 -3.002214261195235601e+00
6.033788707278731955e+00 -3.005397037840316088e+00
6.114239223375781407e+00 -3.009983508162503707e+00
6.194689739472831747e+00 -3.021457118644335971e+00
6.275140255569881198e+00 -3.004805162364517113e+00
6.355590771666931538e+00 -2.989746523382604604e+00
6.436041287763980989e+00 -2.997607426335490377e+00
6.516491803861030441e+00 -3.037568656490742036e+00
6.596942319958079892e+00 -3.082855575044579410e+00
6.677392836055131120e+00 -3.124549566988997107e+00
6.757843352152180572e+00 -3.150636765587889077e+00
6.838293868249230023e+00 -3.136682788795863708e+00
6.918744384346279475e+00 -3.083292173584984752e+00
6.999194900443328926e+00 -3.047453312434253103e+00
7.079645416540378378e+00 -3.037364339892519638e+00
7.160095932637429605e+00 -3.029812675954633772e+00
7.240546448734479057e+00 -3.023663434423661034e+00
7.320996964831528508e+00 -3.039428414686508262e+00
7.401447480928577960e+00 -3.058811326876895720e+00
7.481897997025627411e+00 -3.027392909666911880e+00
7.562348513122678639e+00 -3.004237668177450971e+00
7.642799029219728091e+00 -3.024116822313103192e+00
7.723249545316777542e+00 -3.068186369774719147e+00
7.803700061413826994e+00 -3.090027595558814344e+00
7.884150577510876445e+00 -3.041621015408292106e+00
7.964601093607927673e+00 -3.000606460482513782e+00
8.045051609704977125e+00 -2.996358253038307495e+00
8.125502125802025688e+00 -3.018182467008531766e+00
8.205952641899076028e+00 -3.036326928410413295e+00
8.286403157996124591e+00 -3.068137209941818266e+00
8.366853674093176707e+00 -3.096758459328445401e+00
8.447304190190225270e+00 -3.091803150974850922e+00
8.527754706287275610e+00 -3.077179359578981810e+00
8.608205222384324173e+00 -3.074207360126417488e+00
8.688655738481374513e+00 -3.092003033398634138e+00
8.769106254578423076e+00 -3.109306447332439216e+00
8.849556770675475192e+00 -3.109616470394803045e+00
8.930007286772523756e+00 -3.084268410812218253e+00
9.010457802869574095e+00 -3.062687746884962259e+00
9.090908318966622659e+00 -3.038395766483926064e+00
9.171358835063672998e+00 -3.015257515973993829e+00
9.251809351160723338e+00 -3.025609096136900877e+00
9.332259867257773678e+00 -3.063225197769200658e+00
9.412710383354822241e+00 -3.067500804041549234e+00
9.493160899451872581e+00 -3.055624333456072872e+00
9.573611415548921144e+00 -3.053395496013608490e+00
9.654061931645971484e+00 -3.095641491469034889e+00
9.734512447743021823e+00 -3.103014065102985608e+00
9.814962963840072163e+00 -3.078039704167983448e+00
9.895413479937120727e+00 -3.069130239791581616e+00
9.975863996034171066e+00 -3.072485874754983470e+00
1.005631451213121963e+01 -3.078980563818483063e+00
1.013676502822827175e+01 -3.082579556340768523e+00
1.021721554432532031e+01 -3.081225589057269065e+00
1.029766606042237065e+01 -3.083601407360529123e+00
