0.000000000000000000e+00 -1.549019599857431873e-01
8.045051609704977069e-02 -2.098992916172404133e-01
1.609010321940995414e-01 -5.820910966147362364e-01
2.413515482911492982e-01 -1.534444850475696454e+00
3.218020643881990828e-01 -1.867790633031926495e+00
4.022525804852488118e-01 -1.844820981869421894e+00
4.827030965822985964e-01 -1.997860412230079152e+00
5.631536126793483810e-01 -2.352970294261421458e+00
6.436041287763981655e-01 -2.639237446601771619e+00
7.240546448734478391e-01 -2.794550369342621909e+00
8.045051609704976237e-01 -2.950708103491937351e+00
8.849556770675472972e-01 -3.124342602225879784e+00
9.654061931645971928e-01 -3.180019017312130547e+00
1.045856709261647088e+00 -3.190058156167587811e+00
1.126307225358696762e+00 -3.190207727132619464e+00
1.206757741455746435e+00 -3.204632833373708412e+00
1.287208257552796331e+00 -3.195047745426617514e+00
1.367658773649846005e+00 -3.107269148649274726e+00
1.448109289746895678e+00 -3.023169205772897605e+00
1.528559805843945352e+00 -2.976303399665333860e+00
1.609010321940995247e+00 -2.960281698219016988e+00
1.689460838038045143e+00 -2.959439119770737481e+00
1.769911354135094594e+00 -2.952665593355729090e+00
1.850361870232144490e+00 -2.907288609955008152e+00
1.930812386329194386e+00 -2.850056877175875414e+00
2.011262902426244281e+00 -2.784498419475669451e+00
2.091713418523294177e+00 -2.720509729295584211e+00
2.172163934620343628e+00 -2.668760032982750108e+00
2.252614450717393524e+00 -2.615699418870722770e+00
2.333064966814443419e+00 -2.580022948245089598e+00
2.413515482911492871e+00 -2.604141095453996968e+00
2.493965999008542767e+00 -2.630946379602900898e+00
2.574416515105592662e+00 -2.642259685784867695e+00
2.654867031202642558e+00 -2.647336862770343302e+00
2.735317547299692009e+00 -2.718554907601812509e+00
2.815768063396741905e+00 -2.785112833545656752e+00
2.896218579493791356e+00 -2.778386156433957144e+00
2.976669095590841252e+00 -2.760260205950658907e+00
3.057119611687890703e+00 -2.785438096563986665e+00
3.137570127784940599e+00 -2.821214284684344431e+00
3.218020643881990495e+00 -2.848008908726017641e+00
3.298471159979039946e+00 -2.841309678137943440e+00
3.378921676076090286e+00 -2.831192289621324853e+00
3.459372192173139737e+00 -2.851187526583807585e+00
3.539822708270189189e+00 -2.891360146640194806e+00
3.620273224367239528e+00 -2.943561808592101148e+00
3.700723740464288980e+00 -2.963818947126765302e+00
3.781174256561339320e+00 -2.955847251352242022e+00
3.861624772658388771e+00 -2.966793198595917502e+00
3.942075288755438223e+00 -2.965703136206814694e+00
4.022525804852488562e+00 -2.955139642319248416e+00
4.102976320949538014e+00 -2.974653258015643509e+00
4.183426837046588354e+00 -2.999509689062119122e+00
4.263877353143637805e+00 -3.009085413004398468e+00
4.344327869240687257e+00 -2.964334264458974744e+00
4.424778385337737596e+00 -2.912457129988630822e+00
4.505228901434787048e+00 -2.902334629007787825e+00
4.585679417531836499e+00 -2.904849488363768106e+00
4.666129933628886839e+00 -2.919670342964260090e+00
4.746580449725936290e+00 -2.901868527861368285e+00
4.827030965822985742e+00 -2.897494987541772371e+00
4.907481481920036082e+00 -2.906366041089157193e+00
4.987931998017085533e+00 -2.897893896010624193e+00
5.068382514114135873e+00 -2.892243206839320457e+00
5.148833030211185324e+00 -2.901346211358587279e+00
5.229283546308234776e+00 -2.940117252792099123e+00
5.309734062405285115e+00 -2.958619652486292662e+00
5.390184578502334567e+00 -2.984934290722335515e+00
5.470635094599384018e+00 -3.021811850542341027e+00
5.551085610696433470e+00 -3.039176227643971551e+00
5.631536126793483810e+00 -3.037584039763029153e+00
5.711986642890533261e+00 -3.014428085681084557e+00
5.792437158987582713e+00 -2.985988551936421320e+00
5.872887675084633052e+00 -2.958777394480923029e+00
5.953338191181682504e+00 -2.959625201678488082e+00
6.033788707278731955e+00 -2.962927055336762372e+00
6.114239223375781407e+00 -2.993301917862964956e+00
6.194689739472831747e+00 -3.004980356058443824e+00
6.275140255569881198e+00 -3.002908317209366462e+00
6.355590771666931538e+00 -2.993755721750137155e+00
6.436041287763980989e+00 -2.976032396071986774e+00
6.516491803861030441e+00 -2.966968255757706174e+00
6.596942319958079892e+00 -2.995760865495087355e+00
6.677392836055131120e+00 -3.014437199183217064e+00
6.757843352152180572e+00 -3.023218260561586490e+00
6.838293868249230023e+00 -3.010031299625592904e+00
6.918744384346279475e+00 -3.000622760499359387e+00
6.999194900443328926e+00 -3.008885804269870512e+00
7.079645416540378378e+00 -3.024284414901588391e+00
7.160095932637429605e+00 -3.046694590989970308e+00
7.240546448734479057e+00 -3.056001001378711557e+00
7.320996964831528508e+00 -3.057748683202728746e+00
7.401447480928577960e+00 -3.044425202310788947e+00
7.481897997025627411e+00 -3.037498301610432438e+00
7.562348513122678639e+00 -3.041887166215553329e+00
7.642799029219728091e+00 -3.026567093490167171e+00
7.723249545316777542e+00 -3.040383523703326318e+00
7.803700061413826994e+00 -3.062707633526674300e+00
7.884150577510876445e+00 -3.085780189460006095e+00
7.964601093607927673e+00 -3.045237447865877911e+00
8.045051609704977125e+00 -3.002071872874707115e+00
8.125502125802025688e+00 -3.011431295596278535e+00
8.205952641899076028e+00 -3.076367013876688539e+00
8.286403157996124591e+00 -3.118637347104620705e+00
8.366853674093176707e+00 -3.088956387453402286e+00
8.447304190190225270e+00 -3.075916341703934798e+00
8.527754706287275610e+00 -3.087212911018855976e+00
8.608205222384324173e+00 -3.114518078752852581e+00
8.688655738481374513e+00 -3.143177189237198466e+00
8.769106254578423076e+00 -3.154213471749307551e+00
8.849556770675475192e+00 -3.130842563283186220e+00
8.930007286772523756e+00 -3.102748678532419202e+00
9.010457802869574095e+00 -3.081137655588437330e+00
9.090908318966622659e+00 -3.084707540835797346e+00
9.171358835063672998e+00 -3.115413351060050129e+00
9.251809351160723338e+00 -3.147935441463071360e+00
9.332259867257773678e+00 -3.149930603837272081e+00
9.412710383354822241e+00 -3.113891806025986586e+00
9.493160899451872581e+00 -3.083439389705631584e+00
9.573611415548921144e+00 -3.082342279393955220e+00
9.654061931645971484e+00 -3.099842389558784550e+00
9.734512447743021823e+00 -3.122574531033235790e+00
9.814962963840072163e+00 -3.125800590380322763e+00
9.895413479937120727e+00 -3.132462346492718819e+00
9.975863996034171066e+00 -3.151541309952921921e+00
1.005631451213121963e+01 -3.164963599079750445e+00
1.013676502822827175e+01 -3.162994748135024459e+00
1.021721554432532031e+01 -3.173099946246394687e+00
1.029766606042237065e+01 -3.194291862270634219e+00
