0.000000000000000000e+00 -1.549019599857431873e-01
8.045051609704977069e-02 -2.093165677418677151e-01
1.609010321940995414e-01 -6.428647343921078949e-01
2.413515482911492982e-01 -1.883324577409126954e+00
3.218020643881990828e-01 -1.830852602162335252e+00
4.022525804852488118e-01 -1.754550287606365000e+00
4.827030965822985964e-01 -1.960863062510713739e+00
5.631536126793483810e-01 -2.379195285372897484e+00
6.436041287763981655e-01 -2.718461441634054232e+00
7.240546448734478391e-01 -2.913394016655270313e+00
8.045051609704976237e-01 -3.010367636950751269e+00
8.849556770675472972e-01 -2.987140857520520942e+00
9.654061931645971928e-01 -3.042646308627646068e+00
1.045856709261647088e+00 -3.170579969982909585e+00
1.126307225358696762e+00 -3.219904420545264045e+00
1.206757741455746435e+00 -3.118312566329470403e+00
1.287208257552796331e+00 -3.060241755469621516e+00
1.367658773649846005e+00 -3.008484432005450238e+00
1.448109289746895678e+00 -2.943383283712706522e+00
1.528559805843945352e+00 -2.942244095018601069e+00
1.609010321940995247e+00 -2.992408032476674862e+00
1.689460838038045143e+00 -2.953614365900226524e+00
1.769911354135094594e+00 -2.859038166082114696e+00
1.850361870232144490e+00 -2.791282904033429713e+00
1.930812386329194386e+00 -2.750921931837919665e+00
2.011262902426244281e+00 -2.745981504253248495e+00
2.091713418523294177e+00 -2.668084125456304800e+00
2.172163934620343628e+00 -2.580652099551660861e+00
2.252614450717393524e+00 -2.518115980742436033e+00
2.333064966814443419e+00 -2.542892740600140034e+00
2.413515482911492871e+00 -2.598690532872816039e+00
2.493965999008542767e+00 -2.663427508520674447e+00
2.574416515105592662e+00 -2.689609494073534446e+00
2.654867031202642558e+00 -2.717438675894113587e+00
2.735317547299692009e+00 -2.778716537347411197e+00
2.815768063396741905e+00 -2.835911050806727562e+00
2.896218579493791356e+00 -2.836673881670619402e+00
2.976669095590841252e+00 -2.800521506430452057e+00
3.057119611687890703e+00 -2.777482268233127716e+00
3.137570127784940599e+00 -2.821912477011498499e+00
3.218020643881990495e+00 -2.879366267880213659e+00
3.298471159979039946e+00 -2.904139261843738495e+00
3.378921676076090286e+00 -2.939746786131333778e+00
3.459372192173139737e+00 -2.983509351332971349e+00
3.539822708270189189e+00 -2.999005394861846696e+00
3.620273224367239528e+00 -2.968675378440011059e+00
3.700723740464288980e+00 -2.928260121592094478e+00
3.781174256561339320e+00 -2.917028187446753851e+00
3.861624772658388771e+00 -2.894066259696175258e+00
3.942075288755438223e+00 -2.870066342308073004e+00
4.022525804852488562e+00 -2.841228869851166294e+00
4.102976320949538014e+00 -2.824437075268950270e+00
4.183426837046588354e+00 -2.864350692518051744e+00
4.263877353143637805e+00 -2.938822384277363753e+00
4.344327869240687257e+00 -2.981671221564765162e+00
4.424778385337737596e+00 -2.960116821638672402e+00
4.505228901434787048e+00 -2.946762153092152392e+00
4.585679417531836499e+00 -2.953518856318845476e+00
4.666129933628886839e+00 -2.991033162357740860e+00
4.746580449725936290e+00 -2.984884381237514095e+00
4.827030965822985742e+00 -2.978315501476425986e+00
4.907481481920036082e+00 -2.952228077776013482e+00
4.987931998017085533e+00 -2.920805337146531233e+00
5.068382514114135873e+00 -2.924432239568574232e+00
5.148833030211185324e+00 -2.940587667566988639e+00
5.229283546308234776e+00 -2.932378474505168864e+00
5.309734062405285115e+00 -2.949789189717337834e+00
5.390184578502334567e+00 -2.969993081804686241e+00
5.470635094599384018e+00 -3.005187446032284715e+00
5.551085610696433470e+00 -3.025258349870605823e+00
5.631536126793483810e+00 -3.026453829768827486e+00
5.711986642890533261e+00 -2.999612655013356832e+00
5.792437158987582713e+00 -2.993013632006467972e+00
5.872887675084633052e+00 -3.035986375503100465e+00
5.953338191181682504e+00 -3.023862003970326562e+00
6.033788707278731955e+00 -2.985241393557763967e+00
6.114239223375781407e+00 -2.963240189537061919e+00
6.194689739472831747e+00 -2.982463377781779723e+00
6.275140255569881198e+00 -3.011562781023084501e+00
6.355590771666931538e+00 -3.007828771600634887e+00
6.436041287763980989e+00 -3.004537043992923984e+00
6.516491803861030441e+00 -3.013310756541855095e+00
6.596942319958079892e+00 -3.026980728896019546e+00
6.677392836055131120e+00 -3.035314441670274199e+00
6.757843352152180572e+00 -3.031073616860531228e+00
6.838293868249230023e+00 -3.009402004818083398e+00
6.918744384346279475e+00 -2.999380804989917770e+00
6.999194900443328926e+00 -2.994150698506148789e+00
7.079645416540378378e+00 -3.025040208691209820e+00
7.160095932637429605e+00 -3.036164856619985919e+00
7.240546448734479057e+00 -3.046423010077105253e+00
7.320996964831528508e+00 -3.054229541204440235e+00
7.401447480928577960e+00 -3.061210474390064995e+00
7.481897997025627411e+00 -3.074361546796216871e+00
7.562348513122678639e+00 -3.087692248807801132e+00
7.642799029219728091e+00 -3.090390458735079893e+00
7.723249545316777542e+00 -3.073821199289001882e+00
7.803700061413826994e+00 -3.069853174744462621e+00
7.884150577510876445e+00 -3.088593115268546629e+00
7.964601093607927673e+00 -3.112738534094126042e+00
8.045051609704977125e+00 -3.113603344158083264e+00
8.125502125802025688e+00 -3.058643480197113629e+00
8.205952641899076028e+00 -3.024420344839537034e+00
8.286403157996124591e+00 -3.031281458906438520e+00
8.366853674093176707e+00 -3.048400211341703248e+00
8.447304190190225270e+00 -3.034470893382961165e+00
8.527754706287275610e+00 -3.023963489843518371e+00
8.608205222384324173e+00 -3.028079575960437975e+00
8.688655738481374513e+00 -3.058370390237018288e+00
8.769106254578423076e+00 -3.100543370100256269e+00
8.849556770675475192e+00 -3.130852556002519993e+00
8.930007286772523756e+00 -3.135250570422093652e+00
9.010457802869574095e+00 -3.140461879828556846e+00
9.090908318966622659e+00 -3.143768707228020265e+00
9.171358835063672998e+00 -3.118704935926223776e+00
9.251809351160723338e+00 -3.115681165021384036e+00
9.332259867257773678e+00 -3.123803859726733911e+00
9.412710383354822241e+00 -3.117635910956749967e+00
9.493160899451872581e+00 -3.123064400015863828e+00
9.573611415548921144e+00 -3.144066916472938455e+00
9.654061931645971484e+00 -3.147282306861793000e+00
9.734512447743021823e+00 -3.141629175337411262e+00
9.814962963840072163e+00 -3.148767497037126883e+00
9.895413479937120727e+00 -3.159692696909230047e+00
9.975863996034171066e+00 -3.134810845416990954e+00
1.005631451213121963e+01 -3.105757712665556891e+00
1.013676502822827175e+01 -3.116805145586699410e+00
1.021721554432532031e+01 -3.143250646992013397e+00
1.029766606042237065e+01 -3.165339200678044307e+00
