0.000000000000000000e+00 -1.549019599857431873e-01
2.681683869901659023e-02 -1.999665001026794675e-01
5.363367739803318046e-02 -5.770786336438179509e-01
8.045051609704977069e-02 -2.535325144674027253e+00
1.072673547960663609e-01 -4.429937836523560435e+00
1.340841934950829373e-01 -4.919897369279660815e+00
1.609010321940995414e-01 -5.019171993536808429e+00
1.877178708931161177e-01 -4.952761932534805567e+00
2.145347095921327218e-01 -4.862578654604286399e+00
2.413515482911492982e-01 -4.727654391934458467e+00
2.681683869901658746e-01 -4.589856862265088822e+00
2.949852256891824509e-01 -4.536499067778333227e+00
3.218020643881990828e-01 -4.561258032034853471e+00
3.486189030872156591e-01 -4.664830537423343415e+00
3.754357417862322355e-01 -4.748814271583993829e+00
4.022525804852488118e-01 -4.728948058948147626e+00
4.290694191842654437e-01 -4.701404959885753243e+00
4.558862578832820200e-01 -4.701064880529477463e+00
4.827030965822985964e-01 -4.750480396063993638e+00
5.095199352813151172e-01 -4.844185286508890798e+00
5.363367739803317491e-01 -4.953794001951287385e+00
5.631536126793483810e-01 -5.004530257910278834e+00
5.899704513783649018e-01 -5.044291459826225399e+00
6.167872900773815337e-01 -5.114466372949209472e+00
6.436041287763981655e-01 -5.161285775257359099e+00
6.704209674754147974e-01 -5.207865108188988401e+00
6.972378061744313182e-01 -5.232643461828627274e+00
7.240546448734478391e-01 -5.268672673408757667e+00
7.508714835724644709e-01 -5.295848456336149646e+00
7.776883222714811028e-01 -5.336591548511820271e+00
8.045051609704976237e-01 -5.360705312215841900e+00
8.313219996695142555e-01 -5.358344794042067427e+00
8.581388383685308874e-01 -5.340478470752612949e+00
8.849556770675474082e-01 -5.305655256869235892e+00
9.117725157665640401e-01 -5.287633362635355994e+00
9.385893544655805609e-01 -5.288260496389416865e+00
9.654061931645971928e-01 -5.297266959289771648e+00
9.922230318636138247e-01 -5.297680975246928270e+00
1.019039870562630234e+00 -5.288389054179186921e+00
1.045856709261646866e+00 -5.303267982272219960e+00
1.072673547960663498e+00 -5.322861758397648302e+00
1.099490386659680130e+00 -5.317624121774062296e+00
1.126307225358696762e+00 -5.306276953056500822e+00
1.153124064057713172e+00 -5.299755246486748561e+00
1.179940902756729804e+00 -5.293356034507913144e+00
1.206757741455746435e+00 -5.303368024663171809e+00
1.233574580154763067e+00 -5.313039139008391309e+00
1.260391418853779699e+00 -5.280339841523365330e+00
1.287208257552796331e+00 -5.228402746107321697e+00
1.314025096251812741e+00 -5.219738243310069414e+00
1.340841934950829595e+00 -5.198983269691679787e+00
1.367658773649846005e+00 -5.147064630030940613e+00
1.394475612348862636e+00 -5.106993038929632078e+00
1.421292451047879268e+00 -5.099395480447670437e+00
1.448109289746895678e+00 -5.089292788225665554e+00
1.474926128445912532e+00 -5.076019351576441352e+00
1.501742967144928942e+00 -5.060620446441960851e+00
1.528559805843945352e+00 -5.054352559003890022e+00
1.555376644542962206e+00 -5.049667293882501795e+00
1.582193483241978615e+00 -5.007686692608940504e+00
1.609010321940995247e+00 -4.964443142056120806e+00
1.635827160640011879e+00 -4.942728954931950192e+00
1.662643999339028511e+00 -4.903249664084690984e+00
1.689460838038045143e+00 -4.860960062208733667e+00
1.716277676737061775e+00 -4.823217291115151184e+00
1.743094515436078185e+00 -4.782934536318964369e+00
1.769911354135094816e+00 -4.748364576984331897e+00
1.796728192834111448e+00 -4.709771992596244239e+00
1.823545031533128080e+00 -4.690202887145395572e+00
1.850361870232144712e+00 -4.692796165991134139e+00
1.877178708931161122e+00 -4.710965117879426067e+00
1.903995547630177976e+00 -4.719042381245664330e+00
1.930812386329194386e+00 -4.719846826729218847e+00
1.957629225028210795e+00 -4.715270530049690656e+00
1.984446063727227649e+00 -4.726938719903202468e+00
2.011262902426244281e+00 -4.737732172501162964e+00
2.038079741125260469e+00 -4.766726246522475563e+00
2.064896579824277545e+00 -4.800992705539706584e+00
2.091713418523293733e+00 -4.857987316470294026e+00
2.118530257222310365e+00 -4.909657320695808735e+00
2.145347095921326996e+00 -4.949402911960008034e+00
2.172163934620343628e+00 -4.972326024004122935e+00
2.198980773319360260e+00 -4.980330572817036838e+00
2.225797612018376892e+00 -4.996422749625383908e+00
2.252614450717393524e+00 -5.013974797503190750e+00
2.279431289416410156e+00 -5.030934141387163550e+00
2.306248128115426343e+00 -5.057547201909089019e+00
2.333064966814442975e+00 -5.083762151674825702e+00
2.359881805513459607e+00 -5.089179826347363544e+00
2.386698644212476683e+00 -5.083531653536802253e+00
2.413515482911492871e+00 -5.084906020609705202e+00
2.440332321610509503e+00 -5.090847038434634264e+00
2.467149160309526135e+00 -5.107936109798174584e+00
2.493965999008542322e+00 -5.131892060969557079e+00
2.520782837707559398e+00 -5.134816174345174566e+00
2.547599676406576030e+00 -5.117375870701912355e+00
2.574416515105592662e+00 -5.111378824735055559e+00
2.601233353804608850e+00 -5.121651487416305493e+00
2.628050192503625482e+00 -5.138309019035611769e+00
2.654867031202642558e+00 -5.146468388493722124e+00
2.681683869901659190e+00 -5.150660880080205395e+00
2.708500708600675377e+00 -5.165633440626251627e+00
2.735317547299692009e+00 -5.180681052642027495e+00
2.762134385998708641e+00 -5.175289230974023269e+00
2.788951224697725273e+00 -5.168481587425184820e+00
2.815768063396741905e+00 -5.182004505984459719e+00
2.842584902095758537e+00 -5.205225472535878417e+00
2.869401740794774724e+00 -5.207959118391725539e+00
2.896218579493791356e+00 -5.193313692504010426e+00
2.923035418192807988e+00 -5.185957250935659957e+00
2.949852256891825064e+00 -5.181408413491478626e+00
2.976669095590841252e+00 -5.168613326627838234e+00
3.003485934289857884e+00 -5.171767883222579520e+00
3.030302772988874516e+00 -5.190212631628244644e+00
3.057119611687890703e+00 -5.201422291492415084e+00
3.083936450386907779e+00 -5.193073397399671443e+00
3.110753289085924411e+00 -5.196061324211481924e+00
3.137570127784941043e+00 -5.203019407918299422e+00
3.164386966483957231e+00 -5.208350206800408166e+00
3.191203805182973863e+00 -5.210514608302974082e+00
3.218020643881990495e+00 -5.200265446142714687e+00
3.244837482581007571e+00 -5.175311216185272123e+00
3.271654321280023758e+00 -5.165885667795254044e+00
3.298471159979040390e+00 -5.186402478851099396e+00
3.325287998678057022e+00 -5.205272018139828205e+00
3.352104837377073210e+00 -5.202130494120377868e+00
3.378921676076090286e+00 -5.197943976111225162e+00
3.405738514775106918e+00 -5.191530854579551324e+00
3.432555353474123550e+00 -5.181022452355746211e+00
