0.000000000000000000e+00 -1.549019599857431873e-01
2.681683869901659023e-02 -1.873061325035768887e-01
5.363367739803318046e-02 -5.078086353929489594e-01
8.045051609704977069e-02 -2.045256157225185945e+00
1.072673547960663609e-01 -3.935700339203749287e+00
1.340841934950829373e-01 -4.754600972421771488e+00
1.609010321940995414e-01 -5.119786757172085423e+00
1.877178708931161177e-01 -5.287218520939299005e+00
2.145347095921327218e-01 -5.384753410516014860e+00
2.413515482911492982e-01 -5.360663472450425182e+00
2.681683869901658746e-01 -5.373284837005250836e+00
2.949852256891824509e-01 -5.393754511829082610e+00
3.218020643881990828e-01 -5.393521409944709966e+00
3.486189030872156591e-01 -5.393866834943908728e+00
3.754357417862322355e-01 -5.392734928714299159e+00
4.022525804852488118e-01 -5.394047493895660850e+00
4.290694191842654437e-01 -5.395705931026033575e+00
4.558862578832820200e-01 -5.394124967254224856e+00
4.827030965822985964e-01 -5.394689369377442922e+00
5.095199352813151172e-01 -5.395338665115472665e+00
5.363367739803317491e-01 -5.394975088369292848e+00
5.631536126793483810e-01 -5.395710814431629920e+00
5.899704513783649018e-01 -5.396855141274994772e+00
6.167872900773815337e-01 -5.397503232335091994e+00
6.436041287763981655e-01 -5.396935252996862609e+00
6.704209674754147974e-01 -5.396601061273491595e+00
6.972378061744313182e-01 -5.397415188111750695e+00
7.240546448734478391e-01 -5.396922636571650500e+00
7.508714835724644709e-01 -5.395413823769226624e+00
7.776883222714811028e-01 -5.390532948999177343e+00
8.045051609704976237e-01 -5.386054470529465732e+00
8.313219996695142555e-01 -5.382492066198092395e+00
8.581388383685308874e-01 -5.386617267446228041e+00
8.849556770675474082e-01 -5.388880188971180374e+00
9.117725157665640401e-01 -5.386391413661613115e+00
9.385893544655805609e-01 -5.389527764860348569e+00
9.654061931645971928e-01 -5.390505210953814519e+00
9.922230318636138247e-01 -5.392190270175055034e+00
1.019039870562630234e+00 -5.391769272958865322e+00
1.045856709261646866e+00 -5.386709960310947842e+00
1.072673547960663498e+00 -5.381794998558801169e+00
1.099490386659680130e+00 -5.378936701987720781e+00
1.126307225358696762e+00 -5.374767339691999268e+00
1.153124064057713172e+00 -5.374186678006746654e+00
1.179940902756729804e+00 -5.366665679664244237e+00
1.206757741455746435e+00 -5.352655570770167515e+00
1.233574580154763067e+00 -5.336758569034827815e+00
1.260391418853779699e+00 -5.334113104974676389e+00
1.287208257552796331e+00 -5.326047556655013615e+00
1.314025096251812741e+00 -5.308374459654389810e+00
1.340841934950829595e+00 -5.301719238228600695e+00
1.367658773649846005e+00 -5.288091575247713116e+00
1.394475612348862636e+00 -5.270512001379429989e+00
1.421292451047879268e+00 -5.251280185048387672e+00
1.448109289746895678e+00 -5.224330544027029788e+00
1.474926128445912532e+00 -5.166247790067918899e+00
1.501742967144928942e+00 -5.094796886359587162e+00
1.528559805843945352e+00 -5.028535522723073470e+00
1.555376644542962206e+00 -4.984493095046178546e+00
1.582193483241978615e+00 -4.950305541316706304e+00
1.609010321940995247e+00 -4.909217460207283779e+00
1.635827160640011879e+00 -4.885219595305565932e+00
1.662643999339028511e+00 -4.878000488224432551e+00
1.689460838038045143e+00 -4.893320391038790795e+00
1.716277676737061775e+00 -4.887928440830239474e+00
1.743094515436078185e+00 -4.842570160925007805e+00
1.769911354135094816e+00 -4.778960532025767982e+00
1.796728192834111448e+00 -4.723954432827672356e+00
1.823545031533128080e+00 -4.689284403351857478e+00
1.850361870232144712e+00 -4.679061342793501055e+00
1.877178708931161122e+00 -4.678294269754775137e+00
1.903995547630177976e+00 -4.702093385624745991e+00
1.930812386329194386e+00 -4.743219438743365934e+00
1.957629225028210795e+00 -4.782688926362425264e+00
1.984446063727227649e+00 -4.783912102920086618e+00
2.011262902426244281e+00 -4.798003083609866160e+00
2.038079741125260469e+00 -4.820244430296657612e+00
2.064896579824277545e+00 -4.842392191664848689e+00
2.091713418523293733e+00 -4.874982318669758286e+00
2.118530257222310365e+00 -4.930936443938869651e+00
2.145347095921326996e+00 -4.969305590085795643e+00
2.172163934620343628e+00 -4.975763775416976564e+00
2.198980773319360260e+00 -4.983626904648086331e+00
2.225797612018376892e+00 -5.016072607336615974e+00
2.252614450717393524e+00 -5.039941248969691756e+00
2.279431289416410156e+00 -5.070107116152750670e+00
2.306248128115426343e+00 -5.095234214629544844e+00
2.333064966814442975e+00 -5.104228238486276936e+00
2.359881805513459607e+00 -5.109952757681758051e+00
2.386698644212476683e+00 -5.113113732563151714e+00
2.413515482911492871e+00 -5.116925653912568706e+00
2.440332321610509503e+00 -5.142113850587780810e+00
2.467149160309526135e+00 -5.174097210338777231e+00
2.493965999008542322e+00 -5.177621707736382639e+00
2.520782837707559398e+00 -5.170730918057843795e+00
2.547599676406576030e+00 -5.174312480964048611e+00
2.574416515105592662e+00 -5.178314782002211736e+00
2.601233353804608850e+00 -5.195430641020290174e+00
2.628050192503625482e+00 -5.214260685678878460e+00
2.654867031202642558e+00 -5.227390116673643838e+00
2.681683869901659190e+00 -5.226097459138681067e+00
2.708500708600675377e+00 -5.212561448168237632e+00
2.735317547299692009e+00 -5.200117642544033636e+00
2.762134385998708641e+00 -5.208883167382252211e+00
2.788951224697725273e+00 -5.225203949738677522e+00
2.815768063396741905e+00 -5.234033212745627495e+00
2.842584902095758537e+00 -5.234104931462841392e+00
2.869401740794774724e+00 -5.228755512039922948e+00
2.896218579493791356e+00 -5.218438293160760466e+00
2.923035418192807988e+00 -5.219785584154549518e+00
2.949852256891825064e+00 -5.227413984109736234e+00
2.976669095590841252e+00 -5.228101887834122330e+00
3.003485934289857884e+00 -5.219218580492150039e+00
3.030302772988874516e+00 -5.211934903455876622e+00
3.057119611687890703e+00 -5.207148675751942513e+00
3.083936450386907779e+00 -5.198586717556684000e+00
3.110753289085924411e+00 -5.191584878691765326e+00
3.137570127784941043e+00 -5.188466090524753049e+00
3.164386966483957231e+00 -5.183950651600452098e+00
3.191203805182973863e+00 -5.199529891020613803e+00
3.218020643881990495e+00 -5.210571187716845465e+00
3.244837482581007571e+00 -5.203885658932097869e+00
3.271654321280023758e+00 -5.193382651659511851e+00
3.298471159979040390e+00 -5.190284253740726328e+00
3.325287998678057022e+00 -5.183859200867935613e+00
3.352104837377073210e+00 -5.175970295617221772e+00
3.378921676076090286e+00 -5.173930788023472616e+00
3.405738514775106918e+00 -5.165849101105408181e+00
3.432555353474123550e+00 -5.163619173111213989e+00
