0.000000000000000000e+00 -1.549019599857431873e-01
2.681683869901659023e-02 -1.973556079015156006e-01
5.363367739803318046e-02 -6.014528892959076778e-01
8.045051609704977069e-02 -2.663793556567616072e+00
1.072673547960663609e-01 -4.401788430621993875e+00
1.340841934950829373e-01 -4.943342231912222218e+00
1.609010321940995414e-01 -5.048798299800413503e+00
1.877178708931161177e-01 -5.023965266507340210e+00
2.145347095921327218e-01 -4.923656207101674731e+00
2.413515482911492982e-01 -4.734911127060151159e+00
2.681683869901658746e-01 -4.575920045494835442e+00
2.949852256891824509e-01 -4.500364472863485510e+00
3.218020643881990828e-01 -4.489974224127680991e+00
3.486189030872156591e-01 -4.478740242980675745e+00
3.754357417862322355e-01 -4.523601467442563084e+00
4.022525804852488118e-01 -4.648769485413545510e+00
4.290694191842654437e-01 -4.748109863050854251e+00
4.558862578832820200e-01 -4.793378114461775752e+00
4.827030965822985964e-01 -4.798383781296914563e+00
5.095199352813151172e-01 -4.833117179970845889e+00
5.363367739803317491e-01 -4.895824864523305564e+00
5.631536126793483810e-01 -4.942481885497057803e+00
5.899704513783649018e-01 -5.005209915344329019e+00
6.167872900773815337e-01 -5.063986155558732882e+00
6.436041287763981655e-01 -5.107651994681260632e+00
6.704209674754147974e-01 -5.149583768264199612e+00
6.972378061744313182e-01 -5.195844611607563834e+00
7.240546448734478391e-01 -5.261378764038903810e+00
7.508714835724644709e-01 -5.325253584110874350e+00
7.776883222714811028e-01 -5.347008800881034141e+00
8.045051609704976237e-01 -5.328138184784898534e+00
8.313219996695142555e-01 -5.329066359212164983e+00
8.581388383685308874e-01 -5.338961815864468718e+00
8.849556770675474082e-01 -5.331113031408357017e+00
9.117725157665640401e-01 -5.296475167874282519e+00
9.385893544655805609e-01 -5.279154291505209429e+00
9.654061931645971928e-01 -5.292693440671713212e+00
9.922230318636138247e-01 -5.303130243027830204e+00
1.019039870562630234e+00 -5.285741079845063695e+00
1.045856709261646866e+00 -5.264432646544818795e+00
1.072673547960663498e+00 -5.280821090644601590e+00
1.099490386659680130e+00 -5.295398762463261022e+00
1.126307225358696762e+00 -5.283132747935163742e+00
1.153124064057713172e+00 -5.278136597134735375e+00
1.179940902756729804e+00 -5.274939562434514784e+00
1.206757741455746435e+00 -5.272967507490079697e+00
1.233574580154763067e+00 -5.252768689486960518e+00
1.260391418853779699e+00 -5.205321357297027163e+00
1.287208257552796331e+00 -5.154130672675292679e+00
1.314025096251812741e+00 -5.122978140739071762e+00
1.340841934950829595e+00 -5.118869214433294346e+00
1.367658773649846005e+00 -5.129694050006232686e+00
1.394475612348862636e+00 -5.134213481415043745e+00
1.421292451047879268e+00 -5.128102562415944199e+00
1.448109289746895678e+00 -5.108168835845379618e+00
1.474926128445912532e+00 -5.078601981393395803e+00
1.501742967144928942e+00 -5.049030352522906107e+00
1.528559805843945352e+00 -5.008596753294773940e+00
1.555376644542962206e+00 -4.951831878754190619e+00
1.582193483241978615e+00 -4.897050130904578857e+00
1.609010321940995247e+00 -4.869423289559145829e+00
1.635827160640011879e+00 -4.870260195853231444e+00
1.662643999339028511e+00 -4.831074060328534259e+00
1.689460838038045143e+00 -4.731507100323245396e+00
1.716277676737061775e+00 -4.641329383414992016e+00
1.743094515436078185e+00 -4.602415563520312780e+00
1.769911354135094816e+00 -4.596231177572665416e+00
1.796728192834111448e+00 -4.538121221678837358e+00
1.823545031533128080e+00 -4.484582855421929359e+00
1.850361870232144712e+00 -4.486658384311312808e+00
1.877178708931161122e+00 -4.532402760328821500e+00
1.903995547630177976e+00 -4.581704858019440607e+00
1.930812386329194386e+00 -4.602084044360949200e+00
1.957629225028210795e+00 -4.615341127280050415e+00
1.984446063727227649e+00 -4.641814491625332550e+00
2.011262902426244281e+00 -4.672093768913419431e+00
2.038079741125260469e+00 -4.714790890725117478e+00
2.064896579824277545e+00 -4.754501400926128163e+00
2.091713418523293733e+00 -4.806426482339340112e+00
2.118530257222310365e+00 -4.861992641957031402e+00
2.145347095921326996e+00 -4.886723245653990411e+00
2.172163934620343628e+00 -4.890185171847023504e+00
2.198980773319360260e+00 -4.886344504672525346e+00
2.225797612018376892e+00 -4.902710748807548313e+00
2.252614450717393524e+00 -4.937129314498200472e+00
2.279431289416410156e+00 -4.967844978056766614e+00
2.306248128115426343e+00 -5.008941860860976369e+00
2.333064966814442975e+00 -5.042501880797334302e+00
2.359881805513459607e+00 -5.060259016699460766e+00
2.386698644212476683e+00 -5.065069668070773190e+00
2.413515482911492871e+00 -5.064523208950443944e+00
2.440332321610509503e+00 -5.073868815936920740e+00
2.467149160309526135e+00 -5.075737886046962188e+00
2.493965999008542322e+00 -5.091316615200651263e+00
2.520782837707559398e+00 -5.119476675349314831e+00
2.547599676406576030e+00 -5.117141929509905651e+00
2.574416515105592662e+00 -5.095518302543339040e+00
2.601233353804608850e+00 -5.067467465394991599e+00
2.628050192503625482e+00 -5.086557419895840759e+00
2.654867031202642558e+00 -5.124593909768444533e+00
2.681683869901659190e+00 -5.148864794455079164e+00
2.708500708600675377e+00 -5.149124481079175197e+00
2.735317547299692009e+00 -5.144237977417488672e+00
2.762134385998708641e+00 -5.150477251974151294e+00
2.788951224697725273e+00 -5.148721188526487857e+00
2.815768063396741905e+00 -5.121760344684203048e+00
2.842584902095758537e+00 -5.113072623159557573e+00
2.869401740794774724e+00 -5.118837559154005845e+00
2.896218579493791356e+00 -5.131805924021381138e+00
2.923035418192807988e+00 -5.141926061229083800e+00
2.949852256891825064e+00 -5.155490676368362557e+00
2.976669095590841252e+00 -5.171610130138340367e+00
3.003485934289857884e+00 -5.173687547025751954e+00
3.030302772988874516e+00 -5.170593971825202750e+00
3.057119611687890703e+00 -5.163063306147762432e+00
3.083936450386907779e+00 -5.155942192388347500e+00
3.110753289085924411e+00 -5.151981874899512093e+00
3.137570127784941043e+00 -5.159556301388772859e+00
3.164386966483957231e+00 -5.161280342821743083e+00
3.191203805182973863e+00 -5.141526848820540785e+00
3.218020643881990495e+00 -5.117054299271995177e+00
3.244837482581007571e+00 -5.108456422231924421e+00
3.271654321280023758e+00 -5.124013122928090525e+00
3.298471159979040390e+00 -5.135245179099523050e+00
3.325287998678057022e+00 -5.145915806550214633e+00
3.352104837377073210e+00 -5.145910770993938677e+00
3.378921676076090286e+00 -5.126968067501993964e+00
3.405738514775106918e+00 -5.121999088210516859e+00
3.432555353474123550e+00 -5.134858628805374359e+00
