0.000000000000000000e+00 -1.549019599857431873e-01
2.681683869901659023e-02 -2.123401536657121558e-01
5.363367739803318046e-02 -6.098478836838308048e-01
8.045051609704977069e-02 -2.773070790640348005e+00
1.072673547960663609e-01 -4.446336961776484742e+00
1.340841934950829373e-01 -5.026395569583006484e+00
1.609010321940995414e-01 -5.348429411430386970e+00
1.877178708931161177e-01 -5.394167673212272085e+00
2.145347095921327218e-01 -5.396086096086245121e+00
2.413515482911492982e-01 -5.395207997983514581e+00
2.681683869901658746e-01 -5.375947259537309897e+00
2.949852256891824509e-01 -5.367177760852113622e+00
3.218020643881990828e-01 -5.377557961505504913e+00
3.486189030872156591e-01 -5.382441261583042369e+00
3.754357417862322355e-01 -5.380618166038479089e+00
4.022525804852488118e-01 -5.372816328444865341e+00
4.290694191842654437e-01 -5.382027684802881851e+00
4.558862578832820200e-01 -5.395316044813564638e+00
4.827030965822985964e-01 -5.396627399824958538e+00
5.095199352813151172e-01 -5.395917807486259044e+00
5.363367739803317491e-01 -5.397940008671866963e+00
5.631536126793483810e-01 -5.397940008671866963e+00
5.899704513783649018e-01 -5.397940008671866963e+00
6.167872900773815337e-01 -5.397940008674828150e+00
6.436041287763981655e-01 -5.397940008675504941e+00
6.704209674754147974e-01 -5.397940008675504941e+00
6.972378061744313182e-01 -5.396841540832075346e+00
7.240546448734478391e-01 -5.395818246366874682e+00
7.508714835724644709e-01 -5.396986285598551980e+00
7.776883222714811028e-01 -5.393873042843102539e+00
8.045051609704976237e-01 -5.389713576862686040e+00
8.313219996695142555e-01 -5.392909878784688971e+00
8.581388383685308874e-01 -5.389937083352507763e+00
8.849556770675474082e-01 -5.390116770810762681e+00
9.117725157665640401e-01 -5.388184784108734249e+00
9.385893544655805609e-01 -5.383913908838466433e+00
9.654061931645971928e-01 -5.383591922567994459e+00
9.922230318636138247e-01 -5.381963151329705042e+00
1.019039870562630234e+00 -5.376894769263949492e+00
1.045856709261646866e+00 -5.359459049916232232e+00
1.072673547960663498e+00 -5.351909966374564398e+00
1.099490386659680130e+00 -5.366570086683036145e+00
1.126307225358696762e+00 -5.378201888197452263e+00
1.153124064057713172e+00 -5.375327811902058883e+00
1.179940902756729804e+00 -5.363887363021982324e+00
1.206757741455746435e+00 -5.346158987651165262e+00
1.233574580154763067e+00 -5.344740735378867846e+00
1.260391418853779699e+00 -5.340755675687423043e+00
1.287208257552796331e+00 -5.335412482037917847e+00
1.314025096251812741e+00 -5.330413076203973866e+00
1.340841934950829595e+00 -5.320372438269856730e+00
1.367658773649846005e+00 -5.292151584895552929e+00
1.394475612348862636e+00 -5.261005580650794045e+00
1.421292451047879268e+00 -5.226128487606488626e+00
1.448109289746895678e+00 -5.211429033319162407e+00
1.474926128445912532e+00 -5.189950944743643824e+00
1.501742967144928942e+00 -5.152625944637298616e+00
1.528559805843945352e+00 -5.112339843050427213e+00
1.555376644542962206e+00 -5.058401852330778325e+00
1.582193483241978615e+00 -5.013140588891630500e+00
1.609010321940995247e+00 -4.957467623471170093e+00
1.635827160640011879e+00 -4.900726076410586884e+00
1.662643999339028511e+00 -4.857635431343956256e+00
1.689460838038045143e+00 -4.852818760602605863e+00
1.716277676737061775e+00 -4.851187097083348831e+00
1.743094515436078185e+00 -4.835767356716126564e+00
1.769911354135094816e+00 -4.806872281990772322e+00
1.796728192834111448e+00 -4.786084372807412279e+00
1.823545031533128080e+00 -4.750369734964293045e+00
1.850361870232144712e+00 -4.687865886253097969e+00
1.877178708931161122e+00 -4.663075519032489069e+00
1.903995547630177976e+00 -4.699666306421391049e+00
1.930812386329194386e+00 -4.759522884240724672e+00
1.957629225028210795e+00 -4.760860936733448234e+00
1.984446063727227649e+00 -4.771493564529445841e+00
2.011262902426244281e+00 -4.787136200356656879e+00
2.038079741125260469e+00 -4.831391136269723496e+00
2.064896579824277545e+00 -4.883293618039203032e+00
2.091713418523293733e+00 -4.922241714156333714e+00
2.118530257222310365e+00 -4.976036923186626382e+00
2.145347095921326996e+00 -5.028928432769157020e+00
2.172163934620343628e+00 -5.053695913943923479e+00
2.198980773319360260e+00 -5.042885151302650470e+00
2.225797612018376892e+00 -5.048675371029720083e+00
2.252614450717393524e+00 -5.072376908020403086e+00
2.279431289416410156e+00 -5.096403857462463272e+00
2.306248128115426343e+00 -5.127781264293219010e+00
2.333064966814442975e+00 -5.151667182959712932e+00
2.359881805513459607e+00 -5.157238404298336576e+00
2.386698644212476683e+00 -5.154926481957196494e+00
2.413515482911492871e+00 -5.165823002335684144e+00
2.440332321610509503e+00 -5.182278045888473628e+00
2.467149160309526135e+00 -5.186783830558304054e+00
2.493965999008542322e+00 -5.178801505624419654e+00
2.520782837707559398e+00 -5.186486925766400802e+00
2.547599676406576030e+00 -5.206861796385807928e+00
2.574416515105592662e+00 -5.195227450502302169e+00
2.601233353804608850e+00 -5.177270780785300452e+00
2.628050192503625482e+00 -5.167623036941616732e+00
2.654867031202642558e+00 -5.171195599300273393e+00
2.681683869901659190e+00 -5.198324609505799110e+00
2.708500708600675377e+00 -5.219845948536328883e+00
2.735317547299692009e+00 -5.224773581051343818e+00
2.762134385998708641e+00 -5.225204955734080059e+00
2.788951224697725273e+00 -5.241171989781273410e+00
2.815768063396741905e+00 -5.239188183963995549e+00
2.842584902095758537e+00 -5.225204925058204886e+00
2.869401740794774724e+00 -5.213441069351993917e+00
2.896218579493791356e+00 -5.217769720785732090e+00
2.923035418192807988e+00 -5.229406436069538699e+00
2.949852256891825064e+00 -5.234357631608995476e+00
2.976669095590841252e+00 -5.234294368729259794e+00
3.003485934289857884e+00 -5.238790378253831648e+00
3.030302772988874516e+00 -5.248082214071832396e+00
3.057119611687890703e+00 -5.253340472624272728e+00
3.083936450386907779e+00 -5.240882180717132854e+00
3.110753289085924411e+00 -5.233888539292072650e+00
3.137570127784941043e+00 -5.227823579934925746e+00
3.164386966483957231e+00 -5.217524526995942047e+00
3.191203805182973863e+00 -5.224734110234381390e+00
3.218020643881990495e+00 -5.237498152250136485e+00
3.244837482581007571e+00 -5.246866403751098140e+00
3.271654321280023758e+00 -5.254578003700369315e+00
3.298471159979040390e+00 -5.255496521362589490e+00
3.325287998678057022e+00 -5.257660439726106638e+00
3.352104837377073210e+00 -5.270021907182557364e+00
3.378921676076090286e+00 -5.269162293390870389e+00
3.405738514775106918e+00 -5.265858962047685665e+00
3.432555353474123550e+00 -5.264855925452703644e+00
