0.000000000000000000e+00 -1.549019599857431873e-01
2.681683869901659023e-02 -2.055909649015274787e-01
5.363367739803318046e-02 -6.410328792633106509e-01
8.045051609704977069e-02 -2.912320780757955863e+00
1.072673547960663609e-01 -4.455869028851070723e+00
1.340841934950829373e-01 -4.941366644709978218e+00
1.609010321940995414e-01 -4.991168036120046558e+00
1.877178708931161177e-01 -4.868938107133655713e+00
2.145347095921327218e-01 -4.682631282860197253e+00
2.413515482911492982e-01 -4.646894285160165339e+00
2.681683869901658746e-01 -4.664308748838977614e+00
2.949852256891824509e-01 -4.643841369888692228e+00
3.218020643881990828e-01 -4.653540966733860529e+00
3.486189030872156591e-01 -4.665579820577222314e+00
3.754357417862322355e-01 -4.620754527435034120e+00
4.022525804852488118e-01 -4.645447071293545171e+00
4.290694191842654437e-01 -4.754394577118869591e+00
4.558862578832820200e-01 -4.842660289550210884e+00
4.827030965822985964e-01 -4.836114958864969893e+00
5.095199352813151172e-01 -4.854413812147219787e+00
5.363367739803317491e-01 -4.940763261337828283e+00
5.631536126793483810e-01 -5.033404221787270316e+00
5.899704513783649018e-01 -5.093321971770193635e+00
6.167872900773815337e-01 -5.135209149054622557e+00
6.436041287763981655e-01 -5.171262344109959663e+00
6.704209674754147974e-01 -5.188156160871286282e+00
6.972378061744313182e-01 -5.208030147941871135e+00
7.240546448734478391e-01 -5.220250523915177965e+00
7.508714835724644709e-01 -5.276879570625782279e+00
7.776883222714811028e-01 -5.313581603146140253e+00
8.045051609704976237e-01 -5.324931670647439219e+00
8.313219996695142555e-01 -5.328912866807409721e+00
8.581388383685308874e-01 -5.335960844420384319e+00
8.849556770675474082e-01 -5.334973802931004094e+00
9.117725157665640401e-01 -5.321748200179329480e+00
9.385893544655805609e-01 -5.319636885901945611e+00
9.654061931645971928e-01 -5.326578968342583487e+00
9.922230318636138247e-01 -5.333072054918114979e+00
1.019039870562630234e+00 -5.313506639121805541e+00
1.045856709261646866e+00 -5.299201399367956533e+00
1.072673547960663498e+00 -5.311429647385677910e+00
1.099490386659680130e+00 -5.315470411665621064e+00
1.126307225358696762e+00 -5.307218969669640352e+00
1.153124064057713172e+00 -5.299785282241375128e+00
1.179940902756729804e+00 -5.304219773519727177e+00
1.206757741455746435e+00 -5.299759586743823192e+00
1.233574580154763067e+00 -5.269394855247914400e+00
1.260391418853779699e+00 -5.258399864119842171e+00
1.287208257552796331e+00 -5.241487666019538416e+00
1.314025096251812741e+00 -5.208544370517999234e+00
1.340841934950829595e+00 -5.193337281234149394e+00
1.367658773649846005e+00 -5.204934114808496659e+00
1.394475612348862636e+00 -5.193204831699989477e+00
1.421292451047879268e+00 -5.154391751446151027e+00
1.448109289746895678e+00 -5.129562101843518462e+00
1.474926128445912532e+00 -5.111103559590739032e+00
1.501742967144928942e+00 -5.067239239897275205e+00
1.528559805843945352e+00 -5.022212330443869277e+00
1.555376644542962206e+00 -4.981873783074859396e+00
1.582193483241978615e+00 -4.970220084368114577e+00
1.609010321940995247e+00 -4.984665629731038550e+00
1.635827160640011879e+00 -4.992159719551422015e+00
1.662643999339028511e+00 -4.953020276213687012e+00
1.689460838038045143e+00 -4.906970831682776257e+00
1.716277676737061775e+00 -4.871693397219775790e+00
1.743094515436078185e+00 -4.845634732992782467e+00
1.769911354135094816e+00 -4.827424017829357261e+00
1.796728192834111448e+00 -4.802554278298362789e+00
1.823545031533128080e+00 -4.772724358866704542e+00
1.850361870232144712e+00 -4.737145570931277305e+00
1.877178708931161122e+00 -4.716492664650743905e+00
1.903995547630177976e+00 -4.727420406630010952e+00
1.930812386329194386e+00 -4.771866045909675336e+00
1.957629225028210795e+00 -4.800880859644009568e+00
1.984446063727227649e+00 -4.801985518466412195e+00
2.011262902426244281e+00 -4.805801811824250258e+00
2.038079741125260469e+00 -4.846196281010319851e+00
2.064896579824277545e+00 -4.896914378788540745e+00
2.091713418523293733e+00 -4.922751374160754700e+00
2.118530257222310365e+00 -4.916943365502128849e+00
2.145347095921326996e+00 -4.921976962267282651e+00
2.172163934620343628e+00 -4.944287086273808640e+00
2.198980773319360260e+00 -4.967249817042005411e+00
2.225797612018376892e+00 -4.995002521197202228e+00
2.252614450717393524e+00 -5.026496254188447033e+00
2.279431289416410156e+00 -5.041980245611608069e+00
2.306248128115426343e+00 -5.043584502039874629e+00
2.333064966814442975e+00 -5.039904197818185771e+00
2.359881805513459607e+00 -5.030985694251278062e+00
2.386698644212476683e+00 -5.053715635067165479e+00
2.413515482911492871e+00 -5.067233085113492130e+00
2.440332321610509503e+00 -5.079285691029028271e+00
2.467149160309526135e+00 -5.105685071233369676e+00
2.493965999008542322e+00 -5.142749337363515139e+00
2.520782837707559398e+00 -5.149059124662667131e+00
2.547599676406576030e+00 -5.153089471893006035e+00
2.574416515105592662e+00 -5.166375620842451610e+00
2.601233353804608850e+00 -5.168680506629961258e+00
2.628050192503625482e+00 -5.167559864574537087e+00
2.654867031202642558e+00 -5.152578228810808625e+00
2.681683869901659190e+00 -5.146546594022834320e+00
2.708500708600675377e+00 -5.160077110719302418e+00
2.735317547299692009e+00 -5.192866541749983966e+00
2.762134385998708641e+00 -5.212364148418058285e+00
2.788951224697725273e+00 -5.210650084213779287e+00
2.815768063396741905e+00 -5.187629696163850390e+00
2.842584902095758537e+00 -5.174934922058539222e+00
2.869401740794774724e+00 -5.178592647732074283e+00
2.896218579493791356e+00 -5.180077533029633585e+00
2.923035418192807988e+00 -5.182096289745511619e+00
2.949852256891825064e+00 -5.185143710673025375e+00
2.976669095590841252e+00 -5.198676304699703543e+00
3.003485934289857884e+00 -5.207693025696314315e+00
3.030302772988874516e+00 -5.242087429975087254e+00
3.057119611687890703e+00 -5.245591370574628876e+00
3.083936450386907779e+00 -5.216954529098048354e+00
3.110753289085924411e+00 -5.209345763246036931e+00
3.137570127784941043e+00 -5.205320895123951352e+00
3.164386966483957231e+00 -5.174486077861327082e+00
3.191203805182973863e+00 -5.147309968852610496e+00
3.218020643881990495e+00 -5.146286156292157798e+00
3.244837482581007571e+00 -5.153773860468136014e+00
3.271654321280023758e+00 -5.163843956390897105e+00
3.298471159979040390e+00 -5.193807242767173982e+00
3.325287998678057022e+00 -5.208106115906814715e+00
3.352104837377073210e+00 -5.214828726000915182e+00
3.378921676076090286e+00 -5.218341777771068557e+00
3.405738514775106918e+00 -5.219608762549382774e+00
3.432555353474123550e+00 -5.214191177345569805e+00
