0.000000000000000000e+00 -1.549019599857431873e-01
2.681683869901659023e-02 -2.104081477317274740e-01
5.363367739803318046e-02 -6.576505005868817921e-01
8.045051609704977069e-02 -3.099315681526527477e+00
1.072673547960663609e-01 -4.506239173490988570e+00
1.340841934950829373e-01 -5.111712893126292734e+00
1.609010321940995414e-01 -5.265503692738311869e+00
1.877178708931161177e-01 -5.163345936591692720e+00
2.145347095921327218e-01 -4.931552313813503119e+00
2.413515482911492982e-01 -4.745206139540958823e+00
2.681683869901658746e-01 -4.690847757076415547e+00
2.949852256891824509e-01 -4.683676755622617094e+00
3.218020643881990828e-01 -4.623836967553923039e+00
3.486189030872156591e-01 -4.578603541163840163e+00
3.754357417862322355e-01 -4.588694694186278511e+00
4.022525804852488118e-01 -4.631180317850486894e+00
4.290694191842654437e-01 -4.622950048484353758e+00
4.558862578832820200e-01 -4.677414251803156731e+00
4.827030965822985964e-01 -4.783054987237047584e+00
5.095199352813151172e-01 -4.870368383800814271e+00
5.363367739803317491e-01 -4.936412669856871105e+00
5.631536126793483810e-01 -5.028159025936903781e+00
5.899704513783649018e-01 -5.104146511416189469e+00
6.167872900773815337e-01 -5.139657610766222184e+00
6.436041287763981655e-01 -5.170539109305388514e+00
6.704209674754147974e-01 -5.201830968539415956e+00
6.972378061744313182e-01 -5.215216107997213690e+00
7.240546448734478391e-01 -5.229539796488827719e+00
7.508714835724644709e-01 -5.262024176899005035e+00
7.776883222714811028e-01 -5.301250921358086288e+00
8.045051609704976237e-01 -5.317516622858037501e+00
8.313219996695142555e-01 -5.302016559362914272e+00
8.581388383685308874e-01 -5.288699695711494897e+00
8.849556770675474082e-01 -5.286143489185633371e+00
9.117725157665640401e-01 -5.305221088964676923e+00
9.385893544655805609e-01 -5.298923835362594481e+00
9.654061931645971928e-01 -5.274155324807123790e+00
9.922230318636138247e-01 -5.257477260509938688e+00
1.019039870562630234e+00 -5.280181573238239778e+00
1.045856709261646866e+00 -5.304709146334475989e+00
1.072673547960663498e+00 -5.293108920952303897e+00
1.099490386659680130e+00 -5.273060693978514735e+00
1.126307225358696762e+00 -5.258679340194128748e+00
1.153124064057713172e+00 -5.241378830701328262e+00
1.179940902756729804e+00 -5.242747867065204126e+00
1.206757741455746435e+00 -5.252866831944802861e+00
1.233574580154763067e+00 -5.243458558805806469e+00
1.260391418853779699e+00 -5.235505375797980143e+00
1.287208257552796331e+00 -5.237864239577682213e+00
1.314025096251812741e+00 -5.237199850367781906e+00
1.340841934950829595e+00 -5.228970154981859686e+00
1.367658773649846005e+00 -5.194552588534792292e+00
1.394475612348862636e+00 -5.160953431839407024e+00
1.421292451047879268e+00 -5.111562324364754772e+00
1.448109289746895678e+00 -5.034266283557179200e+00
1.474926128445912532e+00 -4.988799235604559179e+00
1.501742967144928942e+00 -4.976120478471212749e+00
1.528559805843945352e+00 -4.946096157734125143e+00
1.555376644542962206e+00 -4.888052785661171740e+00
1.582193483241978615e+00 -4.825648977391475469e+00
1.609010321940995247e+00 -4.821368319668762226e+00
1.635827160640011879e+00 -4.822901485994514736e+00
1.662643999339028511e+00 -4.786656796692644988e+00
1.689460838038045143e+00 -4.717028266325359986e+00
1.716277676737061775e+00 -4.657354702627511500e+00
1.743094515436078185e+00 -4.620967982632927296e+00
1.769911354135094816e+00 -4.601951636517030764e+00
1.796728192834111448e+00 -4.537234761671317784e+00
1.823545031533128080e+00 -4.490769718279484124e+00
1.850361870232144712e+00 -4.504734431541100648e+00
1.877178708931161122e+00 -4.554406738866176418e+00
1.903995547630177976e+00 -4.594137757619587425e+00
1.930812386329194386e+00 -4.598238999578918573e+00
1.957629225028210795e+00 -4.588609127494519768e+00
1.984446063727227649e+00 -4.640115885508143023e+00
2.011262902426244281e+00 -4.699351817698744327e+00
2.038079741125260469e+00 -4.730149556689198675e+00
2.064896579824277545e+00 -4.763163363516531135e+00
2.091713418523293733e+00 -4.782852681308139786e+00
2.118530257222310365e+00 -4.794880297918400203e+00
2.145347095921326996e+00 -4.823546803338517819e+00
2.172163934620343628e+00 -4.867476509013465957e+00
2.198980773319360260e+00 -4.913729180004613006e+00
2.225797612018376892e+00 -4.968657912450703762e+00
2.252614450717393524e+00 -5.005556673265710188e+00
2.279431289416410156e+00 -5.013704815043134921e+00
2.306248128115426343e+00 -5.018456025633578399e+00
2.333064966814442975e+00 -5.007855109200539445e+00
2.359881805513459607e+00 -5.010559415944142891e+00
2.386698644212476683e+00 -5.043822551439379964e+00
2.413515482911492871e+00 -5.094903469868393486e+00
2.440332321610509503e+00 -5.126385527397482988e+00
2.467149160309526135e+00 -5.120640252064220910e+00
2.493965999008542322e+00 -5.112160663720619169e+00
2.520782837707559398e+00 -5.103332126617759812e+00
2.547599676406576030e+00 -5.096421245862217120e+00
2.574416515105592662e+00 -5.113942755816323071e+00
2.601233353804608850e+00 -5.129104041226941746e+00
2.628050192503625482e+00 -5.129779822282499957e+00
2.654867031202642558e+00 -5.134351568509131880e+00
2.681683869901659190e+00 -5.146012318116474304e+00
2.708500708600675377e+00 -5.147608863383580591e+00
2.735317547299692009e+00 -5.148373285041422776e+00
2.762134385998708641e+00 -5.148461805165307048e+00
2.788951224697725273e+00 -5.157945993295939502e+00
2.815768063396741905e+00 -5.181782762430488631e+00
2.842584902095758537e+00 -5.201121719791361286e+00
2.869401740794774724e+00 -5.185776255956652925e+00
2.896218579493791356e+00 -5.174113438266647158e+00
2.923035418192807988e+00 -5.184234596113733495e+00
2.949852256891825064e+00 -5.195142346150097623e+00
2.976669095590841252e+00 -5.202508813212290306e+00
3.003485934289857884e+00 -5.197207281585519922e+00
3.030302772988874516e+00 -5.184171362914675285e+00
3.057119611687890703e+00 -5.174181975469343442e+00
3.083936450386907779e+00 -5.178521855237042892e+00
3.110753289085924411e+00 -5.186202590849658733e+00
3.137570127784941043e+00 -5.187036363033481479e+00
3.164386966483957231e+00 -5.171799725786880408e+00
3.191203805182973863e+00 -5.150805703845338535e+00
3.218020643881990495e+00 -5.152212178003386711e+00
3.244837482581007571e+00 -5.162055213907647655e+00
3.271654321280023758e+00 -5.162632379696429297e+00
3.298471159979040390e+00 -5.161111573993300894e+00
3.325287998678057022e+00 -5.163228640986213591e+00
3.352104837377073210e+00 -5.170890431612452431e+00
3.378921676076090286e+00 -5.176400571302122167e+00
3.405738514775106918e+00 -5.187302668366828406e+00
3.432555353474123550e+00 -5.189967642601896358e+00
