0.000000000000000000e+00 -1.549019599857431873e-01
2.681683869901659023e-02 -3.955778759307014281e-01
5.363367739803318046e-02 -1.454069328051946108e+00
8.045051609704977069e-02 -6.801565250858171652e+00
1.072673547960663609e-01 -9.824218824237682668e+00
1.340841934950829373e-01 -1.019265256945782738e+01
1.609010321940995414e-01 -1.022837979494336658e+01
1.877178708931161177e-01 -9.971294991218108805e+00
2.145347095921327218e-01 -9.704174254843040970e+00
2.413515482911492982e-01 -9.429134403364729522e+00
2.681683869901658746e-01 -9.175544128488956730e+00
2.949852256891824509e-01 -9.004932190219664179e+00
3.218020643881990828e-01 -8.883728196200667782e+00
3.486189030872156591e-01 -8.872525291661670366e+00
3.754357417862322355e-01 -8.787124829173025731e+00
4.022525804852488118e-01 -8.794714272882194095e+00
4.290694191842654437e-01 -8.954513697097720382e+00
4.558862578832820200e-01 -9.257920135658187277e+00
4.827030965822985964e-01 -9.486661981189810078e+00
5.095199352813151172e-01 -9.675316816479291759e+00
5.363367739803317491e-01 -9.837626553587028866e+00
5.631536126793483810e-01 -1.000296176802608450e+01
5.899704513783649018e-01 -1.019564985234850596e+01
6.167872900773815337e-01 -1.039855863087200127e+01
6.436041287763981655e-01 -1.052066798180834617e+01
6.704209674754147974e-01 -1.055080927173958649e+01
6.972378061744313182e-01 -1.054392159275334784e+01
7.240546448734478391e-01 -1.054089719843562456e+01
7.508714835724644709e-01 -1.055957458574216723e+01
7.776883222714811028e-01 -1.060528668583793532e+01
8.045051609704976237e-01 -1.064997739825638945e+01
8.313219996695142555e-01 -1.068502898627941633e+01
8.581388383685308874e-01 -1.067697512501129609e+01
8.849556770675474082e-01 -1.061681496033680361e+01
9.117725157665640401e-01 -1.057402659975885051e+01
9.385893544655805609e-01 -1.057652215130978135e+01
9.654061931645971928e-01 -1.058952240082116170e+01
9.922230318636138247e-01 -1.063371783722176289e+01
1.019039870562630234e+00 -1.063656877888642072e+01
1.045856709261646866e+00 -1.060919358754389563e+01
1.072673547960663498e+00 -1.063317558586058809e+01
1.099490386659680130e+00 -1.063120689322691526e+01
1.126307225358696762e+00 -1.059882064271126545e+01
1.153124064057713172e+00 -1.057340021218008097e+01
1.179940902756729804e+00 -1.058462007656502557e+01
1.206757741455746435e+00 -1.059587787372008094e+01
1.233574580154763067e+00 -1.059349399081875198e+01
1.260391418853779699e+00 -1.055269275153253972e+01
1.287208257552796331e+00 -1.046726115062223883e+01
1.314025096251812741e+00 -1.039302518217749416e+01
1.340841934950829595e+00 -1.036588532497884430e+01
1.367658773649846005e+00 -1.032910798547550613e+01
1.394475612348862636e+00 -1.032823391951984426e+01
1.421292451047879268e+00 -1.032388216621370880e+01
1.448109289746895678e+00 -1.027469996232411020e+01
1.474926128445912532e+00 -1.017078819022808212e+01
1.501742967144928942e+00 -1.009004882796122793e+01
1.528559805843945352e+00 -1.002509182428827472e+01
1.555376644542962206e+00 -1.001113887492465437e+01
1.582193483241978615e+00 -9.995440875787336310e+00
1.609010321940995247e+00 -9.924923511820898270e+00
1.635827160640011879e+00 -9.857620580106463137e+00
1.662643999339028511e+00 -9.801059058494249854e+00
1.689460838038045143e+00 -9.759418629322391681e+00
1.716277676737061775e+00 -9.688268425154481278e+00
1.743094515436078185e+00 -9.619704122797921642e+00
1.769911354135094816e+00 -9.570874502632529257e+00
1.796728192834111448e+00 -9.454889149695963724e+00
1.823545031533128080e+00 -9.350570992197743792e+00
1.850361870232144712e+00 -9.353927276840979133e+00
1.877178708931161122e+00 -9.415821307772224813e+00
1.903995547630177976e+00 -9.458883564418306023e+00
1.930812386329194386e+00 -9.488876527622560175e+00
1.957629225028210795e+00 -9.501038900611593618e+00
1.984446063727227649e+00 -9.542099649432515207e+00
2.011262902426244281e+00 -9.618659907916732976e+00
2.038079741125260469e+00 -9.650082560690417921e+00
2.064896579824277545e+00 -9.659455902277690242e+00
2.091713418523293733e+00 -9.694851580121527590e+00
2.118530257222310365e+00 -9.777273515887840105e+00
2.145347095921326996e+00 -9.816727206081436563e+00
2.172163934620343628e+00 -9.883162990713218576e+00
2.198980773319360260e+00 -9.948173016180234640e+00
2.225797612018376892e+00 -1.000590134310474433e+01
2.252614450717393524e+00 -1.002405518923569794e+01
2.279431289416410156e+00 -1.002783055907871912e+01
2.306248128115426343e+00 -1.007917109228151631e+01
2.333064966814442975e+00 -1.014021458433776424e+01
2.359881805513459607e+00 -1.018408124281564398e+01
2.386698644212476683e+00 -1.018296861447505464e+01
2.413515482911492871e+00 -1.017916628462058881e+01
2.440332321610509503e+00 -1.022631850363917216e+01
2.467149160309526135e+00 -1.025550590472575685e+01
2.493965999008542322e+00 -1.025938259162585275e+01
2.520782837707559398e+00 -1.026547824269832887e+01
2.547599676406576030e+00 -1.027381276498406670e+01
2.574416515105592662e+00 -1.024143807931598893e+01
2.601233353804608850e+00 -1.022880922662338143e+01
2.628050192503625482e+00 -1.024625064664037133e+01
2.654867031202642558e+00 -1.027010095095458553e+01
2.681683869901659190e+00 -1.030910017638392162e+01
2.708500708600675377e+00 -1.032097573883371311e+01
2.735317547299692009e+00 -1.032479347842515160e+01
2.762134385998708641e+00 -1.035290358430659019e+01
2.788951224697725273e+00 -1.037588723726859463e+01
2.815768063396741905e+00 -1.041158237039613788e+01
2.842584902095758537e+00 -1.040982421300254934e+01
2.869401740794774724e+00 -1.038714032360121919e+01
2.896218579493791356e+00 -1.038783384437534529e+01
2.923035418192807988e+00 -1.042687912494320379e+01
2.949852256891825064e+00 -1.044611432059501510e+01
2.976669095590841252e+00 -1.043673727453775157e+01
3.003485934289857884e+00 -1.042279656809685662e+01
3.030302772988874516e+00 -1.039820906803063139e+01
3.057119611687890703e+00 -1.036393440538480704e+01
3.083936450386907779e+00 -1.034297951187140363e+01
3.110753289085924411e+00 -1.036338181282839699e+01
3.137570127784941043e+00 -1.040442702650900308e+01
3.164386966483957231e+00 -1.043558695880090248e+01
3.191203805182973863e+00 -1.044890773928366023e+01
3.218020643881990495e+00 -1.044621538393437277e+01
3.244837482581007571e+00 -1.044045757607999825e+01
3.271654321280023758e+00 -1.044711504183069728e+01
3.298471159979040390e+00 -1.042360628309596038e+01
3.325287998678057022e+00 -1.038162424218899105e+01
3.352104837377073210e+00 -1.037512032370495874e+01
3.378921676076090286e+00 -1.040247289793845198e+01
3.405738514775106918e+00 -1.039073098406263540e+01
3.432555353474123550e+00 -1.036202479075291194e+01
