0.000000000000000000e+00 -1.549019599857431873e-01
2.681683869901659023e-02 -1.936758641415997628e-01
5.363367739803318046e-02 -5.795426816362936329e-01
8.045051609704977069e-02 -2.352517415408594381e+00
1.072673547960663609e-01 -4.214855214427537078e+00
1.340841934950829373e-01 -4.573337451757921279e+00
1.609010321940995414e-01 -4.685201423571109025e+00
1.877178708931161177e-01 -4.705267445783904101e+00
2.145347095921327218e-01 -4.583161748070195607e+00
2.413515482911492982e-01 -4.509050597296751839e+00
2.681683869901658746e-01 -4.483409340162974210e+00
2.949852256891824509e-01 -4.525714938086852435e+00
3.218020643881990828e-01 -4.543403731250424293e+00
3.486189030872156591e-01 -4.574436720580215443e+00
3.754357417862322355e-01 -4.596966995082777174e+00
4.022525804852488118e-01 -4.595035407718292220e+00
4.290694191842654437e-01 -4.623503773671355788e+00
4.558862578832820200e-01 -4.748113862305444854e+00
4.827030965822985964e-01 -4.857149516059894090e+00
5.095199352813151172e-01 -4.888788904891913312e+00
5.363367739803317491e-01 -4.931462359314323862e+00
5.631536126793483810e-01 -5.027520834733702593e+00
5.899704513783649018e-01 -5.075834645915785259e+00
6.167872900773815337e-01 -5.119993589153969182e+00
6.436041287763981655e-01 -5.162597497347552356e+00
6.704209674754147974e-01 -5.208156348676369340e+00
6.972378061744313182e-01 -5.245689884438539785e+00
7.240546448734478391e-01 -5.275584195657779141e+00
7.508714835724644709e-01 -5.298151278196237435e+00
7.776883222714811028e-01 -5.319703769859423836e+00
8.045051609704976237e-01 -5.324436086980864680e+00
8.313219996695142555e-01 -5.323043454980130207e+00
8.581388383685308874e-01 -5.322324747586161919e+00
8.849556770675474082e-01 -5.324615037932327155e+00
9.117725157665640401e-01 -5.337154239523302479e+00
9.385893544655805609e-01 -5.343800548306218090e+00
9.654061931645971928e-01 -5.341849967173142311e+00
9.922230318636138247e-01 -5.327121770277661206e+00
1.019039870562630234e+00 -5.314129741864336509e+00
1.045856709261646866e+00 -5.305312889289351297e+00
1.072673547960663498e+00 -5.299942566906969077e+00
1.099490386659680130e+00 -5.280843432849959385e+00
1.126307225358696762e+00 -5.279090224758373751e+00
1.153124064057713172e+00 -5.284095339687272741e+00
1.179940902756729804e+00 -5.287837091938682121e+00
1.206757741455746435e+00 -5.278342502952861892e+00
1.233574580154763067e+00 -5.261829540242668024e+00
1.260391418853779699e+00 -5.248082146353810984e+00
1.287208257552796331e+00 -5.235146204862751951e+00
1.314025096251812741e+00 -5.217258756080466853e+00
1.340841934950829595e+00 -5.204009386097347090e+00
1.367658773649846005e+00 -5.200307818374025004e+00
1.394475612348862636e+00 -5.151471978755592040e+00
1.421292451047879268e+00 -5.084834160485497634e+00
1.448109289746895678e+00 -5.043374665247777777e+00
1.474926128445912532e+00 -5.042036415100175084e+00
1.501742967144928942e+00 -5.066975304567770344e+00
1.528559805843945352e+00 -5.082195537870245694e+00
1.555376644542962206e+00 -5.061527700920420259e+00
1.582193483241978615e+00 -5.003310611529822260e+00
1.609010321940995247e+00 -4.935252820999331824e+00
1.635827160640011879e+00 -4.901815708118163251e+00
1.662643999339028511e+00 -4.882615121903031152e+00
1.689460838038045143e+00 -4.841589077754290926e+00
1.716277676737061775e+00 -4.773885494905939275e+00
1.743094515436078185e+00 -4.738709454777182195e+00
1.769911354135094816e+00 -4.730082296246721718e+00
1.796728192834111448e+00 -4.723402333789436192e+00
1.823545031533128080e+00 -4.713621320452432428e+00
1.850361870232144712e+00 -4.717804828344901225e+00
1.877178708931161122e+00 -4.716198081390538199e+00
1.903995547630177976e+00 -4.727440447382177169e+00
1.930812386329194386e+00 -4.748101011720171627e+00
1.957629225028210795e+00 -4.777811752853298621e+00
1.984446063727227649e+00 -4.822236515578057769e+00
2.011262902426244281e+00 -4.880448893460672011e+00
2.038079741125260469e+00 -4.878982574947397843e+00
2.064896579824277545e+00 -4.856010402029609985e+00
2.091713418523293733e+00 -4.857031404967344201e+00
2.118530257222310365e+00 -4.886225160264525691e+00
2.145347095921326996e+00 -4.917992021770333899e+00
2.172163934620343628e+00 -4.960511272406654015e+00
2.198980773319360260e+00 -4.996488609401159131e+00
2.225797612018376892e+00 -5.005973554820512206e+00
2.252614450717393524e+00 -5.034963132510164030e+00
2.279431289416410156e+00 -5.057796932115237176e+00
2.306248128115426343e+00 -5.065789988715359016e+00
2.333064966814442975e+00 -5.065775905615963914e+00
2.359881805513459607e+00 -5.081620826610602215e+00
2.386698644212476683e+00 -5.102948474549186209e+00
2.413515482911492871e+00 -5.111793023385343915e+00
2.440332321610509503e+00 -5.123578045813517612e+00
2.467149160309526135e+00 -5.118169264522568263e+00
2.493965999008542322e+00 -5.108101123995506754e+00
2.520782837707559398e+00 -5.108747449163743681e+00
2.547599676406576030e+00 -5.106692212859170965e+00
2.574416515105592662e+00 -5.118299167022577478e+00
2.601233353804608850e+00 -5.136054973065112605e+00
2.628050192503625482e+00 -5.159810322553434858e+00
2.654867031202642558e+00 -5.170036124288176715e+00
2.681683869901659190e+00 -5.181975693344775813e+00
2.708500708600675377e+00 -5.189082849694266031e+00
2.735317547299692009e+00 -5.193182763251522616e+00
2.762134385998708641e+00 -5.195132992317441634e+00
2.788951224697725273e+00 -5.191503490021487366e+00
2.815768063396741905e+00 -5.185980158107680538e+00
2.842584902095758537e+00 -5.188406006358625255e+00
2.869401740794774724e+00 -5.191830422197804218e+00
2.896218579493791356e+00 -5.193568386319875607e+00
2.923035418192807988e+00 -5.185323920046672974e+00
2.949852256891825064e+00 -5.185633341801254126e+00
2.976669095590841252e+00 -5.191167208600936611e+00
3.003485934289857884e+00 -5.203945854607033183e+00
3.030302772988874516e+00 -5.209535754571946953e+00
3.057119611687890703e+00 -5.207727068548299698e+00
3.083936450386907779e+00 -5.197415465009033397e+00
3.110753289085924411e+00 -5.183401962639894833e+00
3.137570127784941043e+00 -5.161166574127787676e+00
3.164386966483957231e+00 -5.145954384647264845e+00
3.191203805182973863e+00 -5.152443044558203233e+00
3.218020643881990495e+00 -5.169110012042786195e+00
3.244837482581007571e+00 -5.189909644377987519e+00
3.271654321280023758e+00 -5.200919893793816584e+00
3.298471159979040390e+00 -5.192324566225990701e+00
3.325287998678057022e+00 -5.182492590200366678e+00
3.352104837377073210e+00 -5.177193658560715228e+00
3.378921676076090286e+00 -5.167434016254682128e+00
3.405738514775106918e+00 -5.165143206780067331e+00
3.432555353474123550e+00 -5.169877479269434417e+00
