0.000000000000000000e+00 -1.549019599857431873e-01
2.681683869901659023e-02 -2.057271179429423225e-01
5.363367739803318046e-02 -5.470195984936707667e-01
8.045051609704977069e-02 -2.420304761281105499e+00
1.072673547960663609e-01 -4.224580095416985870e+00
1.340841934950829373e-01 -4.893870592051556834e+00
1.609010321940995414e-01 -5.280574632903964449e+00
1.877178708931161177e-01 -5.371293936756809551e+00
2.145347095921327218e-01 -5.379376356989824970e+00
2.413515482911492982e-01 -5.394128355720877011e+00
2.681683869901658746e-01 -5.390168385353050873e+00
2.949852256891824509e-01 -5.367639144288239628e+00
3.218020643881990828e-01 -5.358643195159949357e+00
3.486189030872156591e-01 -5.376782564320819802e+00
3.754357417862322355e-01 -5.393717350541431976e+00
4.022525804852488118e-01 -5.397474147235836739e+00
4.290694191842654437e-01 -5.393244741846374701e+00
4.558862578832820200e-01 -5.394344493221209902e+00
4.827030965822985964e-01 -5.394795155189398450e+00
5.095199352813151172e-01 -5.394866312630288263e+00
5.363367739803317491e-01 -5.397916837658733868e+00
5.631536126793483810e-01 -5.397940008671866963e+00
5.899704513783649018e-01 -5.397940008671866963e+00
6.167872900773815337e-01 -5.397940008674748213e+00
6.436041287763981655e-01 -5.397940008675504941e+00
6.704209674754147974e-01 -5.397940008675504941e+00
6.972378061744313182e-01 -5.396806304182638847e+00
7.240546448734478391e-01 -5.393613910902808506e+00
7.508714835724644709e-01 -5.395151542929212951e+00
7.776883222714811028e-01 -5.395916473070776043e+00
8.045051609704976237e-01 -5.394656717825271564e+00
8.313219996695142555e-01 -5.396985019438010234e+00
8.581388383685308874e-01 -5.394498218421286850e+00
8.849556770675474082e-01 -5.386757106026464292e+00
9.117725157665640401e-01 -5.382706014529153649e+00
9.385893544655805609e-01 -5.387718536080763343e+00
9.654061931645971928e-01 -5.391968693165098081e+00
9.922230318636138247e-01 -5.390228416804401235e+00
1.019039870562630234e+00 -5.383455959620315312e+00
1.045856709261646866e+00 -5.374896174887405564e+00
1.072673547960663498e+00 -5.375326786542705904e+00
1.099490386659680130e+00 -5.370764308213869853e+00
1.126307225358696762e+00 -5.357109251872146594e+00
1.153124064057713172e+00 -5.330113859390534614e+00
1.179940902756729804e+00 -5.314335576740538691e+00
1.206757741455746435e+00 -5.301701856883151542e+00
1.233574580154763067e+00 -5.295856042494129667e+00
1.260391418853779699e+00 -5.315464988919468503e+00
1.287208257552796331e+00 -5.325876698228415584e+00
1.314025096251812741e+00 -5.292675864617005566e+00
1.340841934950829595e+00 -5.259804849775590263e+00
1.367658773649846005e+00 -5.257915501124052149e+00
1.394475612348862636e+00 -5.242891159474936558e+00
1.421292451047879268e+00 -5.194172169389513982e+00
1.448109289746895678e+00 -5.131680524354562678e+00
1.474926128445912532e+00 -5.089853116623355156e+00
1.501742967144928942e+00 -5.068310824531134351e+00
1.528559805843945352e+00 -5.045395335430074013e+00
1.555376644542962206e+00 -5.010128740530667812e+00
1.582193483241978615e+00 -4.982896387339811994e+00
1.609010321940995247e+00 -4.964739861470897075e+00
1.635827160640011879e+00 -4.940622254121149304e+00
1.662643999339028511e+00 -4.908514502044241112e+00
1.689460838038045143e+00 -4.843213531141615569e+00
1.716277676737061775e+00 -4.782665961517502673e+00
1.743094515436078185e+00 -4.754188189932963660e+00
1.769911354135094816e+00 -4.744431220752657552e+00
1.796728192834111448e+00 -4.717015037296132363e+00
1.823545031533128080e+00 -4.669786362629328558e+00
1.850361870232144712e+00 -4.620014116714854957e+00
1.877178708931161122e+00 -4.581398563684142111e+00
1.903995547630177976e+00 -4.575885487761993886e+00
1.930812386329194386e+00 -4.608769703095813242e+00
1.957629225028210795e+00 -4.674068349624764807e+00
1.984446063727227649e+00 -4.729338374288891700e+00
2.011262902426244281e+00 -4.766038115145986076e+00
2.038079741125260469e+00 -4.796858610705581505e+00
2.064896579824277545e+00 -4.824043098292877474e+00
2.091713418523293733e+00 -4.838352657062187312e+00
2.118530257222310365e+00 -4.851656709309239979e+00
2.145347095921326996e+00 -4.877517298110840116e+00
2.172163934620343628e+00 -4.925845923469950094e+00
2.198980773319360260e+00 -4.977592165796314916e+00
2.225797612018376892e+00 -5.002611066814584007e+00
2.252614450717393524e+00 -5.001725226875023189e+00
2.279431289416410156e+00 -5.007809157648029696e+00
2.306248128115426343e+00 -5.031668292275316645e+00
2.333064966814442975e+00 -5.071181085160401558e+00
2.359881805513459607e+00 -5.121112441553637318e+00
2.386698644212476683e+00 -5.149630747570094869e+00
2.413515482911492871e+00 -5.155118648351512789e+00
2.440332321610509503e+00 -5.167243574940659556e+00
2.467149160309526135e+00 -5.168227986160809806e+00
2.493965999008542322e+00 -5.164794016540820820e+00
2.520782837707559398e+00 -5.165031823834895341e+00
2.547599676406576030e+00 -5.164419521951961300e+00
2.574416515105592662e+00 -5.154252540980182928e+00
2.601233353804608850e+00 -5.158077832857950185e+00
2.628050192503625482e+00 -5.157345260984877555e+00
2.654867031202642558e+00 -5.158436106115732223e+00
2.681683869901659190e+00 -5.173076547285368143e+00
2.708500708600675377e+00 -5.185190403447794694e+00
2.735317547299692009e+00 -5.204555190882452997e+00
2.762134385998708641e+00 -5.218538751037494983e+00
2.788951224697725273e+00 -5.225885384447922277e+00
2.815768063396741905e+00 -5.231306493929911205e+00
2.842584902095758537e+00 -5.216437807434047613e+00
2.869401740794774724e+00 -5.196131676429937229e+00
2.896218579493791356e+00 -5.187718944966985823e+00
2.923035418192807988e+00 -5.206202838330781901e+00
2.949852256891825064e+00 -5.228496039436065779e+00
2.976669095590841252e+00 -5.236792177649209457e+00
3.003485934289857884e+00 -5.223329016256324842e+00
3.030302772988874516e+00 -5.207484989471773851e+00
3.057119611687890703e+00 -5.199364004218141488e+00
3.083936450386907779e+00 -5.188603017602370748e+00
3.110753289085924411e+00 -5.186241202086741886e+00
3.137570127784941043e+00 -5.198802898769494973e+00
3.164386966483957231e+00 -5.216783406502819354e+00
3.191203805182973863e+00 -5.222649914597725207e+00
3.218020643881990495e+00 -5.219555270838550420e+00
3.244837482581007571e+00 -5.219931652138247280e+00
3.271654321280023758e+00 -5.217462097679808508e+00
3.298471159979040390e+00 -5.212922991204751000e+00
3.325287998678057022e+00 -5.214527656124950283e+00
3.352104837377073210e+00 -5.207880284882446809e+00
3.378921676076090286e+00 -5.203323829483658791e+00
3.405738514775106918e+00 -5.205158606252937581e+00
3.432555353474123550e+00 -5.206122667555320049e+00
