0.000000000000000000e+00 -1.549019599857431873e-01
8.045051609704977069e-02 -1.972976297036486970e-01
1.609010321940995414e-01 -5.982140888782925270e-01
2.413515482911492982e-01 -2.537957219841171064e+00
3.218020643881990828e-01 -3.290974745012379632e+00
4.022525804852488118e-01 -2.758025424480140764e+00
4.827030965822985964e-01 -2.730560520880940700e+00
5.631536126793483810e-01 -2.821950077615353436e+00
6.436041287763981655e-01 -2.897362206488250713e+00
7.240546448734478391e-01 -2.921368946214003337e+00
8.045051609704976237e-01 -2.972803318208106393e+00
8.849556770675472972e-01 -3.016603983322511340e+00
9.654061931645971928e-01 -2.978850579740985882e+00
1.045856709261647088e+00 -2.998268413538160093e+00
1.126307225358696762e+00 -3.035530952974499819e+00
1.206757741455746435e+00 -3.000147623989292800e+00
1.287208257552796331e+00 -2.946523620528099574e+00
1.367658773649846005e+00 -2.944796708550243558e+00
1.448109289746895678e+00 -2.982092675963846862e+00
1.528559805843945352e+00 -2.965989016696612968e+00
1.609010321940995247e+00 -2.905779307165477832e+00
1.689460838038045143e+00 -2.892943485727453634e+00
1.769911354135094594e+00 -2.920996248687060870e+00
1.850361870232144490e+00 -2.959213146835879105e+00
1.930812386329194386e+00 -2.954388704864478576e+00
2.011262902426244281e+00 -2.934766692073043526e+00
2.091713418523294177e+00 -2.944775168151517963e+00
2.172163934620343628e+00 -2.959411065996211843e+00
2.252614450717393524e+00 -2.946458372498164113e+00
2.333064966814443419e+00 -2.951673370916819916e+00
2.413515482911492871e+00 -2.963395090291236933e+00
2.493965999008542767e+00 -2.925486211349431986e+00
2.574416515105592662e+00 -2.898371755065105582e+00
2.654867031202642558e+00 -2.909239160296597237e+00
2.735317547299692009e+00 -2.953704215298295299e+00
2.815768063396741905e+00 -2.960888671518932203e+00
2.896218579493791356e+00 -2.943650173310592422e+00
2.976669095590841252e+00 -2.929187277732561601e+00
3.057119611687890703e+00 -2.905511940006179739e+00
3.137570127784940599e+00 -2.894527602237004338e+00
3.218020643881990495e+00 -2.930911739018873252e+00
3.298471159979039946e+00 -2.968264174154590318e+00
3.378921676076090286e+00 -2.951392059671811285e+00
3.459372192173139737e+00 -2.910761788231325919e+00
3.539822708270189189e+00 -2.924212978747164016e+00
3.620273224367239528e+00 -2.952161624488451430e+00
3.700723740464288980e+00 -2.952678152780767284e+00
3.781174256561339320e+00 -2.940557687974076906e+00
3.861624772658388771e+00 -2.942472667655115615e+00
3.942075288755438223e+00 -2.967943415155740006e+00
4.022525804852488562e+00 -2.985517445011689919e+00
4.102976320949538014e+00 -2.987515750885352261e+00
4.183426837046588354e+00 -2.981606885706692189e+00
4.263877353143637805e+00 -2.967464186237053880e+00
4.344327869240687257e+00 -2.924361396543249558e+00
4.424778385337737596e+00 -2.913228956596996433e+00
4.505228901434787048e+00 -2.932576664140901013e+00
4.585679417531836499e+00 -2.931426781018074301e+00
4.666129933628886839e+00 -2.901405478891398992e+00
4.746580449725936290e+00 -2.866215226844925024e+00
4.827030965822985742e+00 -2.875492533106697390e+00
4.907481481920036082e+00 -2.900721786134102143e+00
4.987931998017085533e+00 -2.905299532501266935e+00
5.068382514114135873e+00 -2.908782684210690306e+00
5.148833030211185324e+00 -2.934054133185296287e+00
5.229283546308234776e+00 -2.938126811461192922e+00
5.309734062405285115e+00 -2.927177518132023870e+00
5.390184578502334567e+00 -2.917736036260298871e+00
5.470635094599384018e+00 -2.928386571878497602e+00
5.551085610696433470e+00 -2.936474783861886539e+00
5.631536126793483810e+00 -2.958767081359610085e+00
5.711986642890533261e+00 -2.987529057817917000e+00
5.792437158987582713e+00 -2.996670867640537139e+00
5.872887675084633052e+00 -2.977810947763843696e+00
5.953338191181682504e+00 -2.942526022329204238e+00
6.033788707278731955e+00 -2.948231660824511824e+00
6.114239223375781407e+00 -2.963514669935347623e+00
6.194689739472831747e+00 -2.972318653987450432e+00
6.275140255569881198e+00 -2.975877149440238068e+00
6.355590771666931538e+00 -2.997654013390618655e+00
6.436041287763980989e+00 -3.010188473644349827e+00
6.516491803861030441e+00 -3.018611767025770387e+00
6.596942319958079892e+00 -3.015013607510301785e+00
6.677392836055131120e+00 -2.994366176002529745e+00
6.757843352152180572e+00 -2.946311919188099537e+00
6.838293868249230023e+00 -2.923374714718534495e+00
6.918744384346279475e+00 -2.919560934780172090e+00
6.999194900443328926e+00 -2.938904839252175272e+00
7.079645416540378378e+00 -2.990469247144871279e+00
7.160095932637429605e+00 -3.016431718711504839e+00
7.240546448734479057e+00 -3.008019876169795825e+00
7.320996964831528508e+00 -3.009866642779968515e+00
7.401447480928577960e+00 -3.034475652817117286e+00
7.481897997025627411e+00 -3.041745774777081746e+00
7.562348513122678639e+00 -3.015394911459915228e+00
7.642799029219728091e+00 -3.001070851728076416e+00
7.723249545316777542e+00 -3.003145699998721607e+00
7.803700061413826994e+00 -2.989437279622076282e+00
7.884150577510876445e+00 -2.965256436379770211e+00
7.964601093607927673e+00 -2.968946999960566213e+00
8.045051609704977125e+00 -2.976372862699769417e+00
8.125502125802025688e+00 -3.007023887875173163e+00
8.205952641899076028e+00 -3.049412277062466980e+00
8.286403157996124591e+00 -3.074701827883295380e+00
8.366853674093176707e+00 -3.082781211030344082e+00
8.447304190190225270e+00 -3.078826810080533161e+00
8.527754706287275610e+00 -3.070447291552786950e+00
8.608205222384324173e+00 -3.061496670344856064e+00
8.688655738481374513e+00 -3.048201052515018272e+00
8.769106254578423076e+00 -3.039736199545145290e+00
8.849556770675475192e+00 -3.044056051109138128e+00
8.930007286772523756e+00 -3.064821724232165590e+00
9.010457802869574095e+00 -3.076399863771515530e+00
9.090908318966622659e+00 -3.084823395719364036e+00
9.171358835063672998e+00 -3.093826050446203624e+00
9.251809351160723338e+00 -3.092512158409711276e+00
9.332259867257773678e+00 -3.067272813851034119e+00
9.412710383354822241e+00 -3.043015324440183633e+00
9.493160899451872581e+00 -3.046907192309594947e+00
9.573611415548921144e+00 -3.071786517719858001e+00
9.654061931645971484e+00 -3.100181316616592575e+00
9.734512447743021823e+00 -3.096220478740251192e+00
9.814962963840072163e+00 -3.099403359894111087e+00
9.895413479937120727e+00 -3.109421689706195480e+00
9.975863996034171066e+00 -3.115306867292213955e+00
1.005631451213121963e+01 -3.115080878618587068e+00
1.013676502822827175e+01 -3.126823141818869001e+00
1.021721554432532031e+01 -3.131480559307675549e+00
1.029766606042237065e+01 -3.143337269955189139e+00
