0.000000000000000000e+00 -1.549019599857431873e-01
8.045051609704977069e-02 -1.934901211291596146e-01
1.609010321940995414e-01 -5.612237686929574254e-01
2.413515482911492982e-01 -1.921171094429430015e+00
3.218020643881990828e-01 -3.078410988169867579e+00
4.022525804852488118e-01 -2.928274041791271376e+00
4.827030965822985964e-01 -2.811783029583566407e+00
5.631536126793483810e-01 -2.826251851039996765e+00
6.436041287763981655e-01 -2.878508090270183395e+00
7.240546448734478391e-01 -3.009649261675613197e+00
8.045051609704976237e-01 -3.049165935748192169e+00
8.849556770675472972e-01 -3.020583802336167967e+00
9.654061931645971928e-01 -2.945225375715928351e+00
1.045856709261647088e+00 -2.860308760715140064e+00
1.126307225358696762e+00 -2.804170772251795452e+00
1.206757741455746435e+00 -2.801023409144123733e+00
1.287208257552796331e+00 -2.819597309284107567e+00
1.367658773649846005e+00 -2.830478574210902654e+00
1.448109289746895678e+00 -2.853206253065917242e+00
1.528559805843945352e+00 -2.934457754115302741e+00
1.609010321940995247e+00 -2.994424144245392938e+00
1.689460838038045143e+00 -2.938269096467174712e+00
1.769911354135094594e+00 -2.883614826460024094e+00
1.850361870232144490e+00 -2.866950545056634603e+00
1.930812386329194386e+00 -2.861016656539851155e+00
2.011262902426244281e+00 -2.883747278903401767e+00
2.091713418523294177e+00 -2.894265578474234157e+00
2.172163934620343628e+00 -2.903014655896174911e+00
2.252614450717393524e+00 -2.924507751268491607e+00
2.333064966814443419e+00 -2.978307991734806759e+00
2.413515482911492871e+00 -2.967590765398025354e+00
2.493965999008542767e+00 -2.892532880282445262e+00
2.574416515105592662e+00 -2.855611336517788867e+00
2.654867031202642558e+00 -2.882239305067542112e+00
2.735317547299692009e+00 -2.913943332125864760e+00
2.815768063396741905e+00 -2.895558381511950774e+00
2.896218579493791356e+00 -2.847840569277922729e+00
2.976669095590841252e+00 -2.857462643506887279e+00
3.057119611687890703e+00 -2.908161656650543492e+00
3.137570127784940599e+00 -2.952830613323977005e+00
3.218020643881990495e+00 -2.948625623327040923e+00
3.298471159979039946e+00 -2.969698305398210891e+00
3.378921676076090286e+00 -2.970474622289608124e+00
3.459372192173139737e+00 -2.949195242114619031e+00
3.539822708270189189e+00 -2.928952440825240089e+00
3.620273224367239528e+00 -2.916118908219523131e+00
3.700723740464288980e+00 -2.901913357840866237e+00
3.781174256561339320e+00 -2.962101485999386163e+00
3.861624772658388771e+00 -3.043509489137369517e+00
3.942075288755438223e+00 -3.075738614978957397e+00
4.022525804852488562e+00 -3.041328695994055753e+00
4.102976320949538014e+00 -3.003724716682559581e+00
4.183426837046588354e+00 -2.985504122803281035e+00
4.263877353143637805e+00 -2.960701891863071200e+00
4.344327869240687257e+00 -2.898501118462830650e+00
4.424778385337737596e+00 -2.855579033124145294e+00
4.505228901434787048e+00 -2.841951591624113149e+00
4.585679417531836499e+00 -2.861861487820927863e+00
4.666129933628886839e+00 -2.911499500739834989e+00
4.746580449725936290e+00 -2.956035684471264080e+00
4.827030965822985742e+00 -2.961441708755346180e+00
4.907481481920036082e+00 -2.948765190052360818e+00
4.987931998017085533e+00 -2.928261845689845266e+00
5.068382514114135873e+00 -2.911556520341195498e+00
5.148833030211185324e+00 -2.907435273467335879e+00
5.229283546308234776e+00 -2.907571521332037445e+00
5.309734062405285115e+00 -2.925174598831434380e+00
5.390184578502334567e+00 -2.938587881234881127e+00
5.470635094599384018e+00 -2.954028053783451568e+00
5.551085610696433470e+00 -2.982290642591653107e+00
5.631536126793483810e+00 -2.974235099025307250e+00
5.711986642890533261e+00 -2.961155996104296140e+00
5.792437158987582713e+00 -2.955598179592163977e+00
5.872887675084633052e+00 -2.965203475492812935e+00
5.953338191181682504e+00 -2.979419562180339653e+00
6.033788707278731955e+00 -2.989850832930665447e+00
6.114239223375781407e+00 -2.997456664734928555e+00
6.194689739472831747e+00 -3.001648070528734280e+00
6.275140255569881198e+00 -3.028606467479687314e+00
6.355590771666931538e+00 -3.040691993236078527e+00
6.436041287763980989e+00 -3.040803501338992021e+00
6.516491803861030441e+00 -3.017063102653641415e+00
6.596942319958079892e+00 -2.998880109374470138e+00
6.677392836055131120e+00 -2.996419678449498303e+00
6.757843352152180572e+00 -2.984168231561221241e+00
6.838293868249230023e+00 -2.948649744558175634e+00
6.918744384346279475e+00 -2.915322007517012093e+00
6.999194900443328926e+00 -2.916060337513711076e+00
7.079645416540378378e+00 -2.963321783848816171e+00
7.160095932637429605e+00 -3.013522396195363218e+00
7.240546448734479057e+00 -3.008217366420880889e+00
7.320996964831528508e+00 -2.989578543599626048e+00
7.401447480928577960e+00 -2.991877870146036233e+00
7.481897997025627411e+00 -2.989584104511129325e+00
7.562348513122678639e+00 -2.986280346106556127e+00
7.642799029219728091e+00 -3.000183829714586636e+00
7.723249545316777542e+00 -3.017252018830308025e+00
7.803700061413826994e+00 -3.023302522377386836e+00
7.884150577510876445e+00 -3.023974971378053489e+00
7.964601093607927673e+00 -3.027868671931423616e+00
8.045051609704977125e+00 -3.015857503136741169e+00
8.125502125802025688e+00 -2.999802947685302534e+00
8.205952641899076028e+00 -2.982840027012095163e+00
8.286403157996124591e+00 -2.982406333474195925e+00
8.366853674093176707e+00 -3.017009646540669721e+00
8.447304190190225270e+00 -3.041107941275426718e+00
8.527754706287275610e+00 -3.035161162884157715e+00
8.608205222384324173e+00 -3.030462076327065546e+00
8.688655738481374513e+00 -3.015695567162602231e+00
8.769106254578423076e+00 -3.020677755280603005e+00
8.849556770675475192e+00 -3.062992098215601366e+00
8.930007286772523756e+00 -3.080337999590375908e+00
9.010457802869574095e+00 -3.061428596309707650e+00
9.090908318966622659e+00 -3.045526708051694786e+00
9.171358835063672998e+00 -3.073297064510992271e+00
9.251809351160723338e+00 -3.105768054718521576e+00
9.332259867257773678e+00 -3.126069157233406060e+00
9.412710383354822241e+00 -3.127397563198133668e+00
9.493160899451872581e+00 -3.090571065787406813e+00
9.573611415548921144e+00 -3.072494057945752033e+00
9.654061931645971484e+00 -3.069670878065735575e+00
9.734512447743021823e+00 -3.063063281555726380e+00
9.814962963840072163e+00 -3.083575383883925713e+00
9.895413479937120727e+00 -3.117330846841307679e+00
9.975863996034171066e+00 -3.122034059140556650e+00
1.005631451213121963e+01 -3.105115876059135971e+00
1.013676502822827175e+01 -3.093291019815478382e+00
1.021721554432532031e+01 -3.080425679447918785e+00
1.029766606042237065e+01 -3.060805690246851896e+00
