0.000000000000000000e+00 -1.549019599857431873e-01
8.045051609704977069e-02 -1.915789271613397016e-01
1.609010321940995414e-01 -5.288896802914234696e-01
2.413515482911492982e-01 -1.452967538973821471e+00
3.218020643881990828e-01 -2.025993296497700324e+00
4.022525804852488118e-01 -2.256952575004421924e+00
4.827030965822985964e-01 -2.598367126901389490e+00
5.631536126793483810e-01 -2.960135876519508713e+00
6.436041287763981655e-01 -3.217854379301742451e+00
7.240546448734478391e-01 -3.425627524233397558e+00
8.045051609704976237e-01 -3.536677029135012695e+00
8.849556770675472972e-01 -3.631786364575772197e+00
9.654061931645971928e-01 -3.726910121601375803e+00
1.045856709261647088e+00 -3.753635355567753074e+00
1.126307225358696762e+00 -3.743954657399668040e+00
1.206757741455746435e+00 -3.788602766858127247e+00
1.287208257552796331e+00 -3.828685853039728304e+00
1.367658773649846005e+00 -3.829962172009774068e+00
1.448109289746895678e+00 -3.760977268302344800e+00
1.528559805843945352e+00 -3.641939088653951107e+00
1.609010321940995247e+00 -3.513212605305554348e+00
1.689460838038045143e+00 -3.433453828542027519e+00
1.769911354135094594e+00 -3.372988952156618758e+00
1.850361870232144490e+00 -3.311801772250163367e+00
1.930812386329194386e+00 -3.303112464027893491e+00
2.011262902426244281e+00 -3.312408124774933071e+00
2.091713418523294177e+00 -3.269565673838730646e+00
2.172163934620343628e+00 -3.187959640470036327e+00
2.252614450717393524e+00 -3.140257428758845393e+00
2.333064966814443419e+00 -3.144452763131728723e+00
2.413515482911492871e+00 -3.188561145003742769e+00
2.493965999008542767e+00 -3.241175765077681792e+00
2.574416515105592662e+00 -3.289772036686188450e+00
2.654867031202642558e+00 -3.309594325831095141e+00
2.735317547299692009e+00 -3.341342665172637894e+00
2.815768063396741905e+00 -3.353330848467110936e+00
2.896218579493791356e+00 -3.311171013913907668e+00
2.976669095590841252e+00 -3.269328885099127557e+00
3.057119611687890703e+00 -3.254243028716025332e+00
3.137570127784940599e+00 -3.301862534197788079e+00
3.218020643881990495e+00 -3.328305325977681584e+00
3.298471159979039946e+00 -3.342559894036479573e+00
3.378921676076090286e+00 -3.266779704010952745e+00
3.459372192173139737e+00 -3.182664506121275494e+00
3.539822708270189189e+00 -3.160873094053306520e+00
3.620273224367239528e+00 -3.194682057979893575e+00
3.700723740464288980e+00 -3.203974136408682227e+00
3.781174256561339320e+00 -3.204403582750214419e+00
3.861624772658388771e+00 -3.189182265544286299e+00
3.942075288755438223e+00 -3.181830810534103549e+00
4.022525804852488562e+00 -3.183884908197865737e+00
4.102976320949538014e+00 -3.206760587667292661e+00
4.183426837046588354e+00 -3.227730599513393361e+00
4.263877353143637805e+00 -3.241876286743248237e+00
4.344327869240687257e+00 -3.257004808259658102e+00
4.424778385337737596e+00 -3.284334789272603583e+00
4.505228901434787048e+00 -3.273722582212337251e+00
4.585679417531836499e+00 -3.234774208307643395e+00
4.666129933628886839e+00 -3.197637940928455880e+00
4.746580449725936290e+00 -3.190892606111739305e+00
4.827030965822985742e+00 -3.201595055420063396e+00
4.907481481920036082e+00 -3.223724402624660534e+00
4.987931998017085533e+00 -3.227823395374143534e+00
5.068382514114135873e+00 -3.223525617626747053e+00
5.148833030211185324e+00 -3.218064247766169395e+00
5.229283546308234776e+00 -3.249036760780172450e+00
5.309734062405285115e+00 -3.302399020309707556e+00
5.390184578502334567e+00 -3.323411761472412351e+00
5.470635094599384018e+00 -3.312149576105361426e+00
5.551085610696433470e+00 -3.271612049552385049e+00
5.631536126793483810e+00 -3.234679905631409280e+00
5.711986642890533261e+00 -3.249477297917552576e+00
5.792437158987582713e+00 -3.290466200505672401e+00
5.872887675084633052e+00 -3.302436726582590243e+00
5.953338191181682504e+00 -3.281991818492910884e+00
6.033788707278731955e+00 -3.261121479188369143e+00
6.114239223375781407e+00 -3.260154918964685677e+00
6.194689739472831747e+00 -3.286721046318016981e+00
6.275140255569881198e+00 -3.291947901606178561e+00
6.355590771666931538e+00 -3.282398174841317573e+00
6.436041287763980989e+00 -3.279413668313237551e+00
6.516491803861030441e+00 -3.282062364244983765e+00
6.596942319958079892e+00 -3.279345606789472622e+00
6.677392836055131120e+00 -3.282424920771194188e+00
6.757843352152180572e+00 -3.287608608169653834e+00
6.838293868249230023e+00 -3.314454925149433961e+00
6.918744384346279475e+00 -3.319059693058723504e+00
6.999194900443328926e+00 -3.327488816143998385e+00
7.079645416540378378e+00 -3.343829277088842034e+00
7.160095932637429605e+00 -3.339024637668568385e+00
7.240546448734479057e+00 -3.330934699109227015e+00
7.320996964831528508e+00 -3.339085575341580903e+00
7.401447480928577960e+00 -3.347441290785354795e+00
7.481897997025627411e+00 -3.360902046864067572e+00
7.562348513122678639e+00 -3.370051144726019299e+00
7.642799029219728091e+00 -3.363983054586412003e+00
7.723249545316777542e+00 -3.353607242197115035e+00
7.803700061413826994e+00 -3.353783221088250777e+00
7.884150577510876445e+00 -3.359372468990426075e+00
7.964601093607927673e+00 -3.371189975347973711e+00
8.045051609704977125e+00 -3.352718640924136295e+00
8.125502125802025688e+00 -3.319816128784353726e+00
8.205952641899076028e+00 -3.300428546649400108e+00
8.286403157996124591e+00 -3.308071852776888644e+00
8.366853674093176707e+00 -3.327155481601790754e+00
8.447304190190225270e+00 -3.354812677742684102e+00
8.527754706287275610e+00 -3.374934783805388250e+00
8.608205222384324173e+00 -3.371804524040848960e+00
8.688655738481374513e+00 -3.363853631585748793e+00
8.769106254578423076e+00 -3.349400245862800496e+00
8.849556770675475192e+00 -3.327168146554375650e+00
8.930007286772523756e+00 -3.330233090516580230e+00
9.010457802869574095e+00 -3.323037411716142309e+00
9.090908318966622659e+00 -3.299117635190359721e+00
9.171358835063672998e+00 -3.281444904622016878e+00
9.251809351160723338e+00 -3.296190733844852172e+00
9.332259867257773678e+00 -3.322179215385219653e+00
9.412710383354822241e+00 -3.331995489684014267e+00
9.493160899451872581e+00 -3.346783877766689397e+00
9.573611415548921144e+00 -3.379271954143405310e+00
9.654061931645971484e+00 -3.396840977633471592e+00
9.734512447743021823e+00 -3.401881562549437188e+00
9.814962963840072163e+00 -3.398241266554963502e+00
9.895413479937120727e+00 -3.410505995401591051e+00
9.975863996034171066e+00 -3.425203974972798715e+00
1.005631451213121963e+01 -3.440469548814623302e+00
1.013676502822827175e+01 -3.446402901382347395e+00
1.021721554432532031e+01 -3.450966864769647202e+00
1.029766606042237065e+01 -3.466508577692207105e+00
