0.000000000000000000e+00 -1.549019599857431873e-01
8.045051609704977069e-02 -3.946061258391231341e-01
1.609010321940995414e-01 -1.253233707696241872e+00
2.413515482911492982e-01 -3.639033979233098126e+00
3.218020643881990828e-01 -4.091239990951457628e+00
4.022525804852488118e-01 -4.356690029006979437e+00
4.827030965822985964e-01 -5.103365424594202615e+00
5.631536126793483810e-01 -6.082577778394074208e+00
6.436041287763981655e-01 -6.703020108413041633e+00
7.240546448734478391e-01 -6.952355515914370621e+00
8.045051609704976237e-01 -7.203380719173005708e+00
8.849556770675472972e-01 -7.419285800040384515e+00
9.654061931645971928e-01 -7.460325636154898632e+00
1.045856709261647088e+00 -7.560341762495803586e+00
1.126307225358696762e+00 -7.622815620229931532e+00
1.206757741455746435e+00 -7.496387846886699791e+00
1.287208257552796331e+00 -7.372681632200857926e+00
1.367658773649846005e+00 -7.389317478107159332e+00
1.448109289746895678e+00 -7.347843383909119730e+00
1.528559805843945352e+00 -7.218037853893537914e+00
1.609010321940995247e+00 -7.096698608615092496e+00
1.689460838038045143e+00 -6.925312371338178785e+00
1.769911354135094594e+00 -6.746840648334790913e+00
1.850361870232144490e+00 -6.719920424464455699e+00
1.930812386329194386e+00 -6.719977568925412648e+00
2.011262902426244281e+00 -6.582948195551430182e+00
2.091713418523294177e+00 -6.329584183650243112e+00
2.172163934620343628e+00 -6.172481035344008049e+00
2.252614450717393524e+00 -6.150022789583371008e+00
2.333064966814443419e+00 -6.142969649670683374e+00
2.413515482911492871e+00 -6.217611625278973264e+00
2.493965999008542767e+00 -6.315494405531165256e+00
2.574416515105592662e+00 -6.362289714576863098e+00
2.654867031202642558e+00 -6.410146789607114926e+00
2.735317547299692009e+00 -6.470498134832041615e+00
2.815768063396741905e+00 -6.469176339801475883e+00
2.896218579493791356e+00 -6.424331908346163189e+00
2.976669095590841252e+00 -6.356442965375995513e+00
3.057119611687890703e+00 -6.373362003856504643e+00
3.137570127784940599e+00 -6.442128269532661378e+00
3.218020643881990495e+00 -6.509115973780046360e+00
3.298471159979039946e+00 -6.495541968471804317e+00
3.378921676076090286e+00 -6.359750924891377721e+00
3.459372192173139737e+00 -6.308578158792731649e+00
3.539822708270189189e+00 -6.335805131604701046e+00
3.620273224367239528e+00 -6.333104523405667763e+00
3.700723740464288980e+00 -6.267175310136294364e+00
3.781174256561339320e+00 -6.314454986734929776e+00
3.861624772658388771e+00 -6.422173877355620952e+00
3.942075288755438223e+00 -6.423843514043563019e+00
4.022525804852488562e+00 -6.365091919874771520e+00
4.102976320949538014e+00 -6.405533606238937416e+00
4.183426837046588354e+00 -6.500083250329004692e+00
4.263877353143637805e+00 -6.552542775227979455e+00
4.344327869240687257e+00 -6.532340525476298509e+00
4.424778385337737596e+00 -6.528365854711525529e+00
4.505228901434787048e+00 -6.541763437511233015e+00
4.585679417531836499e+00 -6.548969473931632201e+00
4.666129933628886839e+00 -6.485243515022494520e+00
4.746580449725936290e+00 -6.474422646003825221e+00
4.827030965822985742e+00 -6.500051919624146635e+00
4.907481481920036082e+00 -6.505145768998811917e+00
4.987931998017085533e+00 -6.516860059816791839e+00
5.068382514114135873e+00 -6.546071646225456675e+00
5.148833030211185324e+00 -6.578321627886296596e+00
5.229283546308234776e+00 -6.565765208990527846e+00
5.309734062405285115e+00 -6.469626957309961846e+00
5.390184578502334567e+00 -6.393342573528345341e+00
5.470635094599384018e+00 -6.400880492813524114e+00
5.551085610696433470e+00 -6.472885478967838502e+00
5.631536126793483810e+00 -6.547747223484038592e+00
5.711986642890533261e+00 -6.583679409204787447e+00
5.792437158987582713e+00 -6.557791213241317863e+00
5.872887675084633052e+00 -6.500535161528424588e+00
5.953338191181682504e+00 -6.491517464188919284e+00
6.033788707278731955e+00 -6.527546933496225279e+00
6.114239223375781407e+00 -6.590635508838457390e+00
6.194689739472831747e+00 -6.596579642845406433e+00
6.275140255569881198e+00 -6.565656374972722809e+00
6.355590771666931538e+00 -6.552121999345673409e+00
6.436041287763980989e+00 -6.601758025890656967e+00
6.516491803861030441e+00 -6.647254501638241386e+00
6.596942319958079892e+00 -6.672663304177574695e+00
6.677392836055131120e+00 -6.655587094613315102e+00
6.757843352152180572e+00 -6.630200281306432686e+00
6.838293868249230023e+00 -6.663281117188499358e+00
6.918744384346279475e+00 -6.698484277964254829e+00
6.999194900443328926e+00 -6.736802957020806559e+00
7.079645416540378378e+00 -6.782558069192994310e+00
7.160095932637429605e+00 -6.722722929504587164e+00
7.240546448734479057e+00 -6.613722386547651766e+00
7.320996964831528508e+00 -6.534941102122338918e+00
7.401447480928577960e+00 -6.585239205235728477e+00
7.481897997025627411e+00 -6.721710050976859918e+00
7.562348513122678639e+00 -6.785881496104156696e+00
7.642799029219728091e+00 -6.697373610375580988e+00
7.723249545316777542e+00 -6.586465730005711450e+00
7.803700061413826994e+00 -6.582277989051267042e+00
7.884150577510876445e+00 -6.684003355762565768e+00
7.964601093607927673e+00 -6.754275351674612793e+00
8.045051609704977125e+00 -6.717946855001479811e+00
8.125502125802025688e+00 -6.661686615769532693e+00
8.205952641899076028e+00 -6.633821793326919902e+00
8.286403157996124591e+00 -6.617642070081485528e+00
8.366853674093176707e+00 -6.609335607429767556e+00
8.447304190190225270e+00 -6.623451412621791157e+00
8.527754706287275610e+00 -6.697361058445079784e+00
8.608205222384324173e+00 -6.810337418091473083e+00
8.688655738481374513e+00 -6.809347826196203712e+00
8.769106254578423076e+00 -6.740220311784053564e+00
8.849556770675475192e+00 -6.734166886170146249e+00
8.930007286772523756e+00 -6.778533282379574310e+00
9.010457802869574095e+00 -6.810577662624228701e+00
9.090908318966622659e+00 -6.824727610983563508e+00
9.171358835063672998e+00 -6.891777162174980376e+00
9.251809351160723338e+00 -6.993795836643434072e+00
9.332259867257773678e+00 -7.021832204664136157e+00
9.412710383354822241e+00 -6.976101065203996754e+00
9.493160899451872581e+00 -6.912068107388749105e+00
9.573611415548921144e+00 -6.855061826092501143e+00
9.654061931645971484e+00 -6.823391428901368627e+00
9.734512447743021823e+00 -6.835687195612105249e+00
9.814962963840072163e+00 -6.826235787904074037e+00
9.895413479937120727e+00 -6.802002471425135255e+00
9.975863996034171066e+00 -6.791439119050826534e+00
1.005631451213121963e+01 -6.781519886232531213e+00
1.013676502822827175e+01 -6.782076485299989521e+00
1.021721554432532031e+01 -6.809157733937527546e+00
1.029766606042237065e+01 -6.791745497901907846e+00
