0.000000000000000000e+00 -1.549019599857431873e-01
8.045051609704977069e-02 -2.076353428202641072e-01
1.609010321940995414e-01 -6.074149098663351731e-01
2.413515482911492982e-01 -1.506808866692923132e+00
3.218020643881990828e-01 -1.909475795422777455e+00
4.022525804852488118e-01 -2.404729916763214348e+00
4.827030965822985964e-01 -2.851588049610036979e+00
5.631536126793483810e-01 -3.099240031421721664e+00
6.436041287763981655e-01 -3.273655551845317202e+00
7.240546448734478391e-01 -3.394608762642043587e+00
8.045051609704976237e-01 -3.580452750919391747e+00
8.849556770675472972e-01 -3.751555064797254868e+00
9.654061931645971928e-01 -3.838450027587079205e+00
1.045856709261647088e+00 -3.943756704951056236e+00
1.126307225358696762e+00 -3.948248544741501664e+00
1.206757741455746435e+00 -3.876657835666828422e+00
1.287208257552796331e+00 -3.830940650211551279e+00
1.367658773649846005e+00 -3.801880561914777967e+00
1.448109289746895678e+00 -3.718418079609461913e+00
1.528559805843945352e+00 -3.621283691935067051e+00
1.609010321940995247e+00 -3.553156635119421480e+00
1.689460838038045143e+00 -3.501249685182709293e+00
1.769911354135094594e+00 -3.447823330352357551e+00
1.850361870232144490e+00 -3.379037549046586708e+00
1.930812386329194386e+00 -3.321525196044808226e+00
2.011262902426244281e+00 -3.318658145778827784e+00
2.091713418523294177e+00 -3.269569410068481563e+00
2.172163934620343628e+00 -3.197674860738314084e+00
2.252614450717393524e+00 -3.160896213876003280e+00
2.333064966814443419e+00 -3.178188097392286249e+00
2.413515482911492871e+00 -3.215233080339178429e+00
2.493965999008542767e+00 -3.226013214955314012e+00
2.574416515105592662e+00 -3.229964811346506259e+00
2.654867031202642558e+00 -3.237599020329577026e+00
2.735317547299692009e+00 -3.251375796551367436e+00
2.815768063396741905e+00 -3.275328778635776761e+00
2.896218579493791356e+00 -3.285661958313116582e+00
2.976669095590841252e+00 -3.299275409791976976e+00
3.057119611687890703e+00 -3.298677155963532392e+00
3.137570127784940599e+00 -3.298257227322498597e+00
3.218020643881990495e+00 -3.253705378086113154e+00
3.298471159979039946e+00 -3.215071339538468020e+00
3.378921676076090286e+00 -3.167283261218020840e+00
3.459372192173139737e+00 -3.149844257031450212e+00
3.539822708270189189e+00 -3.195961076355160912e+00
3.620273224367239528e+00 -3.220295270183229253e+00
3.700723740464288980e+00 -3.202025432671546490e+00
3.781174256561339320e+00 -3.206192645166765054e+00
3.861624772658388771e+00 -3.215145255262486401e+00
3.942075288755438223e+00 -3.239635309597538093e+00
4.022525804852488562e+00 -3.256083307105798408e+00
4.102976320949538014e+00 -3.251552810578445474e+00
4.183426837046588354e+00 -3.267500718442815089e+00
4.263877353143637805e+00 -3.291483979087197476e+00
4.344327869240687257e+00 -3.326990591836553879e+00
4.424778385337737596e+00 -3.323948190888594389e+00
4.505228901434787048e+00 -3.270047404256443357e+00
4.585679417531836499e+00 -3.207371523603704144e+00
4.666129933628886839e+00 -3.195057480202471378e+00
4.746580449725936290e+00 -3.204436478655046106e+00
4.827030965822985742e+00 -3.219417806220622236e+00
4.907481481920036082e+00 -3.258117501185865184e+00
4.987931998017085533e+00 -3.295544302360762678e+00
5.068382514114135873e+00 -3.292199840374273823e+00
5.148833030211185324e+00 -3.272271564248855125e+00
5.229283546308234776e+00 -3.275560381335542282e+00
5.309734062405285115e+00 -3.292077645217648563e+00
5.390184578502334567e+00 -3.301149819468758739e+00
5.470635094599384018e+00 -3.319826539585493563e+00
5.551085610696433470e+00 -3.313730962018439197e+00
5.631536126793483810e+00 -3.293604681091331088e+00
5.711986642890533261e+00 -3.258048162097373357e+00
5.792437158987582713e+00 -3.232423462828049487e+00
5.872887675084633052e+00 -3.246773588252867437e+00
5.953338191181682504e+00 -3.266806608439515092e+00
6.033788707278731955e+00 -3.257375492206419310e+00
6.114239223375781407e+00 -3.259703228178030709e+00
6.194689739472831747e+00 -3.251334189546665865e+00
6.275140255569881198e+00 -3.257874830257909249e+00
6.355590771666931538e+00 -3.274963444347764430e+00
6.436041287763980989e+00 -3.283691597423641806e+00
6.516491803861030441e+00 -3.274815016080389274e+00
6.596942319958079892e+00 -3.250515045816227300e+00
6.677392836055131120e+00 -3.253970247406636318e+00
6.757843352152180572e+00 -3.293363357275763015e+00
6.838293868249230023e+00 -3.323009153658216253e+00
6.918744384346279475e+00 -3.330010570772463652e+00
6.999194900443328926e+00 -3.320335355140511702e+00
7.079645416540378378e+00 -3.311828294623330393e+00
7.160095932637429605e+00 -3.330489677339675048e+00
7.240546448734479057e+00 -3.354485832266485001e+00
7.320996964831528508e+00 -3.371614638688119392e+00
7.401447480928577960e+00 -3.382350621004337921e+00
7.481897997025627411e+00 -3.376322872151024335e+00
7.562348513122678639e+00 -3.357062861762343697e+00
7.642799029219728091e+00 -3.329346578288823189e+00
7.723249545316777542e+00 -3.322159404500548252e+00
7.803700061413826994e+00 -3.333007264648657930e+00
7.884150577510876445e+00 -3.354448768322220165e+00
7.964601093607927673e+00 -3.360175626291160622e+00
8.045051609704977125e+00 -3.369984406148943457e+00
8.125502125802025688e+00 -3.384542570493436653e+00
8.205952641899076028e+00 -3.379128521100994931e+00
8.286403157996124591e+00 -3.366135723278099512e+00
8.366853674093176707e+00 -3.339813057409312336e+00
8.447304190190225270e+00 -3.352449215637919533e+00
8.527754706287275610e+00 -3.387401825164447544e+00
8.608205222384324173e+00 -3.389983242519149620e+00
8.688655738481374513e+00 -3.393902492026717788e+00
8.769106254578423076e+00 -3.383800179871943925e+00
8.849556770675475192e+00 -3.365812522681862706e+00
8.930007286772523756e+00 -3.367918337963391018e+00
9.010457802869574095e+00 -3.395228389949543679e+00
9.090908318966622659e+00 -3.417493310348481028e+00
9.171358835063672998e+00 -3.410379072446348303e+00
9.251809351160723338e+00 -3.382374664200914260e+00
9.332259867257773678e+00 -3.355778177966926012e+00
9.412710383354822241e+00 -3.356588890152993443e+00
9.493160899451872581e+00 -3.386837698928657936e+00
9.573611415548921144e+00 -3.411286276202674106e+00
9.654061931645971484e+00 -3.410233198246914732e+00
9.734512447743021823e+00 -3.387060527995999770e+00
9.814962963840072163e+00 -3.368364258646246334e+00
9.895413479937120727e+00 -3.401111346505044875e+00
9.975863996034171066e+00 -3.442285379203202655e+00
1.005631451213121963e+01 -3.466041433241417558e+00
1.013676502822827175e+01 -3.468013166916965151e+00
1.021721554432532031e+01 -3.472710760459077672e+00
1.029766606042237065e+01 -3.477819257463160341e+00
