0.000000000000000000e+00 -1.549019599857431873e-01
8.045051609704977069e-02 -1.933112006059804211e-01
1.609010321940995414e-01 -4.980980161325331279e-01
2.413515482911492982e-01 -1.179601831167187642e+00
3.218020643881990828e-01 -1.654699918436036699e+00
4.022525804852488118e-01 -2.109854121333235355e+00
4.827030965822985964e-01 -2.579089344167530662e+00
5.631536126793483810e-01 -3.072083638909353542e+00
6.436041287763981655e-01 -3.389350071109598073e+00
7.240546448734478391e-01 -3.402186790179364984e+00
8.045051609704976237e-01 -3.411153557479537746e+00
8.849556770675472972e-01 -3.459673108484713211e+00
9.654061931645971928e-01 -3.553890268265775809e+00
1.045856709261647088e+00 -3.655515211045359703e+00
1.126307225358696762e+00 -3.726765717558155000e+00
1.206757741455746435e+00 -3.762741383180745469e+00
1.287208257552796331e+00 -3.803529949534409038e+00
1.367658773649846005e+00 -3.740702075117514180e+00
1.448109289746895678e+00 -3.643560531643012190e+00
1.528559805843945352e+00 -3.593107430928482504e+00
1.609010321940995247e+00 -3.546080945786531657e+00
1.689460838038045143e+00 -3.490757588849206616e+00
1.769911354135094594e+00 -3.460033352943072238e+00
1.850361870232144490e+00 -3.431459537688435368e+00
1.930812386329194386e+00 -3.399715462563968504e+00
2.011262902426244281e+00 -3.347993113361283246e+00
2.091713418523294177e+00 -3.218862718286448654e+00
2.172163934620343628e+00 -3.164134467234929193e+00
2.252614450717393524e+00 -3.160761892402312867e+00
2.333064966814443419e+00 -3.197199938284029486e+00
2.413515482911492871e+00 -3.201410865368232272e+00
2.493965999008542767e+00 -3.166958896888419694e+00
2.574416515105592662e+00 -3.151535391555552845e+00
2.654867031202642558e+00 -3.181055948031200398e+00
2.735317547299692009e+00 -3.238429022712676630e+00
2.815768063396741905e+00 -3.264349854486626956e+00
2.896218579493791356e+00 -3.260591237673559295e+00
2.976669095590841252e+00 -3.232536439208122836e+00
3.057119611687890703e+00 -3.239472237343632877e+00
3.137570127784940599e+00 -3.234016154183920744e+00
3.218020643881990495e+00 -3.230992439431865204e+00
3.298471159979039946e+00 -3.205232089073893675e+00
3.378921676076090286e+00 -3.210411730329794988e+00
3.459372192173139737e+00 -3.234492289735593218e+00
3.539822708270189189e+00 -3.241085732410164066e+00
3.620273224367239528e+00 -3.259456042032722767e+00
3.700723740464288980e+00 -3.232021909793430847e+00
3.781174256561339320e+00 -3.213658915384554948e+00
3.861624772658388771e+00 -3.211047427166967783e+00
3.942075288755438223e+00 -3.238649549643286107e+00
4.022525804852488562e+00 -3.250231758002747995e+00
4.102976320949538014e+00 -3.259730823900985897e+00
4.183426837046588354e+00 -3.257746892512069614e+00
4.263877353143637805e+00 -3.238275660319638316e+00
4.344327869240687257e+00 -3.206679430818525578e+00
4.424778385337737596e+00 -3.194097856897951004e+00
4.505228901434787048e+00 -3.198098588074603121e+00
4.585679417531836499e+00 -3.228767195148789959e+00
4.666129933628886839e+00 -3.273363313711975753e+00
4.746580449725936290e+00 -3.250552869537575607e+00
4.827030965822985742e+00 -3.227287089964824052e+00
4.907481481920036082e+00 -3.213833260098322153e+00
4.987931998017085533e+00 -3.225003737427742934e+00
5.068382514114135873e+00 -3.234627070444529906e+00
5.148833030211185324e+00 -3.216768185225943988e+00
5.229283546308234776e+00 -3.191732445017759101e+00
5.309734062405285115e+00 -3.203149211569019439e+00
5.390184578502334567e+00 -3.246865397128846809e+00
5.470635094599384018e+00 -3.294123933369101476e+00
5.551085610696433470e+00 -3.307011606940197357e+00
5.631536126793483810e+00 -3.280372876264963988e+00
5.711986642890533261e+00 -3.259552964807569619e+00
5.792437158987582713e+00 -3.276641814288813404e+00
5.872887675084633052e+00 -3.284895646064483365e+00
5.953338191181682504e+00 -3.293573458681243071e+00
6.033788707278731955e+00 -3.306198329231266442e+00
6.114239223375781407e+00 -3.326867209002457138e+00
6.194689739472831747e+00 -3.356334838862738312e+00
6.275140255569881198e+00 -3.374420922054391259e+00
6.355590771666931538e+00 -3.361509563296682046e+00
6.436041287763980989e+00 -3.346732797573737095e+00
6.516491803861030441e+00 -3.349584410933845291e+00
6.596942319958079892e+00 -3.323232144547856759e+00
6.677392836055131120e+00 -3.299878075225411767e+00
6.757843352152180572e+00 -3.317191286566193220e+00
6.838293868249230023e+00 -3.342313007583832540e+00
6.918744384346279475e+00 -3.329200392946878750e+00
6.999194900443328926e+00 -3.291620835232100362e+00
7.079645416540378378e+00 -3.274021937118292147e+00
7.160095932637429605e+00 -3.266650012682652537e+00
7.240546448734479057e+00 -3.265483636781542742e+00
7.320996964831528508e+00 -3.265126743573681267e+00
7.401447480928577960e+00 -3.282952869949514962e+00
7.481897997025627411e+00 -3.318825285046080431e+00
7.562348513122678639e+00 -3.349545976845694994e+00
7.642799029219728091e+00 -3.325188986170209304e+00
7.723249545316777542e+00 -3.287917887743291967e+00
7.803700061413826994e+00 -3.277289121483136114e+00
7.884150577510876445e+00 -3.309305389745079484e+00
7.964601093607927673e+00 -3.333474984567217358e+00
8.045051609704977125e+00 -3.332226730562793726e+00
8.125502125802025688e+00 -3.351992276646163837e+00
8.205952641899076028e+00 -3.395337995770061124e+00
8.286403157996124591e+00 -3.428927164084648815e+00
8.366853674093176707e+00 -3.406228301626503807e+00
8.447304190190225270e+00 -3.382539182112389575e+00
8.527754706287275610e+00 -3.364769994482114335e+00
8.608205222384324173e+00 -3.352992364732948705e+00
8.688655738481374513e+00 -3.316755441472027055e+00
8.769106254578423076e+00 -3.320651724665871996e+00
8.849556770675475192e+00 -3.363223243166690857e+00
8.930007286772523756e+00 -3.393501761567732089e+00
9.010457802869574095e+00 -3.373463275421447083e+00
9.090908318966622659e+00 -3.343517199648035731e+00
9.171358835063672998e+00 -3.355642871293130991e+00
9.251809351160723338e+00 -3.382421620968661280e+00
9.332259867257773678e+00 -3.399988661362735254e+00
9.412710383354822241e+00 -3.417093731711154270e+00
9.493160899451872581e+00 -3.422769828635951139e+00
9.573611415548921144e+00 -3.426080051221396694e+00
9.654061931645971484e+00 -3.421420973505838070e+00
9.734512447743021823e+00 -3.412434461193996071e+00
9.814962963840072163e+00 -3.400922612846603243e+00
9.895413479937120727e+00 -3.405747205008174294e+00
9.975863996034171066e+00 -3.399511206286739640e+00
1.005631451213121963e+01 -3.393880648117118426e+00
1.013676502822827175e+01 -3.393591947011526777e+00
1.021721554432532031e+01 -3.399941106347467379e+00
1.029766606042237065e+01 -3.417368909670506216e+00
