0.000000000000000000e+00 -1.549019599857431873e-01
8.045051609704977069e-02 -2.095452714071421862e-01
1.609010321940995414e-01 -6.061320804746732627e-01
2.413515482911492982e-01 -1.440773156262296739e+00
3.218020643881990828e-01 -1.752608395974901034e+00
4.022525804852488118e-01 -2.206028071193991913e+00
4.827030965822985964e-01 -2.702759271287538567e+00
5.631536126793483810e-01 -3.121070045484497513e+00
6.436041287763981655e-01 -3.414475803194067183e+00
7.240546448734478391e-01 -3.483052777269454836e+00
8.045051609704976237e-01 -3.512178089452150598e+00
8.849556770675472972e-01 -3.580619754648179054e+00
9.654061931645971928e-01 -3.665948412211119667e+00
1.045856709261647088e+00 -3.692775471082327510e+00
1.126307225358696762e+00 -3.684464991456496197e+00
1.206757741455746435e+00 -3.701292007925733429e+00
1.287208257552796331e+00 -3.656061276756912726e+00
1.367658773649846005e+00 -3.574461714202440188e+00
1.448109289746895678e+00 -3.565919585085858046e+00
1.528559805843945352e+00 -3.656416554274580122e+00
1.609010321940995247e+00 -3.674385226304181629e+00
1.689460838038045143e+00 -3.533068509212637043e+00
1.769911354135094594e+00 -3.432708519968815875e+00
1.850361870232144490e+00 -3.414307831385824166e+00
1.930812386329194386e+00 -3.376228042517066985e+00
2.011262902426244281e+00 -3.252755816639399278e+00
2.091713418523294177e+00 -3.174518956734355690e+00
2.172163934620343628e+00 -3.170805537732003909e+00
2.252614450717393524e+00 -3.153140690241951649e+00
2.333064966814443419e+00 -3.107347597851953580e+00
2.413515482911492871e+00 -3.055585457578409159e+00
2.493965999008542767e+00 -3.102263639413753271e+00
2.574416515105592662e+00 -3.228076810888487191e+00
2.654867031202642558e+00 -3.292551571777611930e+00
2.735317547299692009e+00 -3.289828010122068047e+00
2.815768063396741905e+00 -3.326463897189699370e+00
2.896218579493791356e+00 -3.333745169865252933e+00
2.976669095590841252e+00 -3.250300675864859823e+00
3.057119611687890703e+00 -3.168864792904887207e+00
3.137570127784940599e+00 -3.151342758519352749e+00
3.218020643881990495e+00 -3.179665674105514483e+00
3.298471159979039946e+00 -3.188981373591620372e+00
3.378921676076090286e+00 -3.176400578239179318e+00
3.459372192173139737e+00 -3.160401418475086377e+00
3.539822708270189189e+00 -3.157663746372614710e+00
3.620273224367239528e+00 -3.152677329795255723e+00
3.700723740464288980e+00 -3.149988222909398949e+00
3.781174256561339320e+00 -3.219063177170553125e+00
3.861624772658388771e+00 -3.294501733438395252e+00
3.942075288755438223e+00 -3.273958108738657113e+00
4.022525804852488562e+00 -3.215599645021772535e+00
4.102976320949538014e+00 -3.209522061637356760e+00
4.183426837046588354e+00 -3.269365798635782472e+00
4.263877353143637805e+00 -3.308474643376643876e+00
4.344327869240687257e+00 -3.282001192654088850e+00
4.424778385337737596e+00 -3.248858238225159845e+00
4.505228901434787048e+00 -3.220821807001702730e+00
4.585679417531836499e+00 -3.198031876986180411e+00
4.666129933628886839e+00 -3.192072058782227550e+00
4.746580449725936290e+00 -3.223388769977703738e+00
4.827030965822985742e+00 -3.246943780455603612e+00
4.907481481920036082e+00 -3.281249349278310135e+00
4.987931998017085533e+00 -3.285744859543006768e+00
5.068382514114135873e+00 -3.275608543835196951e+00
5.148833030211185324e+00 -3.245942530329321229e+00
5.229283546308234776e+00 -3.235151383004823522e+00
5.309734062405285115e+00 -3.252934357665334453e+00
5.390184578502334567e+00 -3.313434964944216077e+00
5.470635094599384018e+00 -3.327484594005008400e+00
5.551085610696433470e+00 -3.270693924587563028e+00
5.631536126793483810e+00 -3.222399315277211684e+00
5.711986642890533261e+00 -3.225570117784586799e+00
5.792437158987582713e+00 -3.268886950750868881e+00
5.872887675084633052e+00 -3.314024496663478203e+00
5.953338191181682504e+00 -3.333429193253958811e+00
6.033788707278731955e+00 -3.337792547019703626e+00
6.114239223375781407e+00 -3.337804259658348816e+00
6.194689739472831747e+00 -3.309764654196557743e+00
6.275140255569881198e+00 -3.288224412704578992e+00
6.355590771666931538e+00 -3.313052820860547865e+00
6.436041287763980989e+00 -3.314112429408348603e+00
6.516491803861030441e+00 -3.324863046650742060e+00
6.596942319958079892e+00 -3.336479509692229950e+00
6.677392836055131120e+00 -3.341870052902530475e+00
6.757843352152180572e+00 -3.349750221274759632e+00
6.838293868249230023e+00 -3.360210766717284248e+00
6.918744384346279475e+00 -3.338287324462356320e+00
6.999194900443328926e+00 -3.329758886774540905e+00
7.079645416540378378e+00 -3.332421653906850967e+00
7.160095932637429605e+00 -3.330264637971682706e+00
7.240546448734479057e+00 -3.320314579453930826e+00
7.320996964831528508e+00 -3.317340552076156968e+00
7.401447480928577960e+00 -3.326173360587234562e+00
7.481897997025627411e+00 -3.342261871170308929e+00
7.562348513122678639e+00 -3.348970178257790753e+00
7.642799029219728091e+00 -3.349897126974666239e+00
7.723249545316777542e+00 -3.355268744008987447e+00
7.803700061413826994e+00 -3.366704157271861231e+00
7.884150577510876445e+00 -3.378411509743239005e+00
7.964601093607927673e+00 -3.348408456064811745e+00
8.045051609704977125e+00 -3.339486881102268434e+00
8.125502125802025688e+00 -3.385152776268554042e+00
8.205952641899076028e+00 -3.415249632868764706e+00
8.286403157996124591e+00 -3.400456241278412062e+00
8.366853674093176707e+00 -3.368350367603717199e+00
8.447304190190225270e+00 -3.360073025806316505e+00
8.527754706287275610e+00 -3.372153792970225439e+00
8.608205222384324173e+00 -3.381513946353315703e+00
8.688655738481374513e+00 -3.361309888443208660e+00
8.769106254578423076e+00 -3.322026556136750131e+00
8.849556770675475192e+00 -3.296764386348200127e+00
8.930007286772523756e+00 -3.301367040163533328e+00
9.010457802869574095e+00 -3.332773474602094055e+00
9.090908318966622659e+00 -3.369333858877373356e+00
9.171358835063672998e+00 -3.380209072013872440e+00
9.251809351160723338e+00 -3.360027337195074626e+00
9.332259867257773678e+00 -3.346578972900211113e+00
9.412710383354822241e+00 -3.366838272541688770e+00
9.493160899451872581e+00 -3.389172474707582872e+00
9.573611415548921144e+00 -3.388062707599524437e+00
9.654061931645971484e+00 -3.390872265973885469e+00
9.734512447743021823e+00 -3.393537951639955530e+00
9.814962963840072163e+00 -3.395684385288056273e+00
9.895413479937120727e+00 -3.393833125075645274e+00
9.975863996034171066e+00 -3.400823541939067329e+00
1.005631451213121963e+01 -3.433506969697546207e+00
1.013676502822827175e+01 -3.470981944040136380e+00
1.021721554432532031e+01 -3.474332363758898978e+00
1.029766606042237065e+01 -3.464606506099319194e+00
