0.000000000000000000e+00 -1.549019599857431873e-01
8.045051609704977069e-02 -2.102182251524517820e-01
1.609010321940995414e-01 -6.485276722077113476e-01
2.413515482911492982e-01 -2.030592521343564716e+00
3.218020643881990828e-01 -2.086289979250127491e+00
4.022525804852488118e-01 -2.120793274178376819e+00
4.827030965822985964e-01 -2.417969478946814021e+00
5.631536126793483810e-01 -3.148075182142469064e+00
6.436041287763981655e-01 -3.406881177998774657e+00
7.240546448734478391e-01 -3.385925221901294968e+00
8.045051609704976237e-01 -3.464550316395062612e+00
8.849556770675472972e-01 -3.549269926138058029e+00
9.654061931645971928e-01 -3.592266313672932032e+00
1.045856709261647088e+00 -3.637353389693227967e+00
1.126307225358696762e+00 -3.616883067354630832e+00
1.206757741455746435e+00 -3.530437845618265680e+00
1.287208257552796331e+00 -3.451574838852199623e+00
1.367658773649846005e+00 -3.441554668065818667e+00
1.448109289746895678e+00 -3.443562054738186440e+00
1.528559805843945352e+00 -3.384492273014889641e+00
1.609010321940995247e+00 -3.326965877480112965e+00
1.689460838038045143e+00 -3.280981173605468815e+00
1.769911354135094594e+00 -3.226375713796767464e+00
1.850361870232144490e+00 -3.150006810565571858e+00
1.930812386329194386e+00 -3.063425850733870970e+00
2.011262902426244281e+00 -3.038288946123585355e+00
2.091713418523294177e+00 -3.064521754662871356e+00
2.172163934620343628e+00 -3.096660535924030011e+00
2.252614450717393524e+00 -3.129008752837050711e+00
2.333064966814443419e+00 -3.144531294674834498e+00
2.413515482911492871e+00 -3.137306247001662829e+00
2.493965999008542767e+00 -3.179994466418697208e+00
2.574416515105592662e+00 -3.220242381254863950e+00
2.654867031202642558e+00 -3.265642309487884809e+00
2.735317547299692009e+00 -3.318522043859257753e+00
2.815768063396741905e+00 -3.339113236775341775e+00
2.896218579493791356e+00 -3.361172036498183413e+00
2.976669095590841252e+00 -3.412870816129923934e+00
3.057119611687890703e+00 -3.448972096498550410e+00
3.137570127784940599e+00 -3.466435921817557109e+00
3.218020643881990495e+00 -3.456976295516142272e+00
3.298471159979039946e+00 -3.456772705343538643e+00
3.378921676076090286e+00 -3.463351615485287915e+00
3.459372192173139737e+00 -3.465905246875608192e+00
3.539822708270189189e+00 -3.430061643001631300e+00
3.620273224367239528e+00 -3.357203647829395621e+00
3.700723740464288980e+00 -3.346997835429075696e+00
3.781174256561339320e+00 -3.403343527188878781e+00
3.861624772658388771e+00 -3.430983177173653420e+00
3.942075288755438223e+00 -3.411908951422742309e+00
4.022525804852488562e+00 -3.380988631210296358e+00
4.102976320949538014e+00 -3.337845859467316600e+00
4.183426837046588354e+00 -3.331664726125927345e+00
4.263877353143637805e+00 -3.346635605933362623e+00
4.344327869240687257e+00 -3.335960559148332116e+00
4.424778385337737596e+00 -3.320564849293136778e+00
4.505228901434787048e+00 -3.355320827178231102e+00
4.585679417531836499e+00 -3.399698166697763035e+00
4.666129933628886839e+00 -3.390286531100489498e+00
4.746580449725936290e+00 -3.352187182675069099e+00
4.827030965822985742e+00 -3.348228740381721913e+00
4.907481481920036082e+00 -3.345483951720770399e+00
4.987931998017085533e+00 -3.343834230232789917e+00
5.068382514114135873e+00 -3.334845105694115741e+00
5.148833030211185324e+00 -3.328973838612010017e+00
5.229283546308234776e+00 -3.343797036200735651e+00
5.309734062405285115e+00 -3.376222323242454859e+00
5.390184578502334567e+00 -3.395409421453555510e+00
5.470635094599384018e+00 -3.378244285345201270e+00
5.551085610696433470e+00 -3.373682921289216541e+00
5.631536126793483810e+00 -3.395582710434740914e+00
5.711986642890533261e+00 -3.414176534549262954e+00
5.792437158987582713e+00 -3.410119393741404714e+00
5.872887675084633052e+00 -3.403150871180812498e+00
5.953338191181682504e+00 -3.400337200701859519e+00
6.033788707278731955e+00 -3.362237576037115705e+00
6.114239223375781407e+00 -3.345209538886626088e+00
6.194689739472831747e+00 -3.362121124380020643e+00
6.275140255569881198e+00 -3.385771292948558830e+00
6.355590771666931538e+00 -3.396768707024832690e+00
6.436041287763980989e+00 -3.380073180678856648e+00
6.516491803861030441e+00 -3.340719697100031471e+00
6.596942319958079892e+00 -3.332023458407955996e+00
6.677392836055131120e+00 -3.387978844113562094e+00
6.757843352152180572e+00 -3.437229103400000430e+00
6.838293868249230023e+00 -3.448710559098802975e+00
6.918744384346279475e+00 -3.445518324196277682e+00
6.999194900443328926e+00 -3.410794328886384896e+00
7.079645416540378378e+00 -3.383263223276552711e+00
7.160095932637429605e+00 -3.400685515573848239e+00
7.240546448734479057e+00 -3.406273664310373928e+00
7.320996964831528508e+00 -3.378930942102744250e+00
7.401447480928577960e+00 -3.387077890359711851e+00
7.481897997025627411e+00 -3.425175133267926775e+00
7.562348513122678639e+00 -3.433155371905869835e+00
7.642799029219728091e+00 -3.400491054369195076e+00
7.723249545316777542e+00 -3.380180654674184382e+00
7.803700061413826994e+00 -3.383460638976454327e+00
7.884150577510876445e+00 -3.385577034371888061e+00
7.964601093607927673e+00 -3.409729830365651360e+00
8.045051609704977125e+00 -3.424056476176351005e+00
8.125502125802025688e+00 -3.435113943919029023e+00
8.205952641899076028e+00 -3.446269430091562391e+00
8.286403157996124591e+00 -3.475594065699734614e+00
8.366853674093176707e+00 -3.498279865508712394e+00
8.447304190190225270e+00 -3.479814049573328294e+00
8.527754706287275610e+00 -3.442152041716972199e+00
8.608205222384324173e+00 -3.441430050894747961e+00
8.688655738481374513e+00 -3.465082595430452717e+00
8.769106254578423076e+00 -3.481739070814032555e+00
8.849556770675475192e+00 -3.464725962510085022e+00
8.930007286772523756e+00 -3.456166177675992213e+00
9.010457802869574095e+00 -3.450888008147529273e+00
9.090908318966622659e+00 -3.445010133494144533e+00
9.171358835063672998e+00 -3.449500118517805358e+00
9.251809351160723338e+00 -3.477576020978238702e+00
9.332259867257773678e+00 -3.484289817397833389e+00
9.412710383354822241e+00 -3.503775040806836660e+00
9.493160899451872581e+00 -3.516474005959909555e+00
9.573611415548921144e+00 -3.520409806077216874e+00
9.654061931645971484e+00 -3.488773271704056267e+00
9.734512447743021823e+00 -3.476462528337915359e+00
9.814962963840072163e+00 -3.473997309945611622e+00
9.895413479937120727e+00 -3.501286408020906737e+00
9.975863996034171066e+00 -3.533296366278489753e+00
1.005631451213121963e+01 -3.545033481884955595e+00
1.013676502822827175e+01 -3.533811279584679443e+00
1.021721554432532031e+01 -3.519920108516093826e+00
1.029766606042237065e+01 -3.526382838004651354e+00
