0.000000000000000000e+00 -1.549019599857431873e-01
8.045051609704977069e-02 -1.973049121825038998e-01
1.609010321940995414e-01 -5.956747478358469516e-01
2.413515482911492982e-01 -2.083592059074967029e+00
3.218020643881990828e-01 -2.590757497128844733e+00
4.022525804852488118e-01 -2.351187706279481038e+00
4.827030965822985964e-01 -2.635685435073752636e+00
5.631536126793483810e-01 -3.093022520113354101e+00
6.436041287763981655e-01 -3.382134084790404671e+00
7.240546448734478391e-01 -3.398089595950900765e+00
8.045051609704976237e-01 -3.352534316592170605e+00
8.849556770675472972e-01 -3.450198271319237175e+00
9.654061931645971928e-01 -3.576008771861420410e+00
1.045856709261647088e+00 -3.684375780178567705e+00
1.126307225358696762e+00 -3.671161008480887666e+00
1.206757741455746435e+00 -3.606780086646223182e+00
1.287208257552796331e+00 -3.554100556474322659e+00
1.367658773649846005e+00 -3.510030324829052528e+00
1.448109289746895678e+00 -3.450339129990055209e+00
1.528559805843945352e+00 -3.400209571831134703e+00
1.609010321940995247e+00 -3.385154428314976371e+00
1.689460838038045143e+00 -3.294220284363727824e+00
1.769911354135094594e+00 -3.158236043597641540e+00
1.850361870232144490e+00 -3.024777332881974257e+00
1.930812386329194386e+00 -2.941086941516091624e+00
2.011262902426244281e+00 -2.892043627876434098e+00
2.091713418523294177e+00 -2.900621401816686706e+00
2.172163934620343628e+00 -2.980235631520355533e+00
2.252614450717393524e+00 -3.079750569618762146e+00
2.333064966814443419e+00 -3.139483691092403550e+00
2.413515482911492871e+00 -3.240658979021471708e+00
2.493965999008542767e+00 -3.334686835916171432e+00
2.574416515105592662e+00 -3.387861734471211861e+00
2.654867031202642558e+00 -3.433170399382599047e+00
2.735317547299692009e+00 -3.470107662649901226e+00
2.815768063396741905e+00 -3.472941755627394045e+00
2.896218579493791356e+00 -3.483130348561539691e+00
2.976669095590841252e+00 -3.496137927321025352e+00
3.057119611687890703e+00 -3.488028176793779078e+00
3.137570127784940599e+00 -3.455279041648296801e+00
3.218020643881990495e+00 -3.446278197262124365e+00
3.298471159979039946e+00 -3.463429550068908291e+00
3.378921676076090286e+00 -3.473678160685358840e+00
3.459372192173139737e+00 -3.437694644565437052e+00
3.539822708270189189e+00 -3.383863733383492889e+00
3.620273224367239528e+00 -3.360876369362929328e+00
3.700723740464288980e+00 -3.375943211269090583e+00
3.781174256561339320e+00 -3.384461672306674718e+00
3.861624772658388771e+00 -3.370284173352334989e+00
3.942075288755438223e+00 -3.367335445715649467e+00
4.022525804852488562e+00 -3.339843581284279939e+00
4.102976320949538014e+00 -3.341901160414245009e+00
4.183426837046588354e+00 -3.332084688130927841e+00
4.263877353143637805e+00 -3.316466673244499397e+00
4.344327869240687257e+00 -3.308021506118947297e+00
4.424778385337737596e+00 -3.306614170367420336e+00
4.505228901434787048e+00 -3.316499165748474809e+00
4.585679417531836499e+00 -3.347566306010152815e+00
4.666129933628886839e+00 -3.364978287038925764e+00
4.746580449725936290e+00 -3.338822198221398807e+00
4.827030965822985742e+00 -3.345444351943084094e+00
4.907481481920036082e+00 -3.379100878413092257e+00
4.987931998017085533e+00 -3.387848544299568054e+00
5.068382514114135873e+00 -3.362111692007993646e+00
5.148833030211185324e+00 -3.367422250005114748e+00
5.229283546308234776e+00 -3.398535204097603568e+00
5.309734062405285115e+00 -3.417348090200380994e+00
5.390184578502334567e+00 -3.405569241952688397e+00
5.470635094599384018e+00 -3.361694920876939996e+00
5.551085610696433470e+00 -3.316446711153897997e+00
5.631536126793483810e+00 -3.295726889984001318e+00
5.711986642890533261e+00 -3.312886082876289606e+00
5.792437158987582713e+00 -3.331662173645309810e+00
5.872887675084633052e+00 -3.346855912073790851e+00
5.953338191181682504e+00 -3.373260697485286563e+00
6.033788707278731955e+00 -3.388079431602589509e+00
6.114239223375781407e+00 -3.364300003760124280e+00
6.194689739472831747e+00 -3.330176323872906075e+00
6.275140255569881198e+00 -3.330411072055798893e+00
6.355590771666931538e+00 -3.356268559095115567e+00
6.436041287763980989e+00 -3.379039806111239219e+00
6.516491803861030441e+00 -3.383634124613010830e+00
6.596942319958079892e+00 -3.385854062349109572e+00
6.677392836055131120e+00 -3.386060924252309867e+00
6.757843352152180572e+00 -3.380302926812452924e+00
6.838293868249230023e+00 -3.352163002823135951e+00
6.918744384346279475e+00 -3.376070350636780848e+00
6.999194900443328926e+00 -3.415561382599985762e+00
7.079645416540378378e+00 -3.424646971022780484e+00
7.160095932637429605e+00 -3.404133673560929996e+00
7.240546448734479057e+00 -3.388395786956111433e+00
7.320996964831528508e+00 -3.382498887580914548e+00
7.401447480928577960e+00 -3.378975478033107382e+00
7.481897997025627411e+00 -3.361089216592473505e+00
7.562348513122678639e+00 -3.341225657989625120e+00
7.642799029219728091e+00 -3.340019465798079956e+00
7.723249545316777542e+00 -3.355551227208203535e+00
7.803700061413826994e+00 -3.392783816359114191e+00
7.884150577510876445e+00 -3.430707302693045690e+00
7.964601093607927673e+00 -3.448842662200505949e+00
8.045051609704977125e+00 -3.463983179740070195e+00
8.125502125802025688e+00 -3.481721089434142602e+00
8.205952641899076028e+00 -3.472755223956505599e+00
8.286403157996124591e+00 -3.440184976588848809e+00
8.366853674093176707e+00 -3.416877295797591696e+00
8.447304190190225270e+00 -3.428881657032701646e+00
8.527754706287275610e+00 -3.453129773504206579e+00
8.608205222384324173e+00 -3.455787605209675650e+00
8.688655738481374513e+00 -3.447085300235895655e+00
8.769106254578423076e+00 -3.436333951955882871e+00
8.849556770675475192e+00 -3.426352567326177212e+00
8.930007286772523756e+00 -3.433913032640661278e+00
9.010457802869574095e+00 -3.444530309290180892e+00
9.090908318966622659e+00 -3.470186022942759685e+00
9.171358835063672998e+00 -3.498559322007727790e+00
9.251809351160723338e+00 -3.499577503472740325e+00
9.332259867257773678e+00 -3.469476779413033896e+00
9.412710383354822241e+00 -3.427040723974293712e+00
9.493160899451872581e+00 -3.408631885133810435e+00
9.573611415548921144e+00 -3.445016492930548235e+00
9.654061931645971484e+00 -3.478408967230033788e+00
9.734512447743021823e+00 -3.490486913942655089e+00
9.814962963840072163e+00 -3.489067799276781567e+00
9.895413479937120727e+00 -3.474030575396125364e+00
9.975863996034171066e+00 -3.468653777752663814e+00
1.005631451213121963e+01 -3.472570197472750309e+00
1.013676502822827175e+01 -3.484143790695384713e+00
1.021721554432532031e+01 -3.496241869405462666e+00
1.029766606042237065e+01 -3.488439677651486548e+00
