0.000000000000000000e+00 -1.549019599857431873e-01
8.045051609704977069e-02 -2.124007106038121873e-01
1.609010321940995414e-01 -6.530120680221892515e-01
2.413515482911492982e-01 -2.726382088639872858e+00
3.218020643881990828e-01 -2.839021774814824095e+00
4.022525804852488118e-01 -2.684212842369316565e+00
4.827030965822985964e-01 -2.772395828593051892e+00
5.631536126793483810e-01 -3.013363291255039655e+00
6.436041287763981655e-01 -3.279497350404537492e+00
7.240546448734478391e-01 -3.450757239755961603e+00
8.045051609704976237e-01 -3.537059362650902816e+00
8.849556770675472972e-01 -3.613655108305694696e+00
9.654061931645971928e-01 -3.691094866760410653e+00
1.045856709261647088e+00 -3.722784115159583962e+00
1.126307225358696762e+00 -3.691091700076692295e+00
1.206757741455746435e+00 -3.641342782369199060e+00
1.287208257552796331e+00 -3.607369169021671151e+00
1.367658773649846005e+00 -3.575641788570053770e+00
1.448109289746895678e+00 -3.511318241638041293e+00
1.528559805843945352e+00 -3.431856873134972119e+00
1.609010321940995247e+00 -3.356524359262806456e+00
1.689460838038045143e+00 -3.246180176287787766e+00
1.769911354135094594e+00 -3.111477935622028124e+00
1.850361870232144490e+00 -2.978204688329574079e+00
1.930812386329194386e+00 -2.906065673741532240e+00
2.011262902426244281e+00 -2.934773826361482651e+00
2.091713418523294177e+00 -3.029656571848805768e+00
2.172163934620343628e+00 -3.083953732638775147e+00
2.252614450717393524e+00 -3.141756001667875164e+00
2.333064966814443419e+00 -3.205618296899629627e+00
2.413515482911492871e+00 -3.276885804434691352e+00
2.493965999008542767e+00 -3.312036284250385432e+00
2.574416515105592662e+00 -3.310930305056715817e+00
2.654867031202642558e+00 -3.344543303356059649e+00
2.735317547299692009e+00 -3.384586077411785521e+00
2.815768063396741905e+00 -3.375710074994068499e+00
2.896218579493791356e+00 -3.384378389750481997e+00
2.976669095590841252e+00 -3.418483701452019297e+00
3.057119611687890703e+00 -3.408206358303776717e+00
3.137570127784940599e+00 -3.400410053858649917e+00
3.218020643881990495e+00 -3.356277639275032421e+00
3.298471159979039946e+00 -3.328582604690974112e+00
3.378921676076090286e+00 -3.348759480394372545e+00
3.459372192173139737e+00 -3.401647028526086469e+00
3.539822708270189189e+00 -3.418731624424333315e+00
3.620273224367239528e+00 -3.384063752295153105e+00
3.700723740464288980e+00 -3.380129114076161123e+00
3.781174256561339320e+00 -3.410518785986176749e+00
3.861624772658388771e+00 -3.401834892181918590e+00
3.942075288755438223e+00 -3.350590075931751066e+00
4.022525804852488562e+00 -3.326672106924263517e+00
4.102976320949538014e+00 -3.366467581628909578e+00
4.183426837046588354e+00 -3.398656944156646098e+00
4.263877353143637805e+00 -3.403554632756040199e+00
4.344327869240687257e+00 -3.369866257201486803e+00
4.424778385337737596e+00 -3.361197018513124579e+00
4.505228901434787048e+00 -3.348402190784036225e+00
4.585679417531836499e+00 -3.342633206814498159e+00
4.666129933628886839e+00 -3.353278422206289022e+00
4.746580449725936290e+00 -3.374382209307809077e+00
4.827030965822985742e+00 -3.399951506349358610e+00
4.907481481920036082e+00 -3.420259867030484013e+00
4.987931998017085533e+00 -3.407615197821223685e+00
5.068382514114135873e+00 -3.404525570574501003e+00
5.148833030211185324e+00 -3.427808513582408345e+00
5.229283546308234776e+00 -3.446269681489658510e+00
5.309734062405285115e+00 -3.405553313960691497e+00
5.390184578502334567e+00 -3.355156714558373388e+00
5.470635094599384018e+00 -3.371787110400662257e+00
5.551085610696433470e+00 -3.400752999421774447e+00
5.631536126793483810e+00 -3.380458069894864082e+00
5.711986642890533261e+00 -3.348512727502148234e+00
5.792437158987582713e+00 -3.327153056225292893e+00
5.872887675084633052e+00 -3.335692898765203029e+00
5.953338191181682504e+00 -3.365538278009386097e+00
6.033788707278731955e+00 -3.400110699007796278e+00
6.114239223375781407e+00 -3.411039096391774272e+00
6.194689739472831747e+00 -3.406964188438049046e+00
6.275140255569881198e+00 -3.380936999560625100e+00
6.355590771666931538e+00 -3.346839105369046941e+00
6.436041287763980989e+00 -3.351940538072203601e+00
6.516491803861030441e+00 -3.367873703791857576e+00
6.596942319958079892e+00 -3.364693319336900412e+00
6.677392836055131120e+00 -3.366996049014409298e+00
6.757843352152180572e+00 -3.377204841296676641e+00
6.838293868249230023e+00 -3.384088413000224005e+00
6.918744384346279475e+00 -3.397465434457644928e+00
6.999194900443328926e+00 -3.425871350103509627e+00
7.079645416540378378e+00 -3.445806412428800147e+00
7.160095932637429605e+00 -3.442549586778777204e+00
7.240546448734479057e+00 -3.415764096129465521e+00
7.320996964831528508e+00 -3.430197512075525257e+00
7.401447480928577960e+00 -3.440143936994289664e+00
7.481897997025627411e+00 -3.420522661084222094e+00
7.562348513122678639e+00 -3.421384220201884929e+00
7.642799029219728091e+00 -3.436882123490252905e+00
7.723249545316777542e+00 -3.439314581663559967e+00
7.803700061413826994e+00 -3.434754880175660219e+00
7.884150577510876445e+00 -3.449918685374692373e+00
7.964601093607927673e+00 -3.466245384052362599e+00
8.045051609704977125e+00 -3.455531876649107215e+00
8.125502125802025688e+00 -3.436466797748822355e+00
8.205952641899076028e+00 -3.433535118092141847e+00
8.286403157996124591e+00 -3.438496582989821082e+00
8.366853674093176707e+00 -3.456671426684597481e+00
8.447304190190225270e+00 -3.470381844585306741e+00
8.527754706287275610e+00 -3.482686713139291790e+00
8.608205222384324173e+00 -3.479279333207192515e+00
8.688655738481374513e+00 -3.469040349389651112e+00
8.769106254578423076e+00 -3.466021226742994621e+00
8.849556770675475192e+00 -3.468604764611571412e+00
8.930007286772523756e+00 -3.480297142665300658e+00
9.010457802869574095e+00 -3.495427160878039619e+00
9.090908318966622659e+00 -3.503096638626869819e+00
9.171358835063672998e+00 -3.512560732020420406e+00
9.251809351160723338e+00 -3.522163785323640717e+00
9.332259867257773678e+00 -3.512132286176275819e+00
9.412710383354822241e+00 -3.506441977217544359e+00
9.493160899451872581e+00 -3.502944154204701732e+00
9.573611415548921144e+00 -3.494689736554372317e+00
9.654061931645971484e+00 -3.463423066847286513e+00
9.734512447743021823e+00 -3.461072915411605333e+00
9.814962963840072163e+00 -3.483197846037297651e+00
9.895413479937120727e+00 -3.503677215912440968e+00
9.975863996034171066e+00 -3.515620149103472425e+00
1.005631451213121963e+01 -3.529622863210239547e+00
1.013676502822827175e+01 -3.540863170306292940e+00
1.021721554432532031e+01 -3.527326145229007004e+00
1.029766606042237065e+01 -3.520923910009603031e+00
