0.000000000000000000e+00 -1.549019599857431873e-01
8.045051609704977069e-02 -1.998960212407601966e-01
1.609010321940995414e-01 -5.735984414511425822e-01
2.413515482911492982e-01 -1.807041129712646077e+00
3.218020643881990828e-01 -2.103289592195682900e+00
4.022525804852488118e-01 -2.093767999067881469e+00
4.827030965822985964e-01 -2.310629231383517723e+00
5.631536126793483810e-01 -2.767712983080563127e+00
6.436041287763981655e-01 -3.241163028509905786e+00
7.240546448734478391e-01 -3.458307412327710662e+00
8.045051609704976237e-01 -3.580987114889650602e+00
8.849556770675472972e-01 -3.562242327895850824e+00
9.654061931645971928e-01 -3.517269394418360839e+00
1.045856709261647088e+00 -3.484168898656321289e+00
1.126307225358696762e+00 -3.513917701052843956e+00
1.206757741455746435e+00 -3.550496453534410790e+00
1.287208257552796331e+00 -3.583319289124490048e+00
1.367658773649846005e+00 -3.490515261730365637e+00
1.448109289746895678e+00 -3.329677978764436386e+00
1.528559805843945352e+00 -3.208440351234999710e+00
1.609010321940995247e+00 -3.147298593898497643e+00
1.689460838038045143e+00 -3.058601341198991630e+00
1.769911354135094594e+00 -2.937009198768359308e+00
1.850361870232144490e+00 -2.883606248715660847e+00
1.930812386329194386e+00 -2.844430820580733599e+00
2.011262902426244281e+00 -2.827016902749135863e+00
2.091713418523294177e+00 -2.875339940983216103e+00
2.172163934620343628e+00 -2.934251340133038344e+00
2.252614450717393524e+00 -2.957261919840192377e+00
2.333064966814443419e+00 -3.010051520354403820e+00
2.413515482911492871e+00 -3.099677853009784823e+00
2.493965999008542767e+00 -3.211856673932097728e+00
2.574416515105592662e+00 -3.310379206673619734e+00
2.654867031202642558e+00 -3.349275525718542035e+00
2.735317547299692009e+00 -3.364435584080699648e+00
2.815768063396741905e+00 -3.412089138910500807e+00
2.896218579493791356e+00 -3.487770272237820990e+00
2.976669095590841252e+00 -3.525013727583251821e+00
3.057119611687890703e+00 -3.478190913655152539e+00
3.137570127784940599e+00 -3.413443838262641084e+00
3.218020643881990495e+00 -3.419302930509153349e+00
3.298471159979039946e+00 -3.412167673037380666e+00
3.378921676076090286e+00 -3.359102206682342384e+00
3.459372192173139737e+00 -3.300298977321431071e+00
3.539822708270189189e+00 -3.317009117663620277e+00
3.620273224367239528e+00 -3.352231850945017300e+00
3.700723740464288980e+00 -3.336336556363143302e+00
3.781174256561339320e+00 -3.289835809603876893e+00
3.861624772658388771e+00 -3.260706213689025912e+00
3.942075288755438223e+00 -3.274873473896787957e+00
4.022525804852488562e+00 -3.299622520414911886e+00
4.102976320949538014e+00 -3.347564257489028972e+00
4.183426837046588354e+00 -3.354088483126123066e+00
4.263877353143637805e+00 -3.326922215312577702e+00
4.344327869240687257e+00 -3.315945424133101227e+00
4.424778385337737596e+00 -3.337777843374306386e+00
4.505228901434787048e+00 -3.369179854882292879e+00
4.585679417531836499e+00 -3.407442939296402962e+00
4.666129933628886839e+00 -3.422496267646139234e+00
4.746580449725936290e+00 -3.377840484433628276e+00
4.827030965822985742e+00 -3.349497285037947858e+00
4.907481481920036082e+00 -3.345057187008014132e+00
4.987931998017085533e+00 -3.355388478800231056e+00
5.068382514114135873e+00 -3.348927560310758000e+00
5.148833030211185324e+00 -3.332393352234098050e+00
5.229283546308234776e+00 -3.290873605859655715e+00
5.309734062405285115e+00 -3.248466029121604759e+00
5.390184578502334567e+00 -3.246403869414037135e+00
5.470635094599384018e+00 -3.295824356969029090e+00
5.551085610696433470e+00 -3.335850257450176937e+00
5.631536126793483810e+00 -3.367563630938118724e+00
5.711986642890533261e+00 -3.373812277453629438e+00
5.792437158987582713e+00 -3.370099498599674614e+00
5.872887675084633052e+00 -3.382423241229060018e+00
5.953338191181682504e+00 -3.380172283292967261e+00
6.033788707278731955e+00 -3.372457684450973492e+00
6.114239223375781407e+00 -3.399107425268080629e+00
6.194689739472831747e+00 -3.391895215748427894e+00
6.275140255569881198e+00 -3.387911802373169579e+00
6.355590771666931538e+00 -3.403595298811921133e+00
6.436041287763980989e+00 -3.407399400641239584e+00
6.516491803861030441e+00 -3.419953996447303357e+00
6.596942319958079892e+00 -3.435591113380318529e+00
6.677392836055131120e+00 -3.431498543902751663e+00
6.757843352152180572e+00 -3.423440792892900042e+00
6.838293868249230023e+00 -3.413142160891289745e+00
6.918744384346279475e+00 -3.401006132742129484e+00
6.999194900443328926e+00 -3.412172408040342830e+00
7.079645416540378378e+00 -3.439281650293546821e+00
7.160095932637429605e+00 -3.439500136387836804e+00
7.240546448734479057e+00 -3.431713362298609571e+00
7.320996964831528508e+00 -3.404589244671439641e+00
7.401447480928577960e+00 -3.360327023594461338e+00
7.481897997025627411e+00 -3.334019752385200874e+00
7.562348513122678639e+00 -3.377783478260952155e+00
7.642799029219728091e+00 -3.427904831914781791e+00
7.723249545316777542e+00 -3.425513510288718866e+00
7.803700061413826994e+00 -3.397809784851042014e+00
7.884150577510876445e+00 -3.399895577598879282e+00
7.964601093607927673e+00 -3.419986933452795252e+00
8.045051609704977125e+00 -3.420507932233464832e+00
8.125502125802025688e+00 -3.424153308272940066e+00
8.205952641899076028e+00 -3.431822500866615666e+00
8.286403157996124591e+00 -3.441202102303022148e+00
8.366853674093176707e+00 -3.440029425490804815e+00
8.447304190190225270e+00 -3.460868990405188583e+00
8.527754706287275610e+00 -3.467523271358822434e+00
8.608205222384324173e+00 -3.451470056586858792e+00
8.688655738481374513e+00 -3.444412786441570784e+00
8.769106254578423076e+00 -3.460102881331079683e+00
8.849556770675475192e+00 -3.471858447290346206e+00
8.930007286772523756e+00 -3.470174226559729735e+00
9.010457802869574095e+00 -3.468521542439181538e+00
9.090908318966622659e+00 -3.457356473316423262e+00
9.171358835063672998e+00 -3.447718904103089343e+00
9.251809351160723338e+00 -3.458969292472398926e+00
9.332259867257773678e+00 -3.465903140283370210e+00
9.412710383354822241e+00 -3.453059420894113885e+00
9.493160899451872581e+00 -3.431601614239398135e+00
9.573611415548921144e+00 -3.415265849380027419e+00
9.654061931645971484e+00 -3.432918060838149543e+00
9.734512447743021823e+00 -3.468134760359823154e+00
9.814962963840072163e+00 -3.504018901084076987e+00
9.895413479937120727e+00 -3.516922456605530378e+00
9.975863996034171066e+00 -3.523508877796445837e+00
1.005631451213121963e+01 -3.528740349388554520e+00
1.013676502822827175e+01 -3.531475745133727973e+00
1.021721554432532031e+01 -3.527620776534228231e+00
1.029766606042237065e+01 -3.524839202534052696e+00
