0.000000000000000000e+00 -1.549019599857431873e-01
8.045051609704977069e-02 -2.052009649751753706e-01
1.609010321940995414e-01 -6.328452901954982890e-01
2.413515482911492982e-01 -2.250128541012414551e+00
3.218020643881990828e-01 -2.323389720638671996e+00
4.022525804852488118e-01 -2.188512876056503575e+00
4.827030965822985964e-01 -2.367892750144466429e+00
5.631536126793483810e-01 -2.768968601156827969e+00
6.436041287763981655e-01 -3.135220956276839388e+00
7.240546448734478391e-01 -3.331855401948550899e+00
8.045051609704976237e-01 -3.457591825884064995e+00
8.849556770675472972e-01 -3.511709039226988960e+00
9.654061931645971928e-01 -3.530222135540939554e+00
1.045856709261647088e+00 -3.546568376852037296e+00
1.126307225358696762e+00 -3.510722486846230339e+00
1.206757741455746435e+00 -3.483565520676857652e+00
1.287208257552796331e+00 -3.464370824929949411e+00
1.367658773649846005e+00 -3.426759569244417047e+00
1.448109289746895678e+00 -3.358746070987860932e+00
1.528559805843945352e+00 -3.289477544059706826e+00
1.609010321940995247e+00 -3.226539574470368876e+00
1.689460838038045143e+00 -3.125396965083418799e+00
1.769911354135094594e+00 -3.026954479132180520e+00
1.850361870232144490e+00 -2.935735060480012759e+00
1.930812386329194386e+00 -2.874992105063734371e+00
2.011262902426244281e+00 -2.892509045564905623e+00
2.091713418523294177e+00 -2.965651776095425074e+00
2.172163934620343628e+00 -3.034162458905815818e+00
2.252614450717393524e+00 -3.036946436299596375e+00
2.333064966814443419e+00 -3.065781735458785295e+00
2.413515482911492871e+00 -3.180986974336226680e+00
2.493965999008542767e+00 -3.276814390972928148e+00
2.574416515105592662e+00 -3.301736017244779386e+00
2.654867031202642558e+00 -3.341623311617486713e+00
2.735317547299692009e+00 -3.381742821231306539e+00
2.815768063396741905e+00 -3.390771040424821692e+00
2.896218579493791356e+00 -3.393326442417146094e+00
2.976669095590841252e+00 -3.424827823883735078e+00
3.057119611687890703e+00 -3.438981951852377872e+00
3.137570127784940599e+00 -3.418000796371674976e+00
3.218020643881990495e+00 -3.367545022140866262e+00
3.298471159979039946e+00 -3.342012134921955369e+00
3.378921676076090286e+00 -3.363832762103875051e+00
3.459372192173139737e+00 -3.351929832958225219e+00
3.539822708270189189e+00 -3.350811460028856104e+00
3.620273224367239528e+00 -3.336732129184280637e+00
3.700723740464288980e+00 -3.298917611651501769e+00
3.781174256561339320e+00 -3.282661473726409707e+00
3.861624772658388771e+00 -3.314450607160686069e+00
3.942075288755438223e+00 -3.340325519725541259e+00
4.022525804852488562e+00 -3.355594124448543880e+00
4.102976320949538014e+00 -3.383954640857903318e+00
4.183426837046588354e+00 -3.387211617718820289e+00
4.263877353143637805e+00 -3.347887513369332435e+00
4.344327869240687257e+00 -3.310722005691754788e+00
4.424778385337737596e+00 -3.322205430784604285e+00
4.505228901434787048e+00 -3.374508079465896593e+00
4.585679417531836499e+00 -3.385743220024580058e+00
4.666129933628886839e+00 -3.357065412246969416e+00
4.746580449725936290e+00 -3.330944759622443740e+00
4.827030965822985742e+00 -3.385672158437571522e+00
4.907481481920036082e+00 -3.413309412246391616e+00
4.987931998017085533e+00 -3.412763007179878905e+00
5.068382514114135873e+00 -3.432025239295669383e+00
5.148833030211185324e+00 -3.440870819155359417e+00
5.229283546308234776e+00 -3.417949365971375109e+00
5.309734062405285115e+00 -3.387803225244755190e+00
5.390184578502334567e+00 -3.389162867762176123e+00
5.470635094599384018e+00 -3.394495507065929729e+00
5.551085610696433470e+00 -3.382490204264271494e+00
5.631536126793483810e+00 -3.358006976646247921e+00
5.711986642890533261e+00 -3.357144041003364610e+00
5.792437158987582713e+00 -3.387610110238364669e+00
5.872887675084633052e+00 -3.388121174495169807e+00
5.953338191181682504e+00 -3.362234043514155779e+00
6.033788707278731955e+00 -3.347678018634961283e+00
6.114239223375781407e+00 -3.334486619330700563e+00
6.194689739472831747e+00 -3.333541540683261140e+00
6.275140255569881198e+00 -3.330337856916393058e+00
6.355590771666931538e+00 -3.329456691436237126e+00
6.436041287763980989e+00 -3.332770021283614881e+00
6.516491803861030441e+00 -3.367689291852016709e+00
6.596942319958079892e+00 -3.404159009843336747e+00
6.677392836055131120e+00 -3.406149224559954725e+00
6.757843352152180572e+00 -3.389037644306450048e+00
6.838293868249230023e+00 -3.389854458372242085e+00
6.918744384346279475e+00 -3.409315827012445954e+00
6.999194900443328926e+00 -3.419542498691893417e+00
7.079645416540378378e+00 -3.408716765023717787e+00
7.160095932637429605e+00 -3.410880135278552050e+00
7.240546448734479057e+00 -3.420688722548245853e+00
7.320996964831528508e+00 -3.420256525918194956e+00
7.401447480928577960e+00 -3.410834163103846794e+00
7.481897997025627411e+00 -3.421486872497212062e+00
7.562348513122678639e+00 -3.415816347416209542e+00
7.642799029219728091e+00 -3.408623774829088848e+00
7.723249545316777542e+00 -3.429291997244634516e+00
7.803700061413826994e+00 -3.435057967372286747e+00
7.884150577510876445e+00 -3.423553631982402923e+00
7.964601093607927673e+00 -3.397497826066165239e+00
8.045051609704977125e+00 -3.393114908814251596e+00
8.125502125802025688e+00 -3.426159956330913747e+00
8.205952641899076028e+00 -3.446425219944338814e+00
8.286403157996124591e+00 -3.435213258618699861e+00
8.366853674093176707e+00 -3.446269828269600932e+00
8.447304190190225270e+00 -3.461288133091051211e+00
8.527754706287275610e+00 -3.461799764108106192e+00
8.608205222384324173e+00 -3.435951702080110692e+00
8.688655738481374513e+00 -3.417063838153550748e+00
8.769106254578423076e+00 -3.436307031080457097e+00
8.849556770675475192e+00 -3.473683467491365917e+00
8.930007286772523756e+00 -3.476368479781136056e+00
9.010457802869574095e+00 -3.471354262785603773e+00
9.090908318966622659e+00 -3.482616641544093117e+00
9.171358835063672998e+00 -3.494259187038900816e+00
9.251809351160723338e+00 -3.488118757747260990e+00
9.332259867257773678e+00 -3.468361834884484907e+00
9.412710383354822241e+00 -3.473264959993311862e+00
9.493160899451872581e+00 -3.500742968787201370e+00
9.573611415548921144e+00 -3.533427745289527966e+00
9.654061931645971484e+00 -3.557561958136290503e+00
9.734512447743021823e+00 -3.560561291554853014e+00
9.814962963840072163e+00 -3.535809039092268069e+00
9.895413479937120727e+00 -3.534453226216484722e+00
9.975863996034171066e+00 -3.551783210254854328e+00
1.005631451213121963e+01 -3.551592936152840441e+00
1.013676502822827175e+01 -3.545531244391588732e+00
1.021721554432532031e+01 -3.527857269291104991e+00
1.029766606042237065e+01 -3.531717109719395342e+00
