0.000000000000000000e+00 -1.549019599857431873e-01
8.045051609704977069e-02 -2.117676433526914648e-01
1.609010321940995414e-01 -6.019876583719743213e-01
2.413515482911492982e-01 -1.864286184561317672e+00
3.218020643881990828e-01 -2.385059188964186117e+00
4.022525804852488118e-01 -2.411423499935025472e+00
4.827030965822985964e-01 -2.721700050135031024e+00
5.631536126793483810e-01 -3.119148083355746781e+00
6.436041287763981655e-01 -3.311358777668201192e+00
7.240546448734478391e-01 -3.473192659340128774e+00
8.045051609704976237e-01 -3.645489883175816903e+00
8.849556770675472972e-01 -3.662951581553520075e+00
9.654061931645971928e-01 -3.620716012353054403e+00
1.045856709261647088e+00 -3.605384065092335888e+00
1.126307225358696762e+00 -3.661107161865071014e+00
1.206757741455746435e+00 -3.675701644725005046e+00
1.287208257552796331e+00 -3.583597048505021920e+00
1.367658773649846005e+00 -3.479301731038915158e+00
1.448109289746895678e+00 -3.409640483120430332e+00
1.528559805843945352e+00 -3.373468981415491008e+00
1.609010321940995247e+00 -3.323546148376966158e+00
1.689460838038045143e+00 -3.251960313600466002e+00
1.769911354135094594e+00 -3.177135680675133855e+00
1.850361870232144490e+00 -3.126902520660018059e+00
1.930812386329194386e+00 -3.065892277164258939e+00
2.011262902426244281e+00 -3.022394384462373296e+00
2.091713418523294177e+00 -3.028694095734746128e+00
2.172163934620343628e+00 -3.056986049917140846e+00
2.252614450717393524e+00 -3.082385367187078895e+00
2.333064966814443419e+00 -3.126866339068027134e+00
2.413515482911492871e+00 -3.193878041419125235e+00
2.493965999008542767e+00 -3.254419539308961884e+00
2.574416515105592662e+00 -3.261743720526724122e+00
2.654867031202642558e+00 -3.226643115575972054e+00
2.735317547299692009e+00 -3.210840558107747711e+00
2.815768063396741905e+00 -3.246059165025882098e+00
2.896218579493791356e+00 -3.330557126448569605e+00
2.976669095590841252e+00 -3.405186762569099912e+00
3.057119611687890703e+00 -3.441948082761468797e+00
3.137570127784940599e+00 -3.422926820259684533e+00
3.218020643881990495e+00 -3.377290835632696275e+00
3.298471159979039946e+00 -3.390050682789996106e+00
3.378921676076090286e+00 -3.404084335381341919e+00
3.459372192173139737e+00 -3.436099959214855115e+00
3.539822708270189189e+00 -3.412221758829265372e+00
3.620273224367239528e+00 -3.386438919177162887e+00
3.700723740464288980e+00 -3.422941306723129795e+00
3.781174256561339320e+00 -3.401559689844455558e+00
3.861624772658388771e+00 -3.383425002767351142e+00
3.942075288755438223e+00 -3.384284727996210940e+00
4.022525804852488562e+00 -3.379105254177573237e+00
4.102976320949538014e+00 -3.363993724958474374e+00
4.183426837046588354e+00 -3.360473427133756186e+00
4.263877353143637805e+00 -3.394708114608227856e+00
4.344327869240687257e+00 -3.435800412126884584e+00
4.424778385337737596e+00 -3.452295051833265571e+00
4.505228901434787048e+00 -3.438827829603750441e+00
4.585679417531836499e+00 -3.419284579316577144e+00
4.666129933628886839e+00 -3.402312105135834930e+00
4.746580449725936290e+00 -3.383484816250350580e+00
4.827030965822985742e+00 -3.348642155995899206e+00
4.907481481920036082e+00 -3.327329812204126824e+00
4.987931998017085533e+00 -3.332354843325759042e+00
5.068382514114135873e+00 -3.365606081894899848e+00
5.148833030211185324e+00 -3.400331435244583478e+00
5.229283546308234776e+00 -3.421902078622073962e+00
5.309734062405285115e+00 -3.403867365385768728e+00
5.390184578502334567e+00 -3.387860625283519944e+00
5.470635094599384018e+00 -3.383660865172525067e+00
5.551085610696433470e+00 -3.361786408030577711e+00
5.631536126793483810e+00 -3.349041944926782310e+00
5.711986642890533261e+00 -3.365991671209829672e+00
5.792437158987582713e+00 -3.380156192612575161e+00
5.872887675084633052e+00 -3.378902987142063274e+00
5.953338191181682504e+00 -3.385372140063890978e+00
6.033788707278731955e+00 -3.407545424602016038e+00
6.114239223375781407e+00 -3.436575200741033953e+00
6.194689739472831747e+00 -3.431600304371174470e+00
6.275140255569881198e+00 -3.418416725284555646e+00
6.355590771666931538e+00 -3.400525364451600030e+00
6.436041287763980989e+00 -3.389803079330785618e+00
6.516491803861030441e+00 -3.391956806604129238e+00
6.596942319958079892e+00 -3.404305058883751567e+00
6.677392836055131120e+00 -3.397150818857493260e+00
6.757843352152180572e+00 -3.408934424354203685e+00
6.838293868249230023e+00 -3.414527701320633657e+00
6.918744384346279475e+00 -3.391322342690688441e+00
6.999194900443328926e+00 -3.357671860604705572e+00
7.079645416540378378e+00 -3.377099819435607664e+00
7.160095932637429605e+00 -3.420164158636505025e+00
7.240546448734479057e+00 -3.425717768773649752e+00
7.320996964831528508e+00 -3.390929913100001691e+00
7.401447480928577960e+00 -3.365913721682511461e+00
7.481897997025627411e+00 -3.381192326021260186e+00
7.562348513122678639e+00 -3.428366868741128837e+00
7.642799029219728091e+00 -3.447255612625192978e+00
7.723249545316777542e+00 -3.442185242970350334e+00
7.803700061413826994e+00 -3.435021862467525278e+00
7.884150577510876445e+00 -3.449702041525364304e+00
7.964601093607927673e+00 -3.469468056913948661e+00
8.045051609704977125e+00 -3.462682578025466196e+00
8.125502125802025688e+00 -3.443584548033697068e+00
8.205952641899076028e+00 -3.431295755191253960e+00
8.286403157996124591e+00 -3.425498513346032503e+00
8.366853674093176707e+00 -3.411115562785187461e+00
8.447304190190225270e+00 -3.415687232829045072e+00
8.527754706287275610e+00 -3.410895333283723296e+00
8.608205222384324173e+00 -3.398748641915637414e+00
8.688655738481374513e+00 -3.396932965770574686e+00
8.769106254578423076e+00 -3.400884692700067546e+00
8.849556770675475192e+00 -3.419362138378277738e+00
8.930007286772523756e+00 -3.441539655556264066e+00
9.010457802869574095e+00 -3.471292370144927641e+00
9.090908318966622659e+00 -3.512445005956772448e+00
9.171358835063672998e+00 -3.530358215688609747e+00
9.251809351160723338e+00 -3.535605421748531541e+00
9.332259867257773678e+00 -3.525114116858540037e+00
9.412710383354822241e+00 -3.515224191400626363e+00
9.493160899451872581e+00 -3.505774213599281097e+00
9.573611415548921144e+00 -3.526297351727407658e+00
9.654061931645971484e+00 -3.537576394034803506e+00
9.734512447743021823e+00 -3.543607067370858843e+00
9.814962963840072163e+00 -3.543990936557735782e+00
9.895413479937120727e+00 -3.544551268536609623e+00
9.975863996034171066e+00 -3.540459049024621052e+00
1.005631451213121963e+01 -3.526265429867331491e+00
1.013676502822827175e+01 -3.509372630838134555e+00
1.021721554432532031e+01 -3.509316396266283444e+00
1.029766606042237065e+01 -3.530784564100667211e+00
