0.000000000000000000e+00 -1.549019599857431873e-01
8.045051609704977069e-02 -2.123831217119675208e-01
1.609010321940995414e-01 -6.427332674497239218e-01
2.413515482911492982e-01 -1.891521957823630418e+00
3.218020643881990828e-01 -2.058694123421648037e+00
4.022525804852488118e-01 -2.092155354085132313e+00
4.827030965822985964e-01 -2.393895016579038693e+00
5.631536126793483810e-01 -3.163183684851466726e+00
6.436041287763981655e-01 -3.328520494083706094e+00
7.240546448734478391e-01 -3.311620729345966740e+00
8.045051609704976237e-01 -3.428809994531524019e+00
8.849556770675472972e-01 -3.509631501507926910e+00
9.654061931645971928e-01 -3.414112905427234779e+00
1.045856709261647088e+00 -3.367791979772913002e+00
1.126307225358696762e+00 -3.430082017581709497e+00
1.206757741455746435e+00 -3.431605505319796912e+00
1.287208257552796331e+00 -3.343223349133261024e+00
1.367658773649846005e+00 -3.336815998754183443e+00
1.448109289746895678e+00 -3.447018902839785515e+00
1.528559805843945352e+00 -3.510643767423714312e+00
1.609010321940995247e+00 -3.442306707983203040e+00
1.689460838038045143e+00 -3.325844021857141453e+00
1.769911354135094594e+00 -3.196947485894837016e+00
1.850361870232144490e+00 -3.101199981418369056e+00
1.930812386329194386e+00 -3.037528781294017044e+00
2.011262902426244281e+00 -2.983116011836679071e+00
2.091713418523294177e+00 -2.939302627719571959e+00
2.172163934620343628e+00 -2.962755930678516503e+00
2.252614450717393524e+00 -2.992376077240223697e+00
2.333064966814443419e+00 -3.027774741242170276e+00
2.413515482911492871e+00 -3.085659724605478882e+00
2.493965999008542767e+00 -3.172609411610526120e+00
2.574416515105592662e+00 -3.246080076515489132e+00
2.654867031202642558e+00 -3.286599903243324849e+00
2.735317547299692009e+00 -3.303107416177060607e+00
2.815768063396741905e+00 -3.315913082845918236e+00
2.896218579493791356e+00 -3.342104988945544974e+00
2.976669095590841252e+00 -3.382413019830318834e+00
3.057119611687890703e+00 -3.404099020893676109e+00
3.137570127784940599e+00 -3.399298353983558396e+00
3.218020643881990495e+00 -3.384880501059929880e+00
3.298471159979039946e+00 -3.398045703475566004e+00
3.378921676076090286e+00 -3.458414614058259673e+00
3.459372192173139737e+00 -3.422941384624122563e+00
3.539822708270189189e+00 -3.342455896370108093e+00
3.620273224367239528e+00 -3.354586988540466219e+00
3.700723740464288980e+00 -3.399575924286857731e+00
3.781174256561339320e+00 -3.389265930195340726e+00
3.861624772658388771e+00 -3.332571575423026733e+00
3.942075288755438223e+00 -3.303340211294411244e+00
4.022525804852488562e+00 -3.328665005066778537e+00
4.102976320949538014e+00 -3.340130197399301615e+00
4.183426837046588354e+00 -3.335470841327945912e+00
4.263877353143637805e+00 -3.331003825487194092e+00
4.344327869240687257e+00 -3.338198994642944673e+00
4.424778385337737596e+00 -3.353960379654279400e+00
4.505228901434787048e+00 -3.360993566044687242e+00
4.585679417531836499e+00 -3.349074163396188908e+00
4.666129933628886839e+00 -3.346864040413513042e+00
4.746580449725936290e+00 -3.342325994739334227e+00
4.827030965822985742e+00 -3.330499823971049267e+00
4.907481481920036082e+00 -3.316607695241077458e+00
4.987931998017085533e+00 -3.332383704512595912e+00
5.068382514114135873e+00 -3.355012870009765447e+00
5.148833030211185324e+00 -3.342981285039776207e+00
5.229283546308234776e+00 -3.341369589345045021e+00
5.309734062405285115e+00 -3.369802261033904678e+00
5.390184578502334567e+00 -3.387757110476370404e+00
5.470635094599384018e+00 -3.390892413616077850e+00
5.551085610696433470e+00 -3.390971582309072474e+00
5.631536126793483810e+00 -3.377553806249838253e+00
5.711986642890533261e+00 -3.369805325710150790e+00
5.792437158987582713e+00 -3.380266429575493170e+00
5.872887675084633052e+00 -3.370557347413993821e+00
5.953338191181682504e+00 -3.382435264865193414e+00
6.033788707278731955e+00 -3.391283402642520706e+00
6.114239223375781407e+00 -3.396993266178359505e+00
6.194689739472831747e+00 -3.394283738079916013e+00
6.275140255569881198e+00 -3.376679641061160364e+00
6.355590771666931538e+00 -3.389984828803281225e+00
6.436041287763980989e+00 -3.405299817164632259e+00
6.516491803861030441e+00 -3.406439327852242016e+00
6.596942319958079892e+00 -3.386153562338857448e+00
6.677392836055131120e+00 -3.376186029958727630e+00
6.757843352152180572e+00 -3.372539093585612324e+00
6.838293868249230023e+00 -3.381159536184338066e+00
6.918744384346279475e+00 -3.383068789298279366e+00
6.999194900443328926e+00 -3.377697622606029793e+00
7.079645416540378378e+00 -3.365423039862391441e+00
7.160095932637429605e+00 -3.375722202784898318e+00
7.240546448734479057e+00 -3.391669893321278551e+00
7.320996964831528508e+00 -3.403230805304775952e+00
7.401447480928577960e+00 -3.401058350614607484e+00
7.481897997025627411e+00 -3.396219845038592755e+00
7.562348513122678639e+00 -3.405032028732401184e+00
7.642799029219728091e+00 -3.448426138243556149e+00
7.723249545316777542e+00 -3.448443255599371593e+00
7.803700061413826994e+00 -3.416070485000210599e+00
7.884150577510876445e+00 -3.414520655613661582e+00
7.964601093607927673e+00 -3.429621056056436412e+00
8.045051609704977125e+00 -3.408674422859828468e+00
8.125502125802025688e+00 -3.432476437538310776e+00
8.205952641899076028e+00 -3.490975546258162865e+00
8.286403157996124591e+00 -3.512699083096772590e+00
8.366853674093176707e+00 -3.482137522531149276e+00
8.447304190190225270e+00 -3.447711125518309050e+00
8.527754706287275610e+00 -3.453167117195365066e+00
8.608205222384324173e+00 -3.474417730266913029e+00
8.688655738481374513e+00 -3.471590965312914889e+00
8.769106254578423076e+00 -3.476269011705986234e+00
8.849556770675475192e+00 -3.480932090284297065e+00
8.930007286772523756e+00 -3.474246712768992218e+00
9.010457802869574095e+00 -3.455074205208156446e+00
9.090908318966622659e+00 -3.477625693383435301e+00
9.171358835063672998e+00 -3.507179927784870088e+00
9.251809351160723338e+00 -3.513107360549776903e+00
9.332259867257773678e+00 -3.512786655980047357e+00
9.412710383354822241e+00 -3.548008530998416621e+00
9.493160899451872581e+00 -3.581374662846303014e+00
9.573611415548921144e+00 -3.579782284252553737e+00
9.654061931645971484e+00 -3.545467506812340464e+00
9.734512447743021823e+00 -3.532471635421166933e+00
9.814962963840072163e+00 -3.526285835995948581e+00
9.895413479937120727e+00 -3.530537627896834785e+00
9.975863996034171066e+00 -3.545967228141021277e+00
1.005631451213121963e+01 -3.572649437305457809e+00
1.013676502822827175e+01 -3.598973152209798076e+00
1.021721554432532031e+01 -3.609430840547803943e+00
1.029766606042237065e+01 -3.614583921930354382e+00
