0.000000000000000000e+00 -1.549019599857431873e-01
8.045051609704977069e-02 -1.930608270858295006e-01
1.609010321940995414e-01 -5.384423265414990389e-01
2.413515482911492982e-01 -1.433731263417334256e+00
3.218020643881990828e-01 -1.892882550415044163e+00
4.022525804852488118e-01 -1.945046453879862636e+00
4.827030965822985964e-01 -2.265533179599569014e+00
5.631536126793483810e-01 -2.739876790443524612e+00
6.436041287763981655e-01 -3.073611833414639172e+00
7.240546448734478391e-01 -3.341751618625803388e+00
8.045051609704976237e-01 -3.488045101836262596e+00
8.849556770675472972e-01 -3.495868477853594669e+00
9.654061931645971928e-01 -3.400607111869967447e+00
1.045856709261647088e+00 -3.368835627348162109e+00
1.126307225358696762e+00 -3.404791100645264912e+00
1.206757741455746435e+00 -3.442158513693873712e+00
1.287208257552796331e+00 -3.480008529436638298e+00
1.367658773649846005e+00 -3.506668338381193628e+00
1.448109289746895678e+00 -3.453200004043138094e+00
1.528559805843945352e+00 -3.374933795624743382e+00
1.609010321940995247e+00 -3.285344041362375123e+00
1.689460838038045143e+00 -3.131221651828305585e+00
1.769911354135094594e+00 -3.008751147911399304e+00
1.850361870232144490e+00 -2.918782209214103140e+00
1.930812386329194386e+00 -2.880748612934402431e+00
2.011262902426244281e+00 -2.936357346847216832e+00
2.091713418523294177e+00 -3.050773407981230534e+00
2.172163934620343628e+00 -3.111880278880955419e+00
2.252614450717393524e+00 -3.136046801463229894e+00
2.333064966814443419e+00 -3.163831103819876756e+00
2.413515482911492871e+00 -3.228667098539477642e+00
2.493965999008542767e+00 -3.327698703257064405e+00
2.574416515105592662e+00 -3.371384846148246517e+00
2.654867031202642558e+00 -3.396191978594137240e+00
2.735317547299692009e+00 -3.441646998812215141e+00
2.815768063396741905e+00 -3.499311287370189483e+00
2.896218579493791356e+00 -3.523322523879446333e+00
2.976669095590841252e+00 -3.485394867845112099e+00
3.057119611687890703e+00 -3.443852702292196089e+00
3.137570127784940599e+00 -3.435626588338381193e+00
3.218020643881990495e+00 -3.442141940832103231e+00
3.298471159979039946e+00 -3.436192011730514473e+00
3.378921676076090286e+00 -3.356340008432501687e+00
3.459372192173139737e+00 -3.274166502919780619e+00
3.539822708270189189e+00 -3.268438951588028996e+00
3.620273224367239528e+00 -3.298750325162878028e+00
3.700723740464288980e+00 -3.307164747317061337e+00
3.781174256561339320e+00 -3.303623111394949685e+00
3.861624772658388771e+00 -3.316846693895083131e+00
3.942075288755438223e+00 -3.341228620475349409e+00
4.022525804852488562e+00 -3.385459394111705933e+00
4.102976320949538014e+00 -3.420254297625537010e+00
4.183426837046588354e+00 -3.421988912904307067e+00
4.263877353143637805e+00 -3.437603977016786772e+00
4.344327869240687257e+00 -3.443009652235024642e+00
4.424778385337737596e+00 -3.439719128207508803e+00
4.505228901434787048e+00 -3.419236823697200389e+00
4.585679417531836499e+00 -3.426477357648047839e+00
4.666129933628886839e+00 -3.429624932782723512e+00
4.746580449725936290e+00 -3.399514940228710369e+00
4.827030965822985742e+00 -3.375768758297710725e+00
4.907481481920036082e+00 -3.388582721593505376e+00
4.987931998017085533e+00 -3.362859890300892385e+00
5.068382514114135873e+00 -3.349829260188487812e+00
5.148833030211185324e+00 -3.332426175144999281e+00
5.229283546308234776e+00 -3.315344017541392407e+00
5.309734062405285115e+00 -3.301908052430746476e+00
5.390184578502334567e+00 -3.288191207462208165e+00
5.470635094599384018e+00 -3.280078856057206949e+00
5.551085610696433470e+00 -3.289567733248206505e+00
5.631536126793483810e+00 -3.316766729537066638e+00
5.711986642890533261e+00 -3.338940961664972118e+00
5.792437158987582713e+00 -3.319963928174533230e+00
5.872887675084633052e+00 -3.307753007568408066e+00
5.953338191181682504e+00 -3.303554068914225095e+00
6.033788707278731955e+00 -3.309911074142154241e+00
6.114239223375781407e+00 -3.307313513580103503e+00
6.194689739472831747e+00 -3.295571613339198347e+00
6.275140255569881198e+00 -3.275280188510007129e+00
6.355590771666931538e+00 -3.269641163276011842e+00
6.436041287763980989e+00 -3.286620311665863881e+00
6.516491803861030441e+00 -3.310715325460747760e+00
6.596942319958079892e+00 -3.315865324870163278e+00
6.677392836055131120e+00 -3.326708855818073296e+00
6.757843352152180572e+00 -3.332806701112108527e+00
6.838293868249230023e+00 -3.340136908778035263e+00
6.918744384346279475e+00 -3.353854359526292850e+00
6.999194900443328926e+00 -3.379355681757304275e+00
7.079645416540378378e+00 -3.404695451365828518e+00
7.160095932637429605e+00 -3.408529098476950736e+00
7.240546448734479057e+00 -3.383500195408144062e+00
7.320996964831528508e+00 -3.374405673885376711e+00
7.401447480928577960e+00 -3.371082797906164608e+00
7.481897997025627411e+00 -3.384837533097581286e+00
7.562348513122678639e+00 -3.407460476001579419e+00
7.642799029219728091e+00 -3.424666041864962374e+00
7.723249545316777542e+00 -3.410191957597218604e+00
7.803700061413826994e+00 -3.385143923804422972e+00
7.884150577510876445e+00 -3.396327378570838107e+00
7.964601093607927673e+00 -3.422559199566259647e+00
8.045051609704977125e+00 -3.446614059824910647e+00
8.125502125802025688e+00 -3.447007307296859668e+00
8.205952641899076028e+00 -3.452860784366819757e+00
8.286403157996124591e+00 -3.428852758588798899e+00
8.366853674093176707e+00 -3.402632709092776597e+00
8.447304190190225270e+00 -3.411163357177512179e+00
8.527754706287275610e+00 -3.418542178125795417e+00
8.608205222384324173e+00 -3.439711735708165019e+00
8.688655738481374513e+00 -3.482913420907188584e+00
8.769106254578423076e+00 -3.517645364656808660e+00
8.849556770675475192e+00 -3.515113336173732339e+00
8.930007286772523756e+00 -3.519545548576392680e+00
9.010457802869574095e+00 -3.515314629957515979e+00
9.090908318966622659e+00 -3.507971782153633367e+00
9.171358835063672998e+00 -3.502979332721378736e+00
9.251809351160723338e+00 -3.485493800754043470e+00
9.332259867257773678e+00 -3.476158458011226582e+00
9.412710383354822241e+00 -3.470685060896462115e+00
9.493160899451872581e+00 -3.488684925574207618e+00
9.573611415548921144e+00 -3.500646454169559885e+00
9.654061931645971484e+00 -3.475289425869388715e+00
9.734512447743021823e+00 -3.465154100583204499e+00
9.814962963840072163e+00 -3.464163366753748807e+00
9.895413479937120727e+00 -3.484765584789490056e+00
9.975863996034171066e+00 -3.506248883713740661e+00
1.005631451213121963e+01 -3.499229975902785839e+00
1.013676502822827175e+01 -3.497902577372251187e+00
1.021721554432532031e+01 -3.532130043851371859e+00
1.029766606042237065e+01 -3.549929591157494624e+00
