0.000000000000000000e+00 -1.549019599857431873e-01
8.045051609704977069e-02 -1.871251707651273577e-01
1.609010321940995414e-01 -5.064323444372617056e-01
2.413515482911492982e-01 -1.962649039557027519e+00
3.218020643881990828e-01 -2.815231005900476813e+00
4.022525804852488118e-01 -2.635739267074298287e+00
4.827030965822985964e-01 -2.689351348022646970e+00
5.631536126793483810e-01 -2.934919544549441373e+00
6.436041287763981655e-01 -3.219837208425883279e+00
7.240546448734478391e-01 -3.334872560232787109e+00
8.045051609704976237e-01 -3.372965294836860473e+00
8.849556770675472972e-01 -3.460471856111422273e+00
9.654061931645971928e-01 -3.571011672802368420e+00
1.045856709261647088e+00 -3.689342234470309734e+00
1.126307225358696762e+00 -3.723988861774080394e+00
1.206757741455746435e+00 -3.687046298728005045e+00
1.287208257552796331e+00 -3.623737224652288980e+00
1.367658773649846005e+00 -3.497868840768162180e+00
1.448109289746895678e+00 -3.371401122708359122e+00
1.528559805843945352e+00 -3.277651648691853215e+00
1.609010321940995247e+00 -3.184589984596478018e+00
1.689460838038045143e+00 -3.104746552189601161e+00
1.769911354135094594e+00 -3.041243823314513595e+00
1.850361870232144490e+00 -3.013434654679690183e+00
1.930812386329194386e+00 -3.009532106145114572e+00
2.011262902426244281e+00 -3.007425547660999232e+00
2.091713418523294177e+00 -3.010969038405850728e+00
2.172163934620343628e+00 -3.061284547759671959e+00
2.252614450717393524e+00 -3.127404840070604486e+00
2.333064966814443419e+00 -3.189383163370473007e+00
2.413515482911492871e+00 -3.274038261714417253e+00
2.493965999008542767e+00 -3.365219765920456574e+00
2.574416515105592662e+00 -3.346422031110090067e+00
2.654867031202642558e+00 -3.312451297216422397e+00
2.735317547299692009e+00 -3.335800674492579887e+00
2.815768063396741905e+00 -3.403116732670032007e+00
2.896218579493791356e+00 -3.443382652659711773e+00
2.976669095590841252e+00 -3.427758407790280515e+00
3.057119611687890703e+00 -3.401306180877994745e+00
3.137570127784940599e+00 -3.389986024736002967e+00
3.218020643881990495e+00 -3.364549463893568682e+00
3.298471159979039946e+00 -3.320149752605984883e+00
3.378921676076090286e+00 -3.281560432468024757e+00
3.459372192173139737e+00 -3.279797921696442131e+00
3.539822708270189189e+00 -3.304650966409311330e+00
3.620273224367239528e+00 -3.350189465933249622e+00
3.700723740464288980e+00 -3.381498852452127224e+00
3.781174256561339320e+00 -3.384900760042694579e+00
3.861624772658388771e+00 -3.405475852542937609e+00
3.942075288755438223e+00 -3.422960666531371210e+00
4.022525804852488562e+00 -3.416316404957082664e+00
4.102976320949538014e+00 -3.376467614479017332e+00
4.183426837046588354e+00 -3.351736417017896041e+00
4.263877353143637805e+00 -3.374404231540258259e+00
4.344327869240687257e+00 -3.429477881572508213e+00
4.424778385337737596e+00 -3.492724599151719289e+00
4.505228901434787048e+00 -3.528228744995285382e+00
4.585679417531836499e+00 -3.506019559946966790e+00
4.666129933628886839e+00 -3.458733979101373812e+00
4.746580449725936290e+00 -3.420727163764462286e+00
4.827030965822985742e+00 -3.407897743446797634e+00
4.907481481920036082e+00 -3.397092287501730201e+00
4.987931998017085533e+00 -3.397285578165185616e+00
5.068382514114135873e+00 -3.384121407544705473e+00
5.148833030211185324e+00 -3.387182985286649295e+00
5.229283546308234776e+00 -3.379291235674902527e+00
5.309734062405285115e+00 -3.381943147899862279e+00
5.390184578502334567e+00 -3.417531753486971358e+00
5.470635094599384018e+00 -3.467305981213862243e+00
5.551085610696433470e+00 -3.485240832568797575e+00
5.631536126793483810e+00 -3.459850564439320486e+00
5.711986642890533261e+00 -3.417864094948428910e+00
5.792437158987582713e+00 -3.368913242999645785e+00
5.872887675084633052e+00 -3.363087569397850807e+00
5.953338191181682504e+00 -3.373442945136304161e+00
6.033788707278731955e+00 -3.377557730190537733e+00
6.114239223375781407e+00 -3.382377247021617350e+00
6.194689739472831747e+00 -3.395182339282055928e+00
6.275140255569881198e+00 -3.418919045842480298e+00
6.355590771666931538e+00 -3.414944038539732496e+00
6.436041287763980989e+00 -3.381022545034417348e+00
6.516491803861030441e+00 -3.366981531225162527e+00
6.596942319958079892e+00 -3.384228951379501193e+00
6.677392836055131120e+00 -3.402059880305288608e+00
6.757843352152180572e+00 -3.425148333312471483e+00
6.838293868249230023e+00 -3.424427403411681059e+00
6.918744384346279475e+00 -3.424166979581456882e+00
6.999194900443328926e+00 -3.415166539138952739e+00
7.079645416540378378e+00 -3.409677666718425204e+00
7.160095932637429605e+00 -3.398009955108394209e+00
7.240546448734479057e+00 -3.394406394796151805e+00
7.320996964831528508e+00 -3.402700837044706716e+00
7.401447480928577960e+00 -3.390490736996943255e+00
7.481897997025627411e+00 -3.359166810344251353e+00
7.562348513122678639e+00 -3.334732039578797380e+00
7.642799029219728091e+00 -3.352608665608099336e+00
7.723249545316777542e+00 -3.389219708520332830e+00
7.803700061413826994e+00 -3.398312256302089995e+00
7.884150577510876445e+00 -3.380790619018029908e+00
7.964601093607927673e+00 -3.374539597069935670e+00
8.045051609704977125e+00 -3.373747203246172610e+00
8.125502125802025688e+00 -3.387482756666511552e+00
8.205952641899076028e+00 -3.392134983605467280e+00
8.286403157996124591e+00 -3.404882464724432012e+00
8.366853674093176707e+00 -3.420424107750923870e+00
8.447304190190225270e+00 -3.412558860206130973e+00
8.527754706287275610e+00 -3.394422739698692570e+00
8.608205222384324173e+00 -3.396797525047872135e+00
8.688655738481374513e+00 -3.417830503895427530e+00
8.769106254578423076e+00 -3.433162677716314892e+00
8.849556770675475192e+00 -3.433080571003952475e+00
8.930007286772523756e+00 -3.444262337290263876e+00
9.010457802869574095e+00 -3.444237454021469524e+00
9.090908318966622659e+00 -3.445968990007199473e+00
9.171358835063672998e+00 -3.452462599699138490e+00
9.251809351160723338e+00 -3.453309391244749005e+00
9.332259867257773678e+00 -3.471223333918589393e+00
9.412710383354822241e+00 -3.506915679370652406e+00
9.493160899451872581e+00 -3.526239784126576904e+00
9.573611415548921144e+00 -3.541964257239050617e+00
9.654061931645971484e+00 -3.548293806178622667e+00
9.734512447743021823e+00 -3.531210426752863452e+00
9.814962963840072163e+00 -3.502147051321711224e+00
9.895413479937120727e+00 -3.475726712168253574e+00
9.975863996034171066e+00 -3.481000308927657105e+00
1.005631451213121963e+01 -3.500860743574913059e+00
1.013676502822827175e+01 -3.508696770323078695e+00
1.021721554432532031e+01 -3.501714572962659755e+00
1.029766606042237065e+01 -3.506444853035327824e+00
