0.000000000000000000e+00 -1.549019599857431873e-01
8.045051609704977069e-02 -2.009350932821092617e-01
1.609010321940995414e-01 -5.744463256718675970e-01
2.413515482911492982e-01 -1.271121005845242014e+00
3.218020643881990828e-01 -1.330976897693064043e+00
4.022525804852488118e-01 -1.310788606414684976e+00
4.827030965822985964e-01 -1.499880388697121258e+00
5.631536126793483810e-01 -1.881441876279820402e+00
6.436041287763981655e-01 -2.244452249263557242e+00
7.240546448734478391e-01 -2.412323923175529128e+00
8.045051609704976237e-01 -2.572497266606354138e+00
8.849556770675472972e-01 -2.742797000456558720e+00
9.654061931645971928e-01 -2.861828514059024720e+00
1.045856709261647088e+00 -2.904939488459336250e+00
1.126307225358696762e+00 -2.876890798162316187e+00
1.206757741455746435e+00 -2.887169937852152479e+00
1.287208257552796331e+00 -2.911035863691661785e+00
1.367658773649846005e+00 -2.914968051806989813e+00
1.448109289746895678e+00 -2.868512208743192016e+00
1.528559805843945352e+00 -2.836050744087396769e+00
1.609010321940995247e+00 -2.813970537400784622e+00
1.689460838038045143e+00 -2.762063362905762709e+00
1.769911354135094594e+00 -2.733590849615498364e+00
1.850361870232144490e+00 -2.725099182215562355e+00
1.930812386329194386e+00 -2.781271943444858508e+00
2.011262902426244281e+00 -2.795387283511163279e+00
2.091713418523294177e+00 -2.707404836665555870e+00
2.172163934620343628e+00 -2.623394094926065900e+00
2.252614450717393524e+00 -2.585028681650609172e+00
2.333064966814443419e+00 -2.580783741711426327e+00
2.413515482911492871e+00 -2.553543466500657111e+00
2.493965999008542767e+00 -2.545464119820997073e+00
2.574416515105592662e+00 -2.533688987261677461e+00
2.654867031202642558e+00 -2.533141571515762802e+00
2.735317547299692009e+00 -2.565528649137079675e+00
2.815768063396741905e+00 -2.618124830898254984e+00
2.896218579493791356e+00 -2.626794175684107557e+00
2.976669095590841252e+00 -2.591495077553832793e+00
3.057119611687890703e+00 -2.558841365393616840e+00
3.137570127784940599e+00 -2.563693835689671019e+00
3.218020643881990495e+00 -2.591405154254612153e+00
3.298471159979039946e+00 -2.601096340003741680e+00
3.378921676076090286e+00 -2.611985034061423239e+00
3.459372192173139737e+00 -2.627964752806728477e+00
3.539822708270189189e+00 -2.636258008074289449e+00
3.620273224367239528e+00 -2.611731338177985862e+00
3.700723740464288980e+00 -2.612609820838601493e+00
3.781174256561339320e+00 -2.613989935176580293e+00
3.861624772658388771e+00 -2.604334288428277855e+00
3.942075288755438223e+00 -2.578610989399406694e+00
4.022525804852488562e+00 -2.574238842204561006e+00
4.102976320949538014e+00 -2.588279630701320944e+00
4.183426837046588354e+00 -2.565124195882157121e+00
4.263877353143637805e+00 -2.533194545423114619e+00
4.344327869240687257e+00 -2.534760360347889652e+00
4.424778385337737596e+00 -2.562769869201509731e+00
4.505228901434787048e+00 -2.580548978666317606e+00
4.585679417531836499e+00 -2.579284356799890876e+00
4.666129933628886839e+00 -2.595451182834346504e+00
4.746580449725936290e+00 -2.647296131808591024e+00
4.827030965822985742e+00 -2.675286836014766578e+00
4.907481481920036082e+00 -2.662434264504661918e+00
4.987931998017085533e+00 -2.647120622971076642e+00
5.068382514114135873e+00 -2.652492748045561122e+00
5.148833030211185324e+00 -2.683020741687855537e+00
5.229283546308234776e+00 -2.723009729384759936e+00
5.309734062405285115e+00 -2.724114950309344252e+00
5.390184578502334567e+00 -2.719478861911975187e+00
5.470635094599384018e+00 -2.738103414533919366e+00
5.551085610696433470e+00 -2.728009893103027217e+00
5.631536126793483810e+00 -2.719576258397316426e+00
5.711986642890533261e+00 -2.751038111383430795e+00
5.792437158987582713e+00 -2.758847334107117355e+00
5.872887675084633052e+00 -2.737781053407867038e+00
5.953338191181682504e+00 -2.746217860592942372e+00
6.033788707278731955e+00 -2.745641610786999642e+00
6.114239223375781407e+00 -2.720861701023196577e+00
6.194689739472831747e+00 -2.703032383768654956e+00
6.275140255569881198e+00 -2.696003566014692598e+00
6.355590771666931538e+00 -2.702007603938210600e+00
6.436041287763980989e+00 -2.709418517060203868e+00
6.516491803861030441e+00 -2.732560082887666830e+00
6.596942319958079892e+00 -2.732129189876210340e+00
6.677392836055131120e+00 -2.719165653911398639e+00
6.757843352152180572e+00 -2.724036896365437332e+00
6.838293868249230023e+00 -2.725125829490157248e+00
6.918744384346279475e+00 -2.736603942694304070e+00
6.999194900443328926e+00 -2.731149261882513279e+00
7.079645416540378378e+00 -2.696027099315748465e+00
7.160095932637429605e+00 -2.710880584935378756e+00
7.240546448734479057e+00 -2.736237260423838968e+00
7.320996964831528508e+00 -2.743462312552488847e+00
7.401447480928577960e+00 -2.736991387585812507e+00
7.481897997025627411e+00 -2.764434496908060979e+00
7.562348513122678639e+00 -2.800840781810550073e+00
7.642799029219728091e+00 -2.804663753682368643e+00
7.723249545316777542e+00 -2.783455813879633478e+00
7.803700061413826994e+00 -2.798052922181772040e+00
7.884150577510876445e+00 -2.809360097064337314e+00
7.964601093607927673e+00 -2.791485314699133635e+00
8.045051609704977125e+00 -2.767388839110976217e+00
8.125502125802025688e+00 -2.759127441223203636e+00
8.205952641899076028e+00 -2.779084053246381192e+00
8.286403157996124591e+00 -2.791570829537240339e+00
8.366853674093176707e+00 -2.776089347434451238e+00
8.447304190190225270e+00 -2.757341815895888892e+00
8.527754706287275610e+00 -2.761071775629928116e+00
8.608205222384324173e+00 -2.783205741587371218e+00
8.688655738481374513e+00 -2.805950453489757024e+00
8.769106254578423076e+00 -2.822153797251797602e+00
8.849556770675475192e+00 -2.796725807051271051e+00
8.930007286772523756e+00 -2.746968227918590522e+00
9.010457802869574095e+00 -2.732820832951283307e+00
9.090908318966622659e+00 -2.739198916240733972e+00
9.171358835063672998e+00 -2.735181581550244267e+00
9.251809351160723338e+00 -2.756963379754716836e+00
9.332259867257773678e+00 -2.789652219763424146e+00
9.412710383354822241e+00 -2.797379608287574815e+00
9.493160899451872581e+00 -2.797962922605103486e+00
9.573611415548921144e+00 -2.796581286878016659e+00
9.654061931645971484e+00 -2.779293410712463608e+00
9.734512447743021823e+00 -2.779729689630994205e+00
9.814962963840072163e+00 -2.806519498472926699e+00
9.895413479937120727e+00 -2.833838480562408613e+00
9.975863996034171066e+00 -2.847205576498353707e+00
1.005631451213121963e+01 -2.845976500115553254e+00
1.013676502822827175e+01 -2.842748945997290999e+00
1.021721554432532031e+01 -2.830021663402915610e+00
1.029766606042237065e+01 -2.828412353879225627e+00
