0.000000000000000000e+00 -1.549019599857431873e-01
8.045051609704977069e-02 -2.078920057265493115e-01
1.609010321940995414e-01 -5.608475036912390355e-01
2.413515482911492982e-01 -1.211227582270357983e+00
3.218020643881990828e-01 -1.349976462453664094e+00
4.022525804852488118e-01 -1.424721377377468956e+00
4.827030965822985964e-01 -1.553532508701558124e+00
5.631536126793483810e-01 -1.869154003519448715e+00
6.436041287763981655e-01 -2.140394640032607043e+00
7.240546448734478391e-01 -2.283687264246671678e+00
8.045051609704976237e-01 -2.404193101023192725e+00
8.849556770675472972e-01 -2.558526481829062504e+00
9.654061931645971928e-01 -2.701011613627289254e+00
1.045856709261647088e+00 -2.829222500681291219e+00
1.126307225358696762e+00 -2.919859710437845202e+00
1.206757741455746435e+00 -2.997982771902095944e+00
1.287208257552796331e+00 -3.043083509303367684e+00
1.367658773649846005e+00 -2.996795102330373606e+00
1.448109289746895678e+00 -2.907313267030888326e+00
1.528559805843945352e+00 -2.876280051365677437e+00
1.609010321940995247e+00 -2.863332555758901776e+00
1.689460838038045143e+00 -2.799620951367749466e+00
1.769911354135094594e+00 -2.733737206350170812e+00
1.850361870232144490e+00 -2.723346797883331671e+00
1.930812386329194386e+00 -2.715549455734920681e+00
2.011262902426244281e+00 -2.680963976784806579e+00
2.091713418523294177e+00 -2.642498956917053388e+00
2.172163934620343628e+00 -2.660269582015907908e+00
2.252614450717393524e+00 -2.681407061319072582e+00
2.333064966814443419e+00 -2.640673322555751490e+00
2.413515482911492871e+00 -2.602861126477632681e+00
2.493965999008542767e+00 -2.596128760574033301e+00
2.574416515105592662e+00 -2.574342087121910261e+00
2.654867031202642558e+00 -2.559819913186708096e+00
2.735317547299692009e+00 -2.552735956467429013e+00
2.815768063396741905e+00 -2.538339974851297143e+00
2.896218579493791356e+00 -2.556549379945721068e+00
2.976669095590841252e+00 -2.585107766461819612e+00
3.057119611687890703e+00 -2.598804276699719473e+00
3.137570127784940599e+00 -2.580656412633702601e+00
3.218020643881990495e+00 -2.567966623124537939e+00
3.298471159979039946e+00 -2.613461585314622138e+00
3.378921676076090286e+00 -2.643779008149744314e+00
3.459372192173139737e+00 -2.638719230606175969e+00
3.539822708270189189e+00 -2.615073771873062114e+00
3.620273224367239528e+00 -2.624704688417504705e+00
3.700723740464288980e+00 -2.641378274923343650e+00
3.781174256561339320e+00 -2.654448916973887407e+00
3.861624772658388771e+00 -2.671362552754547703e+00
3.942075288755438223e+00 -2.682335267631686726e+00
4.022525804852488562e+00 -2.691462701761923704e+00
4.102976320949538014e+00 -2.677071085675920337e+00
4.183426837046588354e+00 -2.660345499867760477e+00
4.263877353143637805e+00 -2.675691546587511738e+00
4.344327869240687257e+00 -2.676995404356934838e+00
4.424778385337737596e+00 -2.673209636362725572e+00
4.505228901434787048e+00 -2.686277872934245359e+00
4.585679417531836499e+00 -2.692999683313040293e+00
4.666129933628886839e+00 -2.692638842614423655e+00
4.746580449725936290e+00 -2.681160535412234758e+00
4.827030965822985742e+00 -2.690361872661187537e+00
4.907481481920036082e+00 -2.713058448389650490e+00
4.987931998017085533e+00 -2.711157076615494876e+00
5.068382514114135873e+00 -2.704815518366796567e+00
5.148833030211185324e+00 -2.688571228296977367e+00
5.229283546308234776e+00 -2.688189261900356009e+00
5.309734062405285115e+00 -2.686112426894937233e+00
5.390184578502334567e+00 -2.688042007044527004e+00
5.470635094599384018e+00 -2.669413288417495700e+00
5.551085610696433470e+00 -2.673672552099783051e+00
5.631536126793483810e+00 -2.704495806437808181e+00
5.711986642890533261e+00 -2.728163317446537395e+00
5.792437158987582713e+00 -2.713949673807166452e+00
5.872887675084633052e+00 -2.689340026050794030e+00
5.953338191181682504e+00 -2.706274787969020323e+00
6.033788707278731955e+00 -2.744629652766660044e+00
6.114239223375781407e+00 -2.765163235057956914e+00
6.194689739472831747e+00 -2.777686187254692296e+00
6.275140255569881198e+00 -2.802565595242043184e+00
6.355590771666931538e+00 -2.786995288525812242e+00
6.436041287763980989e+00 -2.756813213973619447e+00
6.516491803861030441e+00 -2.733995818778116593e+00
6.596942319958079892e+00 -2.728236839295973493e+00
6.677392836055131120e+00 -2.736732606109885335e+00
6.757843352152180572e+00 -2.737611198772128329e+00
6.838293868249230023e+00 -2.730377813305322476e+00
6.918744384346279475e+00 -2.738032691076841996e+00
6.999194900443328926e+00 -2.766976168062456942e+00
7.079645416540378378e+00 -2.802991957534699985e+00
7.160095932637429605e+00 -2.811495174722309365e+00
7.240546448734479057e+00 -2.807714371796261155e+00
7.320996964831528508e+00 -2.773535864966675035e+00
7.401447480928577960e+00 -2.763199416309761069e+00
7.481897997025627411e+00 -2.769563493533388154e+00
7.562348513122678639e+00 -2.782860334760401066e+00
7.642799029219728091e+00 -2.798626130128277545e+00
7.723249545316777542e+00 -2.816880071968113075e+00
7.803700061413826994e+00 -2.812081800217009597e+00
7.884150577510876445e+00 -2.781425964324427458e+00
7.964601093607927673e+00 -2.769307313646557578e+00
8.045051609704977125e+00 -2.762407555296201078e+00
8.125502125802025688e+00 -2.775106681357146332e+00
8.205952641899076028e+00 -2.773023192897938305e+00
8.286403157996124591e+00 -2.753696582562609407e+00
8.366853674093176707e+00 -2.747601563154580706e+00
8.447304190190225270e+00 -2.753031569124245515e+00
8.527754706287275610e+00 -2.754570549326188278e+00
8.608205222384324173e+00 -2.762559977294477331e+00
8.688655738481374513e+00 -2.768474747972166750e+00
8.769106254578423076e+00 -2.767062967561507936e+00
8.849556770675475192e+00 -2.778122634219811093e+00
8.930007286772523756e+00 -2.802283039239273688e+00
9.010457802869574095e+00 -2.801486693884116530e+00
9.090908318966622659e+00 -2.770767334148980687e+00
9.171358835063672998e+00 -2.758210279628949380e+00
9.251809351160723338e+00 -2.756377323229198595e+00
9.332259867257773678e+00 -2.777322995309118525e+00
9.412710383354822241e+00 -2.809056414115863376e+00
9.493160899451872581e+00 -2.855972160443555730e+00
9.573611415548921144e+00 -2.861632890904149296e+00
9.654061931645971484e+00 -2.846635517817564853e+00
9.734512447743021823e+00 -2.825171467504150158e+00
9.814962963840072163e+00 -2.811625276492848435e+00
9.895413479937120727e+00 -2.817708050073616910e+00
9.975863996034171066e+00 -2.835062702839413529e+00
1.005631451213121963e+01 -2.871752501218987508e+00
1.013676502822827175e+01 -2.885884949111613640e+00
1.021721554432532031e+01 -2.849880620763112660e+00
1.029766606042237065e+01 -2.831610458043109624e+00
