0.000000000000000000e+00 -1.549019599857431873e-01
8.045051609704977069e-02 -2.070128219241225975e-01
1.609010321940995414e-01 -5.596325009586885502e-01
2.413515482911492982e-01 -1.011956907611449186e+00
3.218020643881990828e-01 -9.786264357925217316e-01
4.022525804852488118e-01 -1.034758455964191137e+00
4.827030965822985964e-01 -1.313188771585305670e+00
5.631536126793483810e-01 -1.614266837456465931e+00
6.436041287763981655e-01 -1.821406345511895841e+00
7.240546448734478391e-01 -2.062163068264333710e+00
8.045051609704976237e-01 -2.321668483253044979e+00
8.849556770675472972e-01 -2.482002072000596637e+00
9.654061931645971928e-01 -2.624302303129047331e+00
1.045856709261647088e+00 -2.717394067450872530e+00
1.126307225358696762e+00 -2.773774491346280957e+00
1.206757741455746435e+00 -2.847932305791625485e+00
1.287208257552796331e+00 -2.900519466552384351e+00
1.367658773649846005e+00 -2.871243283840617444e+00
1.448109289746895678e+00 -2.818663714408464305e+00
1.528559805843945352e+00 -2.819161801128100997e+00
1.609010321940995247e+00 -2.831399442646816311e+00
1.689460838038045143e+00 -2.833758997380547928e+00
1.769911354135094594e+00 -2.806869255810667596e+00
1.850361870232144490e+00 -2.760096528680340278e+00
1.930812386329194386e+00 -2.703114399546616475e+00
2.011262902426244281e+00 -2.689555253601358054e+00
2.091713418523294177e+00 -2.697314230461203888e+00
2.172163934620343628e+00 -2.706970130689906551e+00
2.252614450717393524e+00 -2.696966877632263060e+00
2.333064966814443419e+00 -2.691311660471108702e+00
2.413515482911492871e+00 -2.661644828579483146e+00
2.493965999008542767e+00 -2.636670110859547833e+00
2.574416515105592662e+00 -2.652136718168503382e+00
2.654867031202642558e+00 -2.674148095497757005e+00
2.735317547299692009e+00 -2.664780876261926057e+00
2.815768063396741905e+00 -2.645650949090020188e+00
2.896218579493791356e+00 -2.634580485231540870e+00
2.976669095590841252e+00 -2.665320691391425800e+00
3.057119611687890703e+00 -2.665238802898866499e+00
3.137570127784940599e+00 -2.640109987524701385e+00
3.218020643881990495e+00 -2.631759482330620070e+00
3.298471159979039946e+00 -2.681620920802935792e+00
3.378921676076090286e+00 -2.699710838847602101e+00
3.459372192173139737e+00 -2.682777331909822482e+00
3.539822708270189189e+00 -2.660666150763800086e+00
3.620273224367239528e+00 -2.678790451205077527e+00
3.700723740464288980e+00 -2.708679165427045898e+00
3.781174256561339320e+00 -2.676100363502829538e+00
3.861624772658388771e+00 -2.597734747518182452e+00
3.942075288755438223e+00 -2.590487571917900134e+00
4.022525804852488562e+00 -2.620330204405483698e+00
4.102976320949538014e+00 -2.634977113431357321e+00
4.183426837046588354e+00 -2.621168431839236757e+00
4.263877353143637805e+00 -2.575640919608102486e+00
4.344327869240687257e+00 -2.538314653918464447e+00
4.424778385337737596e+00 -2.558839086918580641e+00
4.505228901434787048e+00 -2.638973456137651663e+00
4.585679417531836499e+00 -2.674811334522230410e+00
4.666129933628886839e+00 -2.695613678812882608e+00
4.746580449725936290e+00 -2.716472306967397721e+00
4.827030965822985742e+00 -2.708992171771121171e+00
4.907481481920036082e+00 -2.689404098692453005e+00
4.987931998017085533e+00 -2.676465875559602914e+00
5.068382514114135873e+00 -2.668552731608015538e+00
5.148833030211185324e+00 -2.658700701320898752e+00
5.229283546308234776e+00 -2.667974909169799957e+00
5.309734062405285115e+00 -2.688689751460452193e+00
5.390184578502334567e+00 -2.691251750483808269e+00
5.470635094599384018e+00 -2.667868983121984172e+00
5.551085610696433470e+00 -2.648362731496073152e+00
5.631536126793483810e+00 -2.661096690720796243e+00
5.711986642890533261e+00 -2.676989967642241286e+00
5.792437158987582713e+00 -2.705527069012690689e+00
5.872887675084633052e+00 -2.751845337564426508e+00
5.953338191181682504e+00 -2.794558065847345230e+00
6.033788707278731955e+00 -2.810297856489173629e+00
6.114239223375781407e+00 -2.824492799133373033e+00
6.194689739472831747e+00 -2.864848779081308194e+00
6.275140255569881198e+00 -2.856487051201276994e+00
6.355590771666931538e+00 -2.780633225058884772e+00
6.436041287763980989e+00 -2.746093516122491085e+00
6.516491803861030441e+00 -2.738225011106474316e+00
6.596942319958079892e+00 -2.736385820304166216e+00
6.677392836055131120e+00 -2.747743428911580743e+00
6.757843352152180572e+00 -2.759948258700531731e+00
6.838293868249230023e+00 -2.744050541015461864e+00
6.918744384346279475e+00 -2.705422978866223627e+00
6.999194900443328926e+00 -2.688182623183367426e+00
7.079645416540378378e+00 -2.680803457526954592e+00
7.160095932637429605e+00 -2.702055736748949055e+00
7.240546448734479057e+00 -2.742429068491658128e+00
7.320996964831528508e+00 -2.768668454352861907e+00
7.401447480928577960e+00 -2.751916291077777021e+00
7.481897997025627411e+00 -2.747452157673977879e+00
7.562348513122678639e+00 -2.757829274422320953e+00
7.642799029219728091e+00 -2.767986458677737183e+00
7.723249545316777542e+00 -2.724809046288684478e+00
7.803700061413826994e+00 -2.696157662503657182e+00
7.884150577510876445e+00 -2.730384976749159698e+00
7.964601093607927673e+00 -2.786615859221658997e+00
8.045051609704977125e+00 -2.788533369323644262e+00
8.125502125802025688e+00 -2.766453880832218548e+00
8.205952641899076028e+00 -2.785628268825974807e+00
8.286403157996124591e+00 -2.795913671354750552e+00
8.366853674093176707e+00 -2.778946272502767378e+00
8.447304190190225270e+00 -2.799838130131583114e+00
8.527754706287275610e+00 -2.812897031582083152e+00
8.608205222384324173e+00 -2.786120464449612033e+00
8.688655738481374513e+00 -2.773815348409851111e+00
8.769106254578423076e+00 -2.773608606765864515e+00
8.849556770675475192e+00 -2.762339325553999192e+00
8.930007286772523756e+00 -2.744506600273252772e+00
9.010457802869574095e+00 -2.733459700709237161e+00
9.090908318966622659e+00 -2.768603472669330934e+00
9.171358835063672998e+00 -2.815451819107713582e+00
9.251809351160723338e+00 -2.825687311561126069e+00
9.332259867257773678e+00 -2.817789953743155884e+00
9.412710383354822241e+00 -2.830486350351047786e+00
9.493160899451872581e+00 -2.823215853966079436e+00
9.573611415548921144e+00 -2.795081909505940931e+00
9.654061931645971484e+00 -2.793246490905820778e+00
9.734512447743021823e+00 -2.813263519866100015e+00
9.814962963840072163e+00 -2.816091488204603532e+00
9.895413479937120727e+00 -2.798254967351972766e+00
9.975863996034171066e+00 -2.806551899926240434e+00
1.005631451213121963e+01 -2.819091155825736550e+00
1.013676502822827175e+01 -2.822617503049735355e+00
1.021721554432532031e+01 -2.827546932858451267e+00
1.029766606042237065e+01 -2.854761035588470275e+00
