0.000000000000000000e+00 -1.549019599857431873e-01
8.045051609704977069e-02 -1.906276546009483264e-01
1.609010321940995414e-01 -5.128471435109170917e-01
2.413515482911492982e-01 -1.221274900115478346e+00
3.218020643881990828e-01 -1.427466175702603701e+00
4.022525804852488118e-01 -1.395213343986139165e+00
4.827030965822985964e-01 -1.550719989222254069e+00
5.631536126793483810e-01 -1.866940722802074903e+00
6.436041287763981655e-01 -2.148539830955940033e+00
7.240546448734478391e-01 -2.278100326310963375e+00
8.045051609704976237e-01 -2.404331320719941711e+00
8.849556770675472972e-01 -2.578535743365917288e+00
9.654061931645971928e-01 -2.722418892260955570e+00
1.045856709261647088e+00 -2.777863636779107637e+00
1.126307225358696762e+00 -2.799769877523014650e+00
1.206757741455746435e+00 -2.808923398714821218e+00
1.287208257552796331e+00 -2.843767800936221501e+00
1.367658773649846005e+00 -2.901184681600500692e+00
1.448109289746895678e+00 -2.879880553216132011e+00
1.528559805843945352e+00 -2.823915616191884137e+00
1.609010321940995247e+00 -2.775208876258052015e+00
1.689460838038045143e+00 -2.747967423415895727e+00
1.769911354135094594e+00 -2.702165926203436097e+00
1.850361870232144490e+00 -2.692472875132136956e+00
1.930812386329194386e+00 -2.727916299662339839e+00
2.011262902426244281e+00 -2.759099778011187443e+00
2.091713418523294177e+00 -2.753337300474831828e+00
2.172163934620343628e+00 -2.726875844354124556e+00
2.252614450717393524e+00 -2.746489253207343939e+00
2.333064966814443419e+00 -2.778711954213628044e+00
2.413515482911492871e+00 -2.764762907588500518e+00
2.493965999008542767e+00 -2.775348604299791244e+00
2.574416515105592662e+00 -2.771611909210991431e+00
2.654867031202642558e+00 -2.690050522800172761e+00
2.735317547299692009e+00 -2.614747693792983441e+00
2.815768063396741905e+00 -2.591540450860734257e+00
2.896218579493791356e+00 -2.592766732154851983e+00
2.976669095590841252e+00 -2.575444513281635039e+00
3.057119611687890703e+00 -2.595322864518192940e+00
3.137570127784940599e+00 -2.586569863474923014e+00
3.218020643881990495e+00 -2.545145771935345191e+00
3.298471159979039946e+00 -2.544302673209519750e+00
3.378921676076090286e+00 -2.575625601260226549e+00
3.459372192173139737e+00 -2.599406360432038987e+00
3.539822708270189189e+00 -2.582388272659178252e+00
3.620273224367239528e+00 -2.597204324234489103e+00
3.700723740464288980e+00 -2.571007355465163791e+00
3.781174256561339320e+00 -2.547392887281140439e+00
3.861624772658388771e+00 -2.537471963417603948e+00
3.942075288755438223e+00 -2.547957147831684033e+00
4.022525804852488562e+00 -2.540921630001040210e+00
4.102976320949538014e+00 -2.553845029916570031e+00
4.183426837046588354e+00 -2.598566563493859061e+00
4.263877353143637805e+00 -2.629318966916807110e+00
4.344327869240687257e+00 -2.623766963175983236e+00
4.424778385337737596e+00 -2.604497118428988234e+00
4.505228901434787048e+00 -2.592951376603554348e+00
4.585679417531836499e+00 -2.615374608479521079e+00
4.666129933628886839e+00 -2.640038948146540054e+00
4.746580449725936290e+00 -2.635912397835427079e+00
4.827030965822985742e+00 -2.596404474397301598e+00
4.907481481920036082e+00 -2.573514852466193936e+00
4.987931998017085533e+00 -2.577533796231579633e+00
5.068382514114135873e+00 -2.593105134112565935e+00
5.148833030211185324e+00 -2.577929057858063810e+00
5.229283546308234776e+00 -2.560822296184612323e+00
5.309734062405285115e+00 -2.575222958885728275e+00
5.390184578502334567e+00 -2.624203983131305762e+00
5.470635094599384018e+00 -2.651509252615046996e+00
5.551085610696433470e+00 -2.660250782010597170e+00
5.631536126793483810e+00 -2.626984987986116682e+00
5.711986642890533261e+00 -2.623632070209504619e+00
5.792437158987582713e+00 -2.663642498507468481e+00
5.872887675084633052e+00 -2.717790471036080735e+00
5.953338191181682504e+00 -2.721973204294412696e+00
6.033788707278731955e+00 -2.717536904612490645e+00
6.114239223375781407e+00 -2.754541649213509746e+00
6.194689739472831747e+00 -2.791869682905391059e+00
6.275140255569881198e+00 -2.757708116023437572e+00
6.355590771666931538e+00 -2.688612751692537550e+00
6.436041287763980989e+00 -2.656730403859037803e+00
6.516491803861030441e+00 -2.659435832810056244e+00
6.596942319958079892e+00 -2.672489389101696311e+00
6.677392836055131120e+00 -2.659094541204425344e+00
6.757843352152180572e+00 -2.613540811975688882e+00
6.838293868249230023e+00 -2.614429133000583771e+00
6.918744384346279475e+00 -2.655771352537927399e+00
6.999194900443328926e+00 -2.687372543895651944e+00
7.079645416540378378e+00 -2.710759861024276685e+00
7.160095932637429605e+00 -2.722865360805942991e+00
7.240546448734479057e+00 -2.717850240812005325e+00
7.320996964831528508e+00 -2.729219705240287563e+00
7.401447480928577960e+00 -2.716381386421133914e+00
7.481897997025627411e+00 -2.717148534287901374e+00
7.562348513122678639e+00 -2.716699401681419435e+00
7.642799029219728091e+00 -2.711329442313680005e+00
7.723249545316777542e+00 -2.710673232352355910e+00
7.803700061413826994e+00 -2.721350813014276948e+00
7.884150577510876445e+00 -2.729457878703395846e+00
7.964601093607927673e+00 -2.739243614873422938e+00
8.045051609704977125e+00 -2.734241413714278313e+00
8.125502125802025688e+00 -2.738981020088311791e+00
8.205952641899076028e+00 -2.762513228582816449e+00
8.286403157996124591e+00 -2.775821764959187643e+00
8.366853674093176707e+00 -2.777616079524620307e+00
8.447304190190225270e+00 -2.796250859016294221e+00
8.527754706287275610e+00 -2.784050606470708455e+00
8.608205222384324173e+00 -2.774047764552873829e+00
8.688655738481374513e+00 -2.745323191485599779e+00
8.769106254578423076e+00 -2.728634432267573739e+00
8.849556770675475192e+00 -2.726218929461987184e+00
8.930007286772523756e+00 -2.733743014714844932e+00
9.010457802869574095e+00 -2.734720555837988343e+00
9.090908318966622659e+00 -2.732872736150599557e+00
9.171358835063672998e+00 -2.725544963724271241e+00
9.251809351160723338e+00 -2.742630605164340096e+00
9.332259867257773678e+00 -2.768812418595127944e+00
9.412710383354822241e+00 -2.777421137425850617e+00
9.493160899451872581e+00 -2.754492321716543568e+00
9.573611415548921144e+00 -2.725486532305365639e+00
9.654061931645971484e+00 -2.725790033204929852e+00
9.734512447743021823e+00 -2.759441401915147640e+00
9.814962963840072163e+00 -2.782912355752832134e+00
9.895413479937120727e+00 -2.794433300691637090e+00
9.975863996034171066e+00 -2.779815353425754587e+00
1.005631451213121963e+01 -2.757557478067167001e+00
1.013676502822827175e+01 -2.726033354264303377e+00
1.021721554432532031e+01 -2.725492331277190594e+00
1.029766606042237065e+01 -2.733993979468809066e+00
