0.000000000000000000e+00 -1.549019599857431873e-01
8.045051609704977069e-02 -2.011921373567195082e-01
1.609010321940995414e-01 -4.999809223904205235e-01
2.413515482911492982e-01 -1.108922022591055656e+00
3.218020643881990828e-01 -1.260435184337989512e+00
4.022525804852488118e-01 -1.244471633244577768e+00
4.827030965822985964e-01 -1.380376245591096840e+00
5.631536126793483810e-01 -1.703284221894467931e+00
6.436041287763981655e-01 -1.971711857102454779e+00
7.240546448734478391e-01 -2.129588371153208648e+00
8.045051609704976237e-01 -2.370817643569228306e+00
8.849556770675472972e-01 -2.610217044089180316e+00
9.654061931645971928e-01 -2.742563015559956963e+00
1.045856709261647088e+00 -2.806889898276311968e+00
1.126307225358696762e+00 -2.824069423311014848e+00
1.206757741455746435e+00 -2.809119658742054604e+00
1.287208257552796331e+00 -2.787122061984894206e+00
1.367658773649846005e+00 -2.818258387993151981e+00
1.448109289746895678e+00 -2.877955751014932506e+00
1.528559805843945352e+00 -2.892667458440012940e+00
1.609010321940995247e+00 -2.873438563234497423e+00
1.689460838038045143e+00 -2.808852089379750616e+00
1.769911354135094594e+00 -2.691039377864333559e+00
1.850361870232144490e+00 -2.622291679586834956e+00
1.930812386329194386e+00 -2.650221188647506221e+00
2.011262902426244281e+00 -2.714679626169567594e+00
2.091713418523294177e+00 -2.689203087498965861e+00
2.172163934620343628e+00 -2.612758004595804984e+00
2.252614450717393524e+00 -2.574330001772806575e+00
2.333064966814443419e+00 -2.588389517638088222e+00
2.413515482911492871e+00 -2.613569791604307024e+00
2.493965999008542767e+00 -2.613679801314958251e+00
2.574416515105592662e+00 -2.643381625026757664e+00
2.654867031202642558e+00 -2.671833688063447898e+00
2.735317547299692009e+00 -2.670122810760377607e+00
2.815768063396741905e+00 -2.644654094639054875e+00
2.896218579493791356e+00 -2.631712485250041755e+00
2.976669095590841252e+00 -2.682811932330702476e+00
3.057119611687890703e+00 -2.732657962632444981e+00
3.137570127784940599e+00 -2.741278273669853327e+00
3.218020643881990495e+00 -2.694192948568990609e+00
3.298471159979039946e+00 -2.630380014200921934e+00
3.378921676076090286e+00 -2.608042313703684556e+00
3.459372192173139737e+00 -2.592710992911073653e+00
3.539822708270189189e+00 -2.571040728748586801e+00
3.620273224367239528e+00 -2.566764657414571271e+00
3.700723740464288980e+00 -2.584549859478556755e+00
3.781174256561339320e+00 -2.603288659630758062e+00
3.861624772658388771e+00 -2.627377423863785033e+00
3.942075288755438223e+00 -2.624085842514219724e+00
4.022525804852488562e+00 -2.623465373600769368e+00
4.102976320949538014e+00 -2.641006294113243502e+00
4.183426837046588354e+00 -2.641868884950072882e+00
4.263877353143637805e+00 -2.635438923503229169e+00
4.344327869240687257e+00 -2.659625139794340676e+00
4.424778385337737596e+00 -2.672539929663608316e+00
4.505228901434787048e+00 -2.647830967793737944e+00
4.585679417531836499e+00 -2.648486579114285977e+00
4.666129933628886839e+00 -2.672270302915945805e+00
4.746580449725936290e+00 -2.697329424962147559e+00
4.827030965822985742e+00 -2.714072851499783390e+00
4.907481481920036082e+00 -2.750223369564542164e+00
4.987931998017085533e+00 -2.769246682506436130e+00
5.068382514114135873e+00 -2.750678019450079503e+00
5.148833030211185324e+00 -2.725917661796225744e+00
5.229283546308234776e+00 -2.669607382121928829e+00
5.309734062405285115e+00 -2.639054322926078999e+00
5.390184578502334567e+00 -2.651716007177961298e+00
5.470635094599384018e+00 -2.680538929523730296e+00
5.551085610696433470e+00 -2.710058827765688516e+00
5.631536126793483810e+00 -2.716135670071735397e+00
5.711986642890533261e+00 -2.703493810707424228e+00
5.792437158987582713e+00 -2.685359703429651912e+00
5.872887675084633052e+00 -2.657392147218396339e+00
5.953338191181682504e+00 -2.645530686974362222e+00
6.033788707278731955e+00 -2.654164914078549931e+00
6.114239223375781407e+00 -2.657787029863606598e+00
6.194689739472831747e+00 -2.673056806413075304e+00
6.275140255569881198e+00 -2.713125415280186914e+00
6.355590771666931538e+00 -2.760396265647092839e+00
6.436041287763980989e+00 -2.747172273843738743e+00
6.516491803861030441e+00 -2.723292559709101113e+00
6.596942319958079892e+00 -2.711018513072352309e+00
6.677392836055131120e+00 -2.718433922289364979e+00
6.757843352152180572e+00 -2.714111251111294365e+00
6.838293868249230023e+00 -2.729576140389333272e+00
6.918744384346279475e+00 -2.729874164572632989e+00
6.999194900443328926e+00 -2.732381899139079806e+00
7.079645416540378378e+00 -2.714429135309209595e+00
7.160095932637429605e+00 -2.694731329328059477e+00
7.240546448734479057e+00 -2.686161279523336276e+00
7.320996964831528508e+00 -2.702360622080491215e+00
7.401447480928577960e+00 -2.699493225463188484e+00
7.481897997025627411e+00 -2.687030060588916136e+00
7.562348513122678639e+00 -2.682922900208640549e+00
7.642799029219728091e+00 -2.689255747163270538e+00
7.723249545316777542e+00 -2.685735809511236916e+00
7.803700061413826994e+00 -2.671307748279655669e+00
7.884150577510876445e+00 -2.668210734376896376e+00
7.964601093607927673e+00 -2.680001414026517814e+00
8.045051609704977125e+00 -2.712926569151446365e+00
8.125502125802025688e+00 -2.727621340802720340e+00
8.205952641899076028e+00 -2.723144998695982366e+00
8.286403157996124591e+00 -2.726196532617183088e+00
8.366853674093176707e+00 -2.748000789327900151e+00
8.447304190190225270e+00 -2.757853071296328284e+00
8.527754706287275610e+00 -2.765345913875533856e+00
8.608205222384324173e+00 -2.765764244434447683e+00
8.688655738481374513e+00 -2.758001576754419926e+00
8.769106254578423076e+00 -2.756334066392252868e+00
8.849556770675475192e+00 -2.771930563817502691e+00
8.930007286772523756e+00 -2.797933891137413642e+00
9.010457802869574095e+00 -2.820018258933846944e+00
9.090908318966622659e+00 -2.813528269959414185e+00
9.171358835063672998e+00 -2.821347477832652384e+00
9.251809351160723338e+00 -2.831565470669879403e+00
9.332259867257773678e+00 -2.803382684877855358e+00
9.412710383354822241e+00 -2.776928107085715247e+00
9.493160899451872581e+00 -2.778902507644514408e+00
9.573611415548921144e+00 -2.798063260752566173e+00
9.654061931645971484e+00 -2.809515064161761888e+00
9.734512447743021823e+00 -2.810010761247852873e+00
9.814962963840072163e+00 -2.832763124403490540e+00
9.895413479937120727e+00 -2.836940127963278435e+00
9.975863996034171066e+00 -2.844377847428312123e+00
1.005631451213121963e+01 -2.853890032308011637e+00
1.013676502822827175e+01 -2.853761806895132036e+00
1.021721554432532031e+01 -2.859735839222629750e+00
1.029766606042237065e+01 -2.864464180778756752e+00
