0.000000000000000000e+00 -1.549019599857431873e-01
8.045051609704977069e-02 -2.049406799700722315e-01
1.609010321940995414e-01 -5.830145520808387438e-01
2.413515482911492982e-01 -1.223091496720293936e+00
3.218020643881990828e-01 -1.286749980317688058e+00
4.022525804852488118e-01 -1.258480943666890006e+00
4.827030965822985964e-01 -1.393682081875920353e+00
5.631536126793483810e-01 -1.646823748019566880e+00
6.436041287763981655e-01 -1.861932428994361732e+00
7.240546448734478391e-01 -2.128837016909562951e+00
8.045051609704976237e-01 -2.402575796910041639e+00
8.849556770675472972e-01 -2.612900180426782626e+00
9.654061931645971928e-01 -2.712800959551920243e+00
1.045856709261647088e+00 -2.748063884947669067e+00
1.126307225358696762e+00 -2.736687963661826206e+00
1.206757741455746435e+00 -2.711727839743401702e+00
1.287208257552796331e+00 -2.684311319668816420e+00
1.367658773649846005e+00 -2.668401121161528167e+00
1.448109289746895678e+00 -2.663918057542075335e+00
1.528559805843945352e+00 -2.682944223696334785e+00
1.609010321940995247e+00 -2.708752023929626773e+00
1.689460838038045143e+00 -2.692139476528507824e+00
1.769911354135094594e+00 -2.710936196497720552e+00
1.850361870232144490e+00 -2.743276059422919744e+00
1.930812386329194386e+00 -2.732471058353186155e+00
2.011262902426244281e+00 -2.627254977979318173e+00
2.091713418523294177e+00 -2.566984312533857615e+00
2.172163934620343628e+00 -2.561072278706910677e+00
2.252614450717393524e+00 -2.605658951390780853e+00
2.333064966814443419e+00 -2.611410336354678563e+00
2.413515482911492871e+00 -2.621052210332354360e+00
2.493965999008542767e+00 -2.597079661182982502e+00
2.574416515105592662e+00 -2.593732096586125024e+00
2.654867031202642558e+00 -2.623558033324111527e+00
2.735317547299692009e+00 -2.643537150766659405e+00
2.815768063396741905e+00 -2.616317682844277570e+00
2.896218579493791356e+00 -2.568902058889070528e+00
2.976669095590841252e+00 -2.578285119474259535e+00
3.057119611687890703e+00 -2.608884813497529986e+00
3.137570127784940599e+00 -2.610189617873912571e+00
3.218020643881990495e+00 -2.607504838945090331e+00
3.298471159979039946e+00 -2.629720487104457494e+00
3.378921676076090286e+00 -2.634405637242686282e+00
3.459372192173139737e+00 -2.657979831084777089e+00
3.539822708270189189e+00 -2.703971157680965298e+00
3.620273224367239528e+00 -2.697168327238312457e+00
3.700723740464288980e+00 -2.653503507384812110e+00
3.781174256561339320e+00 -2.623558658334453675e+00
3.861624772658388771e+00 -2.632586726019243706e+00
3.942075288755438223e+00 -2.637602619557346983e+00
4.022525804852488562e+00 -2.630821827161919035e+00
4.102976320949538014e+00 -2.612937873494795671e+00
4.183426837046588354e+00 -2.631989159207039464e+00
4.263877353143637805e+00 -2.646296024721736639e+00
4.344327869240687257e+00 -2.645525102157615382e+00
4.424778385337737596e+00 -2.630922202908968721e+00
4.505228901434787048e+00 -2.629839469458331802e+00
4.585679417531836499e+00 -2.641066476016554976e+00
4.666129933628886839e+00 -2.645117261683392229e+00
4.746580449725936290e+00 -2.666306913882823704e+00
4.827030965822985742e+00 -2.685794323660851468e+00
4.907481481920036082e+00 -2.702101925896112089e+00
4.987931998017085533e+00 -2.686775425148097085e+00
5.068382514114135873e+00 -2.665587156923226342e+00
5.148833030211185324e+00 -2.653775537417427000e+00
5.229283546308234776e+00 -2.645113207007173450e+00
5.309734062405285115e+00 -2.629837279147977824e+00
5.390184578502334567e+00 -2.634232417241465285e+00
5.470635094599384018e+00 -2.636766460025562253e+00
5.551085610696433470e+00 -2.622822100723082528e+00
5.631536126793483810e+00 -2.615282642654905843e+00
5.711986642890533261e+00 -2.604999806102929583e+00
5.792437158987582713e+00 -2.614573885680667509e+00
5.872887675084633052e+00 -2.629979594157969558e+00
5.953338191181682504e+00 -2.638387337154779022e+00
6.033788707278731955e+00 -2.642000993070395154e+00
6.114239223375781407e+00 -2.659785234258406739e+00
6.194689739472831747e+00 -2.691984158962395846e+00
6.275140255569881198e+00 -2.707646840684798217e+00
6.355590771666931538e+00 -2.704768354920779494e+00
6.436041287763980989e+00 -2.671294151523309068e+00
6.516491803861030441e+00 -2.664074637609454843e+00
6.596942319958079892e+00 -2.667899091933193745e+00
6.677392836055131120e+00 -2.681293879539352609e+00
6.757843352152180572e+00 -2.676846625477588670e+00
6.838293868249230023e+00 -2.685728389564875584e+00
6.918744384346279475e+00 -2.719288489698585387e+00
6.999194900443328926e+00 -2.733104884373647181e+00
7.079645416540378378e+00 -2.730578470608719499e+00
7.160095932637429605e+00 -2.724848909858922141e+00
7.240546448734479057e+00 -2.720358300909023086e+00
7.320996964831528508e+00 -2.726199652665023176e+00
7.401447480928577960e+00 -2.747735451104520887e+00
7.481897997025627411e+00 -2.749329947947643404e+00
7.562348513122678639e+00 -2.744303155938108585e+00
7.642799029219728091e+00 -2.742636249141503058e+00
7.723249545316777542e+00 -2.736610517919278340e+00
7.803700061413826994e+00 -2.741270802929002048e+00
7.884150577510876445e+00 -2.754456867919034213e+00
7.964601093607927673e+00 -2.781871442735479594e+00
8.045051609704977125e+00 -2.811098167649823232e+00
8.125502125802025688e+00 -2.787729096493000824e+00
8.205952641899076028e+00 -2.780436496608213126e+00
8.286403157996124591e+00 -2.802464630001616275e+00
8.366853674093176707e+00 -2.813838467174142988e+00
8.447304190190225270e+00 -2.793995866340737599e+00
8.527754706287275610e+00 -2.787906512862055486e+00
8.608205222384324173e+00 -2.774881699684196956e+00
8.688655738481374513e+00 -2.791951435331100573e+00
8.769106254578423076e+00 -2.805769065867409040e+00
8.849556770675475192e+00 -2.812073870414522059e+00
8.930007286772523756e+00 -2.804406046062932312e+00
9.010457802869574095e+00 -2.766380587751186670e+00
9.090908318966622659e+00 -2.738297508216242182e+00
9.171358835063672998e+00 -2.724440704829998783e+00
9.251809351160723338e+00 -2.738115024840639844e+00
9.332259867257773678e+00 -2.769158417207941536e+00
9.412710383354822241e+00 -2.797482830435860990e+00
9.493160899451872581e+00 -2.791013919260057374e+00
9.573611415548921144e+00 -2.800237143735238465e+00
9.654061931645971484e+00 -2.828201975724008221e+00
9.734512447743021823e+00 -2.828891559674168388e+00
9.814962963840072163e+00 -2.813566753572507739e+00
9.895413479937120727e+00 -2.816899445826567483e+00
9.975863996034171066e+00 -2.829564447333404953e+00
1.005631451213121963e+01 -2.860974982813837997e+00
1.013676502822827175e+01 -2.863540858962646762e+00
1.021721554432532031e+01 -2.848406383166306011e+00
1.029766606042237065e+01 -2.832627282960671344e+00
