0.000000000000000000e+00 -1.549019599857431873e-01
8.045051609704977069e-02 -1.931030960931441609e-01
1.609010321940995414e-01 -5.004541192502833802e-01
2.413515482911492982e-01 -1.197660815405040768e+00
3.218020643881990828e-01 -1.421251780889420502e+00
4.022525804852488118e-01 -1.364002072963076406e+00
4.827030965822985964e-01 -1.480073989735259055e+00
5.631536126793483810e-01 -1.801240580937892410e+00
6.436041287763981655e-01 -2.111225104687852738e+00
7.240546448734478391e-01 -2.229313950758643692e+00
8.045051609704976237e-01 -2.391304229542034587e+00
8.849556770675472972e-01 -2.578591266979800345e+00
9.654061931645971928e-01 -2.699927381230692092e+00
1.045856709261647088e+00 -2.790484906826734335e+00
1.126307225358696762e+00 -2.878134684660961895e+00
1.206757741455746435e+00 -2.885694109662499951e+00
1.287208257552796331e+00 -2.873188042147825971e+00
1.367658773649846005e+00 -2.861462812535821687e+00
1.448109289746895678e+00 -2.844278045595635351e+00
1.528559805843945352e+00 -2.830384010612009504e+00
1.609010321940995247e+00 -2.795156625005450479e+00
1.689460838038045143e+00 -2.745897110705434851e+00
1.769911354135094594e+00 -2.669453004236369331e+00
1.850361870232144490e+00 -2.618102459573900642e+00
1.930812386329194386e+00 -2.595259718807764848e+00
2.011262902426244281e+00 -2.600807428551238143e+00
2.091713418523294177e+00 -2.603859730591192800e+00
2.172163934620343628e+00 -2.618942493759822021e+00
2.252614450717393524e+00 -2.603721196124014092e+00
2.333064966814443419e+00 -2.602179017484620438e+00
2.413515482911492871e+00 -2.621029724564795327e+00
2.493965999008542767e+00 -2.613706939657507888e+00
2.574416515105592662e+00 -2.566203918673471307e+00
2.654867031202642558e+00 -2.561906351204645826e+00
2.735317547299692009e+00 -2.568090894719095907e+00
2.815768063396741905e+00 -2.544870433296993362e+00
2.896218579493791356e+00 -2.577421490106325930e+00
2.976669095590841252e+00 -2.634687024320326643e+00
3.057119611687890703e+00 -2.654182821535947312e+00
3.137570127784940599e+00 -2.630416252536973865e+00
3.218020643881990495e+00 -2.604051585776276045e+00
3.298471159979039946e+00 -2.582411314340774311e+00
3.378921676076090286e+00 -2.581609723198706074e+00
3.459372192173139737e+00 -2.569943227133493657e+00
3.539822708270189189e+00 -2.591436943383093716e+00
3.620273224367239528e+00 -2.661039547596226296e+00
3.700723740464288980e+00 -2.707916525369442606e+00
3.781174256561339320e+00 -2.666947258260118581e+00
3.861624772658388771e+00 -2.589214859587165574e+00
3.942075288755438223e+00 -2.572487856598854705e+00
4.022525804852488562e+00 -2.627486327879001493e+00
4.102976320949538014e+00 -2.676015089271182923e+00
4.183426837046588354e+00 -2.703921862228979567e+00
4.263877353143637805e+00 -2.701553551738879566e+00
4.344327869240687257e+00 -2.674206725351231384e+00
4.424778385337737596e+00 -2.665029713613894735e+00
4.505228901434787048e+00 -2.693707070007627102e+00
4.585679417531836499e+00 -2.699229512023515909e+00
4.666129933628886839e+00 -2.697440069993104927e+00
4.746580449725936290e+00 -2.688304135668925898e+00
4.827030965822985742e+00 -2.670658635368521328e+00
4.907481481920036082e+00 -2.658947419261328271e+00
4.987931998017085533e+00 -2.676705623187096705e+00
5.068382514114135873e+00 -2.675619118145895925e+00
5.148833030211185324e+00 -2.636345824321416842e+00
5.229283546308234776e+00 -2.614142010074782529e+00
5.309734062405285115e+00 -2.598237725393461428e+00
5.390184578502334567e+00 -2.609291277731807135e+00
5.470635094599384018e+00 -2.633757638282262281e+00
5.551085610696433470e+00 -2.667334517158315599e+00
5.631536126793483810e+00 -2.661233562957754817e+00
5.711986642890533261e+00 -2.641493847259233085e+00
5.792437158987582713e+00 -2.667390372849148150e+00
5.872887675084633052e+00 -2.681481086313255879e+00
5.953338191181682504e+00 -2.667181451293156424e+00
6.033788707278731955e+00 -2.666928718190702430e+00
6.114239223375781407e+00 -2.696096291553248037e+00
6.194689739472831747e+00 -2.714426762544939198e+00
6.275140255569881198e+00 -2.697645717419788536e+00
6.355590771666931538e+00 -2.669900863531178725e+00
6.436041287763980989e+00 -2.645969595579923617e+00
6.516491803861030441e+00 -2.677189495477199088e+00
6.596942319958079892e+00 -2.733104113347673447e+00
6.677392836055131120e+00 -2.770778483077963372e+00
6.757843352152180572e+00 -2.777806522862425798e+00
6.838293868249230023e+00 -2.783013131326957712e+00
6.918744384346279475e+00 -2.788772990035761179e+00
6.999194900443328926e+00 -2.781334316539562757e+00
7.079645416540378378e+00 -2.740702312809512264e+00
7.160095932637429605e+00 -2.719682378085070074e+00
7.240546448734479057e+00 -2.731572491170806138e+00
7.320996964831528508e+00 -2.765240255285176918e+00
7.401447480928577960e+00 -2.785657107185028902e+00
7.481897997025627411e+00 -2.773170443173745170e+00
7.562348513122678639e+00 -2.756959476652639740e+00
7.642799029219728091e+00 -2.732179337429273325e+00
7.723249545316777542e+00 -2.722831798671141446e+00
7.803700061413826994e+00 -2.731948843249100811e+00
7.884150577510876445e+00 -2.767090986688772070e+00
7.964601093607927673e+00 -2.771342137194519051e+00
8.045051609704977125e+00 -2.754287566468274662e+00
8.125502125802025688e+00 -2.732893408896822418e+00
8.205952641899076028e+00 -2.726020195011145120e+00
8.286403157996124591e+00 -2.741376721674022132e+00
8.366853674093176707e+00 -2.755428813628138851e+00
8.447304190190225270e+00 -2.758705059364341405e+00
8.527754706287275610e+00 -2.779617008000316414e+00
8.608205222384324173e+00 -2.800674097338649915e+00
8.688655738481374513e+00 -2.795653710734981257e+00
8.769106254578423076e+00 -2.776117832639506844e+00
8.849556770675475192e+00 -2.765064056119885816e+00
8.930007286772523756e+00 -2.768512813046594800e+00
9.010457802869574095e+00 -2.769164948818109817e+00
9.090908318966622659e+00 -2.780983797678535652e+00
9.171358835063672998e+00 -2.795364325510608872e+00
9.251809351160723338e+00 -2.818277781629666023e+00
9.332259867257773678e+00 -2.838716064645207204e+00
9.412710383354822241e+00 -2.824199882418355401e+00
9.493160899451872581e+00 -2.801941434971741529e+00
9.573611415548921144e+00 -2.790451906318691222e+00
9.654061931645971484e+00 -2.790509465131444156e+00
9.734512447743021823e+00 -2.784180042682242284e+00
9.814962963840072163e+00 -2.779790113378003191e+00
9.895413479937120727e+00 -2.779931056965891933e+00
9.975863996034171066e+00 -2.786199606004172491e+00
1.005631451213121963e+01 -2.793163419046453377e+00
1.013676502822827175e+01 -2.791090524071068835e+00
1.021721554432532031e+01 -2.804460419913391789e+00
1.029766606042237065e+01 -2.808228986183502585e+00
