0.000000000000000000e+00 -1.549019599857431873e-01
8.045051609704977069e-02 -1.901863331822004899e-01
1.609010321940995414e-01 -4.978878972863623464e-01
2.413515482911492982e-01 -1.144977301954212212e+00
3.218020643881990828e-01 -1.414397968470538780e+00
4.022525804852488118e-01 -1.773371909192768214e+00
4.827030965822985964e-01 -2.228679685984631398e+00
5.631536126793483810e-01 -2.498934646712140939e+00
6.436041287763981655e-01 -2.654717971529522824e+00
7.240546448734478391e-01 -2.788965552023898287e+00
8.045051609704976237e-01 -3.006652488013808355e+00
8.849556770675472972e-01 -3.204052811498630859e+00
9.654061931645971928e-01 -3.261223599128874273e+00
1.045856709261647088e+00 -3.292681198754435989e+00
1.126307225358696762e+00 -3.315913170643576269e+00
1.206757741455746435e+00 -3.377289320844770515e+00
1.287208257552796331e+00 -3.387007335073110248e+00
1.367658773649846005e+00 -3.403253578914411825e+00
1.448109289746895678e+00 -3.340213422940225829e+00
1.528559805843945352e+00 -3.210920930504170823e+00
1.609010321940995247e+00 -3.103453115098346871e+00
1.689460838038045143e+00 -3.037721800876020950e+00
1.769911354135094594e+00 -2.998308143138122883e+00
1.850361870232144490e+00 -2.998728976100223598e+00
1.930812386329194386e+00 -2.978690988921203431e+00
2.011262902426244281e+00 -2.947963346302124421e+00
2.091713418523294177e+00 -2.917745791096706842e+00
2.172163934620343628e+00 -2.873560831930184190e+00
2.252614450717393524e+00 -2.821439010013382376e+00
2.333064966814443419e+00 -2.806870961210166993e+00
2.413515482911492871e+00 -2.816028759436140838e+00
2.493965999008542767e+00 -2.852694387222836081e+00
2.574416515105592662e+00 -2.903284256762815208e+00
2.654867031202642558e+00 -2.941856441478482243e+00
2.735317547299692009e+00 -3.001755625802266181e+00
2.815768063396741905e+00 -3.031466151971245360e+00
2.896218579493791356e+00 -3.009473815238857597e+00
2.976669095590841252e+00 -2.967926212760321203e+00
3.057119611687890703e+00 -2.929724508893035040e+00
3.137570127784940599e+00 -2.932670090344785319e+00
3.218020643881990495e+00 -2.943993609444751858e+00
3.298471159979039946e+00 -2.950076392418957472e+00
3.378921676076090286e+00 -2.942907242672739621e+00
3.459372192173139737e+00 -2.932971506923563343e+00
3.539822708270189189e+00 -2.930052883064052427e+00
3.620273224367239528e+00 -2.912420469402569267e+00
3.700723740464288980e+00 -2.883216757678396025e+00
3.781174256561339320e+00 -2.844787609214658897e+00
3.861624772658388771e+00 -2.846664748740380890e+00
3.942075288755438223e+00 -2.900562476354556996e+00
4.022525804852488562e+00 -2.907622491051020219e+00
4.102976320949538014e+00 -2.892264918935336659e+00
4.183426837046588354e+00 -2.868340710590715936e+00
4.263877353143637805e+00 -2.866312725853315424e+00
4.344327869240687257e+00 -2.878466914606970573e+00
4.424778385337737596e+00 -2.907804374809360493e+00
4.505228901434787048e+00 -2.955457934056269220e+00
4.585679417531836499e+00 -2.981777631687993146e+00
4.666129933628886839e+00 -2.990212981221139099e+00
4.746580449725936290e+00 -2.964479907636937916e+00
4.827030965822985742e+00 -2.959881180160103042e+00
4.907481481920036082e+00 -2.945934580919872481e+00
4.987931998017085533e+00 -2.910180294157206138e+00
5.068382514114135873e+00 -2.909300274155285582e+00
5.148833030211185324e+00 -2.947334180028735151e+00
5.229283546308234776e+00 -2.977303756077738228e+00
5.309734062405285115e+00 -2.963715880812850312e+00
5.390184578502334567e+00 -2.950839145071757486e+00
5.470635094599384018e+00 -2.974044534900864178e+00
5.551085610696433470e+00 -2.989635740879002412e+00
5.631536126793483810e+00 -2.974049914243654502e+00
5.711986642890533261e+00 -2.944931817440741284e+00
5.792437158987582713e+00 -2.926391676464286551e+00
5.872887675084633052e+00 -2.925546729070588547e+00
5.953338191181682504e+00 -2.920585620025803575e+00
6.033788707278731955e+00 -2.923535860086082128e+00
6.114239223375781407e+00 -2.947622206854702220e+00
6.194689739472831747e+00 -2.987203405483982888e+00
6.275140255569881198e+00 -3.006438442922193310e+00
6.355590771666931538e+00 -3.006794211508593051e+00
6.436041287763980989e+00 -3.005331870336918509e+00
6.516491803861030441e+00 -3.005914681645840414e+00
6.596942319958079892e+00 -2.983970584602359200e+00
6.677392836055131120e+00 -2.955951226546245092e+00
6.757843352152180572e+00 -2.935036494754667658e+00
6.838293868249230023e+00 -2.939680267361566290e+00
6.918744384346279475e+00 -2.964543088762507939e+00
6.999194900443328926e+00 -2.980217386133377833e+00
7.079645416540378378e+00 -2.970611981363617815e+00
7.160095932637429605e+00 -2.985819756195183583e+00
7.240546448734479057e+00 -2.999840288103775343e+00
7.320996964831528508e+00 -3.011605249444782917e+00
7.401447480928577960e+00 -2.999493353013735764e+00
7.481897997025627411e+00 -2.996020035264048698e+00
7.562348513122678639e+00 -3.020110618105888545e+00
7.642799029219728091e+00 -3.033044358094319382e+00
7.723249545316777542e+00 -3.037714793178401429e+00
7.803700061413826994e+00 -3.041790530410708016e+00
7.884150577510876445e+00 -3.039506593179604810e+00
7.964601093607927673e+00 -3.016174726559869068e+00
8.045051609704977125e+00 -2.993190595556782796e+00
8.125502125802025688e+00 -2.973666430027725127e+00
8.205952641899076028e+00 -2.961594565639034116e+00
8.286403157996124591e+00 -2.977327928378119548e+00
8.366853674093176707e+00 -3.020078675915242705e+00
8.447304190190225270e+00 -3.056449296567330443e+00
8.527754706287275610e+00 -3.074099325767610580e+00
8.608205222384324173e+00 -3.082702188688938083e+00
8.688655738481374513e+00 -3.083017294891106097e+00
8.769106254578423076e+00 -3.057010023895489592e+00
8.849556770675475192e+00 -3.056585519935321571e+00
8.930007286772523756e+00 -3.075646788150632194e+00
9.010457802869574095e+00 -3.104957510717713642e+00
9.090908318966622659e+00 -3.096560522051305941e+00
9.171358835063672998e+00 -3.072447489466600068e+00
9.251809351160723338e+00 -3.072518079832976756e+00
9.332259867257773678e+00 -3.072413553240562312e+00
9.412710383354822241e+00 -3.074884284129590917e+00
9.493160899451872581e+00 -3.098380529664341854e+00
9.573611415548921144e+00 -3.123045397346241536e+00
9.654061931645971484e+00 -3.132957451288473472e+00
9.734512447743021823e+00 -3.131730839369377239e+00
9.814962963840072163e+00 -3.122125779199916185e+00
9.895413479937120727e+00 -3.116845062763254681e+00
9.975863996034171066e+00 -3.116991376245876300e+00
1.005631451213121963e+01 -3.111789822821012130e+00
1.013676502822827175e+01 -3.098372663455375875e+00
1.021721554432532031e+01 -3.119779643052852602e+00
1.029766606042237065e+01 -3.136566850421888208e+00
