0.000000000000000000e+00 -1.549019599857431873e-01
8.045051609704977069e-02 -1.995684983401429802e-01
1.609010321940995414e-01 -5.687091474219477805e-01
2.413515482911492982e-01 -2.005897131854199600e+00
3.218020643881990828e-01 -2.201841991427368139e+00
4.022525804852488118e-01 -1.925778946013486426e+00
4.827030965822985964e-01 -2.014084743661463062e+00
5.631536126793483810e-01 -2.209770812522013461e+00
6.436041287763981655e-01 -2.581484928066086759e+00
7.240546448734478391e-01 -2.902017936849901947e+00
8.045051609704976237e-01 -3.086750337464751137e+00
8.849556770675472972e-01 -3.141825370563655184e+00
9.654061931645971928e-01 -3.205958216711434883e+00
1.045856709261647088e+00 -3.262996716554717125e+00
1.126307225358696762e+00 -3.331619154570171659e+00
1.206757741455746435e+00 -3.379360826804251428e+00
1.287208257552796331e+00 -3.364931971357494778e+00
1.367658773649846005e+00 -3.266774702044620948e+00
1.448109289746895678e+00 -3.192351085574849368e+00
1.528559805843945352e+00 -3.188472067073725214e+00
1.609010321940995247e+00 -3.225289058504735351e+00
1.689460838038045143e+00 -3.173486688925604593e+00
1.769911354135094594e+00 -3.067096552586746405e+00
1.850361870232144490e+00 -2.985406749420636885e+00
1.930812386329194386e+00 -2.924601786512285972e+00
2.011262902426244281e+00 -2.906509008779480041e+00
2.091713418523294177e+00 -2.883114709233725925e+00
2.172163934620343628e+00 -2.862410888585937396e+00
2.252614450717393524e+00 -2.840766012595860257e+00
2.333064966814443419e+00 -2.831704680883519565e+00
2.413515482911492871e+00 -2.857762160947583396e+00
2.493965999008542767e+00 -2.918095295730287475e+00
2.574416515105592662e+00 -2.925879250537569476e+00
2.654867031202642558e+00 -2.908112360007726327e+00
2.735317547299692009e+00 -2.912854302886619173e+00
2.815768063396741905e+00 -2.953472796185761418e+00
2.896218579493791356e+00 -3.003918773451759616e+00
2.976669095590841252e+00 -3.039113252345273075e+00
3.057119611687890703e+00 -3.030700666473203242e+00
3.137570127784940599e+00 -3.001491108669490426e+00
3.218020643881990495e+00 -2.984673717214677335e+00
3.298471159979039946e+00 -2.929573290792270246e+00
3.378921676076090286e+00 -2.889852149043965479e+00
3.459372192173139737e+00 -2.901110401236019598e+00
3.539822708270189189e+00 -2.921889553110742721e+00
3.620273224367239528e+00 -2.936278696290334445e+00
3.700723740464288980e+00 -2.934637032347979790e+00
3.781174256561339320e+00 -2.925697218604797367e+00
3.861624772658388771e+00 -2.940099764195594823e+00
3.942075288755438223e+00 -2.928119991418899559e+00
4.022525804852488562e+00 -2.897547476729170679e+00
4.102976320949538014e+00 -2.874746959910018607e+00
4.183426837046588354e+00 -2.896241144973466852e+00
4.263877353143637805e+00 -2.926651375536247990e+00
4.344327869240687257e+00 -2.919183815489454492e+00
4.424778385337737596e+00 -2.920568830784019188e+00
4.505228901434787048e+00 -2.936043143967461688e+00
4.585679417531836499e+00 -2.954740092048024014e+00
4.666129933628886839e+00 -2.930246788237285571e+00
4.746580449725936290e+00 -2.882101242931743190e+00
4.827030965822985742e+00 -2.846125590544422490e+00
4.907481481920036082e+00 -2.855439598397639500e+00
4.987931998017085533e+00 -2.898782409295799223e+00
5.068382514114135873e+00 -2.930059874312223034e+00
5.148833030211185324e+00 -2.953586570493536900e+00
5.229283546308234776e+00 -2.972622719467282515e+00
5.309734062405285115e+00 -2.981078242092168207e+00
5.390184578502334567e+00 -2.975144304740543255e+00
5.470635094599384018e+00 -2.967169295611560287e+00
5.551085610696433470e+00 -2.963869848273297691e+00
5.631536126793483810e+00 -2.975306522010408461e+00
5.711986642890533261e+00 -2.985956280730435619e+00
5.792437158987582713e+00 -2.995806619412170413e+00
5.872887675084633052e+00 -3.016514390652430766e+00
5.953338191181682504e+00 -3.018114588573203250e+00
6.033788707278731955e+00 -3.015821787419569411e+00
6.114239223375781407e+00 -2.980881360972430283e+00
6.194689739472831747e+00 -2.942973704195775753e+00
6.275140255569881198e+00 -2.922079920602559167e+00
6.355590771666931538e+00 -2.946385307870514225e+00
6.436041287763980989e+00 -2.957545958271666553e+00
6.516491803861030441e+00 -2.933621640407488851e+00
6.596942319958079892e+00 -2.932438475890106311e+00
6.677392836055131120e+00 -2.967713838294411932e+00
6.757843352152180572e+00 -2.997635322621380993e+00
6.838293868249230023e+00 -3.041941083897671483e+00
6.918744384346279475e+00 -3.058038161841552860e+00
6.999194900443328926e+00 -3.038465111338381597e+00
7.079645416540378378e+00 -2.996426041743989188e+00
7.160095932637429605e+00 -2.990444924110813307e+00
7.240546448734479057e+00 -3.002365038153139043e+00
7.320996964831528508e+00 -3.012348632290398065e+00
7.401447480928577960e+00 -3.014386943403248864e+00
7.481897997025627411e+00 -3.003364865161731956e+00
7.562348513122678639e+00 -2.986289706960328250e+00
7.642799029219728091e+00 -2.988663383661221751e+00
7.723249545316777542e+00 -3.029092108813892903e+00
7.803700061413826994e+00 -3.069062267174391234e+00
7.884150577510876445e+00 -3.061069758151495623e+00
7.964601093607927673e+00 -3.004931467581898552e+00
8.045051609704977125e+00 -2.985481943641030700e+00
8.125502125802025688e+00 -3.020379715365850704e+00
8.205952641899076028e+00 -3.044871596182475937e+00
8.286403157996124591e+00 -3.033939584773985843e+00
8.366853674093176707e+00 -3.022063713439509414e+00
8.447304190190225270e+00 -3.020214336368845842e+00
8.527754706287275610e+00 -3.024094074311087788e+00
8.608205222384324173e+00 -3.034862517578398311e+00
8.688655738481374513e+00 -3.050632260763801895e+00
8.769106254578423076e+00 -3.081224250952548260e+00
8.849556770675475192e+00 -3.116580382311214592e+00
8.930007286772523756e+00 -3.112786199510467533e+00
9.010457802869574095e+00 -3.075757177094947892e+00
9.090908318966622659e+00 -3.040684300004009355e+00
9.171358835063672998e+00 -3.051316778524182816e+00
9.251809351160723338e+00 -3.109959950098625026e+00
9.332259867257773678e+00 -3.156794886611517637e+00
9.412710383354822241e+00 -3.162476048810970664e+00
9.493160899451872581e+00 -3.161275152882736972e+00
9.573611415548921144e+00 -3.128927904130173410e+00
9.654061931645971484e+00 -3.097503184158050260e+00
9.734512447743021823e+00 -3.079769300334013860e+00
9.814962963840072163e+00 -3.068569229818522981e+00
9.895413479937120727e+00 -3.055182062126348796e+00
9.975863996034171066e+00 -3.066919559689840202e+00
1.005631451213121963e+01 -3.093051696721599075e+00
1.013676502822827175e+01 -3.118166657175783563e+00
1.021721554432532031e+01 -3.120546590509637230e+00
1.029766606042237065e+01 -3.120575313375897331e+00
