0.000000000000000000e+00 -1.549019599857431873e-01
8.045051609704977069e-02 -2.045485430514046576e-01
1.609010321940995414e-01 -5.642105079904511378e-01
2.413515482911492982e-01 -1.219579983438529469e+00
3.218020643881990828e-01 -1.325958780146892169e+00
4.022525804852488118e-01 -1.724853891729676736e+00
4.827030965822985964e-01 -2.192016271732829757e+00
5.631536126793483810e-01 -2.512668550889272545e+00
6.436041287763981655e-01 -2.776155442902269677e+00
7.240546448734478391e-01 -2.913100682843895228e+00
8.045051609704976237e-01 -2.934329868656688323e+00
8.849556770675472972e-01 -2.982289320378138875e+00
9.654061931645971928e-01 -3.118765018774236619e+00
1.045856709261647088e+00 -3.283953003865327069e+00
1.126307225358696762e+00 -3.318203787931175430e+00
1.206757741455746435e+00 -3.287044994456229663e+00
1.287208257552796331e+00 -3.235387216359331131e+00
1.367658773649846005e+00 -3.184758871307827643e+00
1.448109289746895678e+00 -3.146980404552862876e+00
1.528559805843945352e+00 -3.164501232561404365e+00
1.609010321940995247e+00 -3.169901865817450926e+00
1.689460838038045143e+00 -3.145491146467298549e+00
1.769911354135094594e+00 -3.095613729085926025e+00
1.850361870232144490e+00 -3.013485392962331311e+00
1.930812386329194386e+00 -2.987737991380712721e+00
2.011262902426244281e+00 -3.015338441418689452e+00
2.091713418523294177e+00 -3.019528284291688625e+00
2.172163934620343628e+00 -2.966338709979829957e+00
2.252614450717393524e+00 -2.920895917635129457e+00
2.333064966814443419e+00 -2.927015992722838966e+00
2.413515482911492871e+00 -2.942630329370669262e+00
2.493965999008542767e+00 -2.932637035845843343e+00
2.574416515105592662e+00 -2.957777828808842546e+00
2.654867031202642558e+00 -2.999553414023289122e+00
2.735317547299692009e+00 -2.994188554034010075e+00
2.815768063396741905e+00 -3.004084183416234399e+00
2.896218579493791356e+00 -3.017049057689132230e+00
2.976669095590841252e+00 -3.010022125086291744e+00
3.057119611687890703e+00 -2.946326066483333062e+00
3.137570127784940599e+00 -2.910812567075999446e+00
3.218020643881990495e+00 -2.902089740600052536e+00
3.298471159979039946e+00 -2.916439939663120651e+00
3.378921676076090286e+00 -2.894089118013843720e+00
3.459372192173139737e+00 -2.913032444454282999e+00
3.539822708270189189e+00 -2.917705620892914631e+00
3.620273224367239528e+00 -2.925548568812794237e+00
3.700723740464288980e+00 -2.904857633169623643e+00
3.781174256561339320e+00 -2.905874784991530291e+00
3.861624772658388771e+00 -2.901880267866284946e+00
3.942075288755438223e+00 -2.902052090444725341e+00
4.022525804852488562e+00 -2.882522045344119377e+00
4.102976320949538014e+00 -2.886088169022859695e+00
4.183426837046588354e+00 -2.912997882127381644e+00
4.263877353143637805e+00 -2.939807360118842361e+00
4.344327869240687257e+00 -2.940250414359894204e+00
4.424778385337737596e+00 -2.934727304734704223e+00
4.505228901434787048e+00 -2.926090510600812156e+00
4.585679417531836499e+00 -2.928838919594575874e+00
4.666129933628886839e+00 -2.947920479162427831e+00
4.746580449725936290e+00 -2.999657715838907723e+00
4.827030965822985742e+00 -3.031445774069417176e+00
4.907481481920036082e+00 -3.070160606679388948e+00
4.987931998017085533e+00 -3.051612042908723677e+00
5.068382514114135873e+00 -3.003900387118725757e+00
5.148833030211185324e+00 -2.972171560891014863e+00
5.229283546308234776e+00 -2.968730697813081409e+00
5.309734062405285115e+00 -2.975843300762771815e+00
5.390184578502334567e+00 -2.969741851331133553e+00
5.470635094599384018e+00 -2.965198984071942157e+00
5.551085610696433470e+00 -2.972983929677764703e+00
5.631536126793483810e+00 -2.990081265689689793e+00
5.711986642890533261e+00 -2.994354941549842497e+00
5.792437158987582713e+00 -2.958596868440946270e+00
5.872887675084633052e+00 -2.941330546760143161e+00
5.953338191181682504e+00 -2.983828756195757936e+00
6.033788707278731955e+00 -3.041544313892386775e+00
6.114239223375781407e+00 -3.032613735010109668e+00
6.194689739472831747e+00 -2.996147188626417712e+00
6.275140255569881198e+00 -2.984073896343951038e+00
6.355590771666931538e+00 -3.006518590487702980e+00
6.436041287763980989e+00 -3.015028997289461721e+00
6.516491803861030441e+00 -3.025833101862830166e+00
6.596942319958079892e+00 -3.023586852357791788e+00
6.677392836055131120e+00 -3.030794579429191948e+00
6.757843352152180572e+00 -3.009923220389936649e+00
6.838293868249230023e+00 -2.987023994643433600e+00
6.918744384346279475e+00 -2.996537826374749081e+00
6.999194900443328926e+00 -3.033098175222717963e+00
7.079645416540378378e+00 -3.027078345030494777e+00
7.160095932637429605e+00 -2.997800068399636864e+00
7.240546448734479057e+00 -2.984728082040018826e+00
7.320996964831528508e+00 -3.006990694851379153e+00
7.401447480928577960e+00 -3.029042448690433265e+00
7.481897997025627411e+00 -3.046054009721101075e+00
7.562348513122678639e+00 -3.060612574666224273e+00
7.642799029219728091e+00 -3.066192104546397790e+00
7.723249545316777542e+00 -3.072392476590183108e+00
7.803700061413826994e+00 -3.061948371389390466e+00
7.884150577510876445e+00 -3.053498746923612561e+00
7.964601093607927673e+00 -3.051991326425372186e+00
8.045051609704977125e+00 -3.070097984625296927e+00
8.125502125802025688e+00 -3.084058265592273695e+00
8.205952641899076028e+00 -3.073621444821982962e+00
8.286403157996124591e+00 -3.050269025958133096e+00
8.366853674093176707e+00 -3.034761747215061423e+00
8.447304190190225270e+00 -3.033796781018570865e+00
8.527754706287275610e+00 -3.054976707067615482e+00
8.608205222384324173e+00 -3.057057478549728202e+00
8.688655738481374513e+00 -3.049298451200924909e+00
8.769106254578423076e+00 -3.076268780999728669e+00
8.849556770675475192e+00 -3.077077078593008608e+00
8.930007286772523756e+00 -3.073816129181340617e+00
9.010457802869574095e+00 -3.076651794377164517e+00
9.090908318966622659e+00 -3.088603188209832595e+00
9.171358835063672998e+00 -3.096376240537642488e+00
9.251809351160723338e+00 -3.130019209978379457e+00
9.332259867257773678e+00 -3.144553073745448124e+00
9.412710383354822241e+00 -3.147645193022078125e+00
9.493160899451872581e+00 -3.155716186757310915e+00
9.573611415548921144e+00 -3.159107642634749968e+00
9.654061931645971484e+00 -3.149635135426136046e+00
9.734512447743021823e+00 -3.163897117991052887e+00
9.814962963840072163e+00 -3.193209571863478757e+00
9.895413479937120727e+00 -3.178675729015855378e+00
9.975863996034171066e+00 -3.134370970349539487e+00
1.005631451213121963e+01 -3.118555348882148692e+00
1.013676502822827175e+01 -3.109932491632030782e+00
1.021721554432532031e+01 -3.102761668452623578e+00
1.029766606042237065e+01 -3.115712536837554225e+00
