0.000000000000000000e+00 -1.549019599857431873e-01
8.045051609704977069e-02 -2.036732908035957523e-01
1.609010321940995414e-01 -5.080188676541009807e-01
2.413515482911492982e-01 -1.239690194703240156e+00
3.218020643881990828e-01 -1.550975225486259435e+00
4.022525804852488118e-01 -1.799073965995264368e+00
4.827030965822985964e-01 -2.099550122331121038e+00
5.631536126793483810e-01 -2.452449932945585331e+00
6.436041287763981655e-01 -2.744484854043317767e+00
7.240546448734478391e-01 -3.016173421021135947e+00
8.045051609704976237e-01 -3.211507146167176252e+00
8.849556770675472972e-01 -3.159762318640061629e+00
9.654061931645971928e-01 -3.099879570392036321e+00
1.045856709261647088e+00 -3.115596065924852720e+00
1.126307225358696762e+00 -3.206654761919439434e+00
1.206757741455746435e+00 -3.242511614961032240e+00
1.287208257552796331e+00 -3.229118704959658803e+00
1.367658773649846005e+00 -3.214135222910901923e+00
1.448109289746895678e+00 -3.245298763738055925e+00
1.528559805843945352e+00 -3.280527260047592542e+00
1.609010321940995247e+00 -3.256410307737919396e+00
1.689460838038045143e+00 -3.167230676908293407e+00
1.769911354135094594e+00 -3.113791897269618580e+00
1.850361870232144490e+00 -3.066128985111403971e+00
1.930812386329194386e+00 -3.018605768708061632e+00
2.011262902426244281e+00 -2.994776391108586289e+00
2.091713418523294177e+00 -2.969308368161269307e+00
2.172163934620343628e+00 -2.881312142524969033e+00
2.252614450717393524e+00 -2.810239888557708898e+00
2.333064966814443419e+00 -2.788282866459922626e+00
2.413515482911492871e+00 -2.813399346134659584e+00
2.493965999008542767e+00 -2.858547761886025995e+00
2.574416515105592662e+00 -2.924713395846717301e+00
2.654867031202642558e+00 -2.950517284142179175e+00
2.735317547299692009e+00 -2.909618753311126405e+00
2.815768063396741905e+00 -2.886742080131856181e+00
2.896218579493791356e+00 -2.892865422888567295e+00
2.976669095590841252e+00 -2.896608786912951761e+00
3.057119611687890703e+00 -2.898693632817588295e+00
3.137570127784940599e+00 -2.897806905462155136e+00
3.218020643881990495e+00 -2.871815687449240873e+00
3.298471159979039946e+00 -2.878918687670061427e+00
3.378921676076090286e+00 -2.888637152495374227e+00
3.459372192173139737e+00 -2.867638872008488882e+00
3.539822708270189189e+00 -2.851521424727664122e+00
3.620273224367239528e+00 -2.852126770046098159e+00
3.700723740464288980e+00 -2.869676622161854596e+00
3.781174256561339320e+00 -2.872483952105040039e+00
3.861624772658388771e+00 -2.863613650670751909e+00
3.942075288755438223e+00 -2.829071711148288593e+00
4.022525804852488562e+00 -2.826488118371218050e+00
4.102976320949538014e+00 -2.848813604631387442e+00
4.183426837046588354e+00 -2.861264456169251513e+00
4.263877353143637805e+00 -2.877675513163695520e+00
4.344327869240687257e+00 -2.918842464383370139e+00
4.424778385337737596e+00 -2.954349485288024990e+00
4.505228901434787048e+00 -2.983097629208828483e+00
4.585679417531836499e+00 -3.007862854044567325e+00
4.666129933628886839e+00 -3.001485343366440350e+00
4.746580449725936290e+00 -2.996136247978026468e+00
4.827030965822985742e+00 -2.997491641581147448e+00
4.907481481920036082e+00 -2.997317847972695848e+00
4.987931998017085533e+00 -3.001499113655845097e+00
5.068382514114135873e+00 -3.001145975280124834e+00
5.148833030211185324e+00 -2.992748664073180631e+00
5.229283546308234776e+00 -2.986003468588191989e+00
5.309734062405285115e+00 -2.989049281269424263e+00
5.390184578502334567e+00 -2.972784754850259947e+00
5.470635094599384018e+00 -2.919055952604781901e+00
5.551085610696433470e+00 -2.860395674542475675e+00
5.631536126793483810e+00 -2.841703652498650534e+00
5.711986642890533261e+00 -2.879202475233493264e+00
5.792437158987582713e+00 -2.919388812160828461e+00
5.872887675084633052e+00 -2.965286304519175964e+00
5.953338191181682504e+00 -2.988165576526016221e+00
6.033788707278731955e+00 -2.989718759969419271e+00
6.114239223375781407e+00 -3.014247718730619585e+00
6.194689739472831747e+00 -3.025056873924730549e+00
6.275140255569881198e+00 -3.000247606981875759e+00
6.355590771666931538e+00 -2.980659838292995634e+00
6.436041287763980989e+00 -3.001138928012543783e+00
6.516491803861030441e+00 -3.033005165393449776e+00
6.596942319958079892e+00 -3.065243498097514063e+00
6.677392836055131120e+00 -3.062377184481876569e+00
6.757843352152180572e+00 -3.024038664088288808e+00
6.838293868249230023e+00 -2.997242024910235614e+00
6.918744384346279475e+00 -3.016210397751146743e+00
6.999194900443328926e+00 -3.035615981917421102e+00
7.079645416540378378e+00 -3.016766839739524642e+00
7.160095932637429605e+00 -3.012443988656345439e+00
7.240546448734479057e+00 -3.042011152178681233e+00
7.320996964831528508e+00 -3.075073069109113710e+00
7.401447480928577960e+00 -3.084784419673057609e+00
7.481897997025627411e+00 -3.078885592438353580e+00
7.562348513122678639e+00 -3.054603579315303907e+00
7.642799029219728091e+00 -3.019225667661151746e+00
7.723249545316777542e+00 -3.007107144663168086e+00
7.803700061413826994e+00 -3.016264852208295544e+00
7.884150577510876445e+00 -3.025234322803526332e+00
7.964601093607927673e+00 -3.011137538356282839e+00
8.045051609704977125e+00 -3.005131212414630770e+00
8.125502125802025688e+00 -2.997799591676577613e+00
8.205952641899076028e+00 -3.001943089063085157e+00
8.286403157996124591e+00 -3.014936433638362168e+00
8.366853674093176707e+00 -3.010186715416278691e+00
8.447304190190225270e+00 -2.987346567322309188e+00
8.527754706287275610e+00 -2.965748617631869699e+00
8.608205222384324173e+00 -2.981297792336116803e+00
8.688655738481374513e+00 -3.027544483896138949e+00
8.769106254578423076e+00 -3.061310669992836964e+00
8.849556770675475192e+00 -3.076188601940966993e+00
8.930007286772523756e+00 -3.076683224337100064e+00
9.010457802869574095e+00 -3.070658739318034236e+00
9.090908318966622659e+00 -3.069036846952292841e+00
9.171358835063672998e+00 -3.063694610210379032e+00
9.251809351160723338e+00 -3.053795957926908056e+00
9.332259867257773678e+00 -3.063416666700381707e+00
9.412710383354822241e+00 -3.065427927742465197e+00
9.493160899451872581e+00 -3.074355612342306365e+00
9.573611415548921144e+00 -3.085368850502318683e+00
9.654061931645971484e+00 -3.075549660575673805e+00
9.734512447743021823e+00 -3.076740734445116754e+00
9.814962963840072163e+00 -3.116901424624300088e+00
9.895413479937120727e+00 -3.143097687005480090e+00
9.975863996034171066e+00 -3.155197573475584605e+00
1.005631451213121963e+01 -3.158038974292928902e+00
1.013676502822827175e+01 -3.152144755469151516e+00
1.021721554432532031e+01 -3.132422336844479460e+00
1.029766606042237065e+01 -3.124497018234428047e+00
