0.000000000000000000e+00 -1.549019599857431873e-01
8.045051609704977069e-02 -1.904623939945023492e-01
1.609010321940995414e-01 -4.916063546341024049e-01
2.413515482911492982e-01 -1.124995121027914102e+00
3.218020643881990828e-01 -1.658030159486642008e+00
4.022525804852488118e-01 -2.513484218497199940e+00
4.827030965822985964e-01 -3.053483819021673984e+00
5.631536126793483810e-01 -3.072986332595817327e+00
6.436041287763981655e-01 -3.259755716919848556e+00
7.240546448734478391e-01 -3.502321104943405317e+00
8.045051609704976237e-01 -3.633590249995055643e+00
8.849556770675472972e-01 -3.681044006545464153e+00
9.654061931645971928e-01 -3.723277585343052642e+00
1.045856709261647088e+00 -3.802407459449618443e+00
1.126307225358696762e+00 -3.842201840617339492e+00
1.206757741455746435e+00 -3.828049873153801297e+00
1.287208257552796331e+00 -3.767966807336661006e+00
1.367658773649846005e+00 -3.684952947794819078e+00
1.448109289746895678e+00 -3.582254402165995888e+00
1.528559805843945352e+00 -3.505741884039304423e+00
1.609010321940995247e+00 -3.507142485058867720e+00
1.689460838038045143e+00 -3.485976265430377641e+00
1.769911354135094594e+00 -3.415800680323100469e+00
1.850361870232144490e+00 -3.327880493014734320e+00
1.930812386329194386e+00 -3.273472285292486461e+00
2.011262902426244281e+00 -3.227754474057159761e+00
2.091713418523294177e+00 -3.248980678853027992e+00
2.172163934620343628e+00 -3.261940825223496265e+00
2.252614450717393524e+00 -3.240538864071090153e+00
2.333064966814443419e+00 -3.213349889099089030e+00
2.413515482911492871e+00 -3.229005562072595037e+00
2.493965999008542767e+00 -3.266612053706770880e+00
2.574416515105592662e+00 -3.275702906579212925e+00
2.654867031202642558e+00 -3.247045789819520412e+00
2.735317547299692009e+00 -3.224461857109680363e+00
2.815768063396741905e+00 -3.205793618088279562e+00
2.896218579493791356e+00 -3.209553075676297773e+00
2.976669095590841252e+00 -3.239219289753932252e+00
3.057119611687890703e+00 -3.239394565852975472e+00
3.137570127784940599e+00 -3.192624076226391772e+00
3.218020643881990495e+00 -3.154382221256281760e+00
3.298471159979039946e+00 -3.175565514205834994e+00
3.378921676076090286e+00 -3.235740939886891709e+00
3.459372192173139737e+00 -3.274637241419296796e+00
3.539822708270189189e+00 -3.277147938586296050e+00
3.620273224367239528e+00 -3.243131161471932700e+00
3.700723740464288980e+00 -3.227751991480662053e+00
3.781174256561339320e+00 -3.230068381878241190e+00
3.861624772658388771e+00 -3.232177274595136041e+00
3.942075288755438223e+00 -3.213349928815092849e+00
4.022525804852488562e+00 -3.216879882383173683e+00
4.102976320949538014e+00 -3.268206170250041342e+00
4.183426837046588354e+00 -3.290541928154054663e+00
4.263877353143637805e+00 -3.251435744414758133e+00
4.344327869240687257e+00 -3.179188849803433303e+00
4.424778385337737596e+00 -3.111281143536342775e+00
4.505228901434787048e+00 -3.102072985411255868e+00
4.585679417531836499e+00 -3.155817811995895728e+00
4.666129933628886839e+00 -3.203129085240047580e+00
4.746580449725936290e+00 -3.207108687682153292e+00
4.827030965822985742e+00 -3.192092077368249292e+00
4.907481481920036082e+00 -3.193233687460897752e+00
4.987931998017085533e+00 -3.201623469429420332e+00
5.068382514114135873e+00 -3.195075699984889273e+00
5.148833030211185324e+00 -3.174161631854335752e+00
5.229283546308234776e+00 -3.197978038068746365e+00
5.309734062405285115e+00 -3.243730516144021969e+00
5.390184578502334567e+00 -3.275251968429756300e+00
5.470635094599384018e+00 -3.289262968493013695e+00
5.551085610696433470e+00 -3.292577995729346618e+00
5.631536126793483810e+00 -3.274640664953394342e+00
5.711986642890533261e+00 -3.251197535002149142e+00
5.792437158987582713e+00 -3.235779620930029576e+00
5.872887675084633052e+00 -3.257498714161101816e+00
5.953338191181682504e+00 -3.290286416357739885e+00
6.033788707278731955e+00 -3.288489495402459717e+00
6.114239223375781407e+00 -3.286288817553783215e+00
6.194689739472831747e+00 -3.284179184637134874e+00
6.275140255569881198e+00 -3.294331921877425184e+00
6.355590771666931538e+00 -3.333772763144590812e+00
6.436041287763980989e+00 -3.338730002508331296e+00
6.516491803861030441e+00 -3.297490207509933047e+00
6.596942319958079892e+00 -3.274993075049655200e+00
6.677392836055131120e+00 -3.290812401218903283e+00
6.757843352152180572e+00 -3.294674985473315054e+00
6.838293868249230023e+00 -3.282945031224344223e+00
6.918744384346279475e+00 -3.290820674334024254e+00
6.999194900443328926e+00 -3.318775763719370442e+00
7.079645416540378378e+00 -3.324712774206146193e+00
7.160095932637429605e+00 -3.338539299825191708e+00
7.240546448734479057e+00 -3.344398029414202167e+00
7.320996964831528508e+00 -3.329351680321672724e+00
7.401447480928577960e+00 -3.294781152389040457e+00
7.481897997025627411e+00 -3.282117300745846400e+00
7.562348513122678639e+00 -3.287625773036365828e+00
7.642799029219728091e+00 -3.315154486174287651e+00
7.723249545316777542e+00 -3.353053114147968472e+00
7.803700061413826994e+00 -3.393208739104298655e+00
7.884150577510876445e+00 -3.402388732539996852e+00
7.964601093607927673e+00 -3.395724749090025529e+00
8.045051609704977125e+00 -3.377107942519201433e+00
8.125502125802025688e+00 -3.367341535022946530e+00
8.205952641899076028e+00 -3.360406182322362323e+00
8.286403157996124591e+00 -3.357019432627414535e+00
8.366853674093176707e+00 -3.389584280172084796e+00
8.447304190190225270e+00 -3.386371336231125628e+00
8.527754706287275610e+00 -3.371684256025425430e+00
8.608205222384324173e+00 -3.380469169866296753e+00
8.688655738481374513e+00 -3.390881746489588178e+00
8.769106254578423076e+00 -3.387874089500072294e+00
8.849556770675475192e+00 -3.396111315667389441e+00
8.930007286772523756e+00 -3.421685585128030560e+00
9.010457802869574095e+00 -3.435845061777292653e+00
9.090908318966622659e+00 -3.426667844935614049e+00
9.171358835063672998e+00 -3.421291279285803455e+00
9.251809351160723338e+00 -3.424132235515010336e+00
9.332259867257773678e+00 -3.441765847199139028e+00
9.412710383354822241e+00 -3.442432803213395509e+00
9.493160899451872581e+00 -3.445570868734090908e+00
9.573611415548921144e+00 -3.437936671483491580e+00
9.654061931645971484e+00 -3.440740292185614724e+00
9.734512447743021823e+00 -3.451322159929043565e+00
9.814962963840072163e+00 -3.430248539701299837e+00
9.895413479937120727e+00 -3.427162876960482940e+00
9.975863996034171066e+00 -3.441077139894794357e+00
1.005631451213121963e+01 -3.442479564755855037e+00
1.013676502822827175e+01 -3.432779001963623955e+00
1.021721554432532031e+01 -3.415975589015225022e+00
1.029766606042237065e+01 -3.400590634227855347e+00
