0.000000000000000000e+00 -1.549019599857431873e-01
8.045051609704977069e-02 -1.743820270598533950e-01
1.609010321940995414e-01 -3.608344518029540926e-01
2.413515482911492982e-01 -8.496041699373738654e-01
3.218020643881990828e-01 -1.652586948007892520e+00
4.022525804852488118e-01 -2.598668501283451171e+00
4.827030965822985964e-01 -2.943620121352139574e+00
5.631536126793483810e-01 -3.175397930130340551e+00
6.436041287763981655e-01 -3.310583495650269548e+00
7.240546448734478391e-01 -3.512418463424329840e+00
8.045051609704976237e-01 -3.603155128910692007e+00
8.849556770675472972e-01 -3.658253066527735076e+00
9.654061931645971928e-01 -3.701941545381292720e+00
1.045856709261647088e+00 -3.754768880466510694e+00
1.126307225358696762e+00 -3.776568429504933988e+00
1.206757741455746435e+00 -3.774069288439106717e+00
1.287208257552796331e+00 -3.741833338662560404e+00
1.367658773649846005e+00 -3.730638403622383414e+00
1.448109289746895678e+00 -3.739244516974276067e+00
1.528559805843945352e+00 -3.737400442795621114e+00
1.609010321940995247e+00 -3.691736393063290933e+00
1.689460838038045143e+00 -3.615485013095727673e+00
1.769911354135094594e+00 -3.545731725092800879e+00
1.850361870232144490e+00 -3.421263991669554638e+00
1.930812386329194386e+00 -3.310855905849079850e+00
2.011262902426244281e+00 -3.228070607119863489e+00
2.091713418523294177e+00 -3.123908398608291836e+00
2.172163934620343628e+00 -3.020533305367807841e+00
2.252614450717393524e+00 -3.003663684246307142e+00
2.333064966814443419e+00 -3.046967590228949252e+00
2.413515482911492871e+00 -3.092085884846755395e+00
2.493965999008542767e+00 -3.125927157024849024e+00
2.574416515105592662e+00 -3.131731939955953337e+00
2.654867031202642558e+00 -3.146483881773081581e+00
2.735317547299692009e+00 -3.182612178725872543e+00
2.815768063396741905e+00 -3.218300738745589307e+00
2.896218579493791356e+00 -3.249085602004698536e+00
2.976669095590841252e+00 -3.219466225329620457e+00
3.057119611687890703e+00 -3.148715858389542710e+00
3.137570127784940599e+00 -3.100113441039237916e+00
3.218020643881990495e+00 -3.088784714693411981e+00
3.298471159979039946e+00 -3.133276932528650693e+00
3.378921676076090286e+00 -3.197332212394115469e+00
3.459372192173139737e+00 -3.224822453380112197e+00
3.539822708270189189e+00 -3.213511673652998724e+00
3.620273224367239528e+00 -3.186446761954749629e+00
3.700723740464288980e+00 -3.170788246206900141e+00
3.781174256561339320e+00 -3.177436510880013110e+00
3.861624772658388771e+00 -3.185700184958986103e+00
3.942075288755438223e+00 -3.196922246514809718e+00
4.022525804852488562e+00 -3.200349878977057028e+00
4.102976320949538014e+00 -3.208088219334726432e+00
4.183426837046588354e+00 -3.243416607059277812e+00
4.263877353143637805e+00 -3.269411022718149429e+00
4.344327869240687257e+00 -3.259897790192082923e+00
4.424778385337737596e+00 -3.241318530778519058e+00
4.505228901434787048e+00 -3.233787890797902964e+00
4.585679417531836499e+00 -3.245175997071216401e+00
4.666129933628886839e+00 -3.265926631671292046e+00
4.746580449725936290e+00 -3.280521721937873281e+00
4.827030965822985742e+00 -3.302052263473651994e+00
4.907481481920036082e+00 -3.305669161867841765e+00
4.987931998017085533e+00 -3.248084546338505074e+00
5.068382514114135873e+00 -3.241770099749500034e+00
5.148833030211185324e+00 -3.282804324547063946e+00
5.229283546308234776e+00 -3.315542163099958195e+00
5.309734062405285115e+00 -3.321129478015485414e+00
5.390184578502334567e+00 -3.311362733372527956e+00
5.470635094599384018e+00 -3.303025863715757904e+00
5.551085610696433470e+00 -3.322152662110291921e+00
5.631536126793483810e+00 -3.332080057126545647e+00
5.711986642890533261e+00 -3.322364486443335707e+00
5.792437158987582713e+00 -3.344525855816633531e+00
5.872887675084633052e+00 -3.356103641521854364e+00
5.953338191181682504e+00 -3.333055902908589552e+00
6.033788707278731955e+00 -3.318519127325830542e+00
6.114239223375781407e+00 -3.306523650198142317e+00
6.194689739472831747e+00 -3.331963099505804493e+00
6.275140255569881198e+00 -3.361902704796289498e+00
6.355590771666931538e+00 -3.369856376288533184e+00
6.436041287763980989e+00 -3.371226159907704911e+00
6.516491803861030441e+00 -3.386913881220001254e+00
6.596942319958079892e+00 -3.378874483620136981e+00
6.677392836055131120e+00 -3.390472545690457640e+00
6.757843352152180572e+00 -3.377816037528216242e+00
6.838293868249230023e+00 -3.354527563397015300e+00
6.918744384346279475e+00 -3.339714277218604366e+00
6.999194900443328926e+00 -3.319502652295367895e+00
7.079645416540378378e+00 -3.275856158974230325e+00
7.160095932637429605e+00 -3.249156697716274689e+00
7.240546448734479057e+00 -3.244443851098068432e+00
7.320996964831528508e+00 -3.266735766084992498e+00
7.401447480928577960e+00 -3.292515576562810686e+00
7.481897997025627411e+00 -3.331846779642337886e+00
7.562348513122678639e+00 -3.386545659542076869e+00
7.642799029219728091e+00 -3.427253423665893806e+00
7.723249545316777542e+00 -3.408830368527874022e+00
7.803700061413826994e+00 -3.386485848530738529e+00
7.884150577510876445e+00 -3.375110596071118074e+00
7.964601093607927673e+00 -3.363007637647849712e+00
8.045051609704977125e+00 -3.364566165135463027e+00
8.125502125802025688e+00 -3.375889454392400513e+00
8.205952641899076028e+00 -3.385356523574485355e+00
8.286403157996124591e+00 -3.411986800291451072e+00
8.366853674093176707e+00 -3.425182240703625869e+00
8.447304190190225270e+00 -3.405368978145258296e+00
8.527754706287275610e+00 -3.390196820604658878e+00
8.608205222384324173e+00 -3.375862331444480890e+00
8.688655738481374513e+00 -3.361270926361863420e+00
8.769106254578423076e+00 -3.336454720512090244e+00
8.849556770675475192e+00 -3.349472246901174621e+00
8.930007286772523756e+00 -3.374875049256085724e+00
9.010457802869574095e+00 -3.387990320838086600e+00
9.090908318966622659e+00 -3.379489123994629640e+00
9.171358835063672998e+00 -3.363698524314585381e+00
9.251809351160723338e+00 -3.366898594216187757e+00
9.332259867257773678e+00 -3.372837968339403858e+00
9.412710383354822241e+00 -3.374347270110850783e+00
9.493160899451872581e+00 -3.379350959421162148e+00
9.573611415548921144e+00 -3.370266002427787733e+00
9.654061931645971484e+00 -3.355356704461498474e+00
9.734512447743021823e+00 -3.369917843990878126e+00
9.814962963840072163e+00 -3.393793950350108002e+00
9.895413479937120727e+00 -3.407635372680484664e+00
9.975863996034171066e+00 -3.421608321103657424e+00
1.005631451213121963e+01 -3.410386322417152449e+00
1.013676502822827175e+01 -3.385656763588169582e+00
1.021721554432532031e+01 -3.397065937864208962e+00
1.029766606042237065e+01 -3.407766712297124911e+00
