0.000000000000000000e+00 -1.549019599857431873e-01
8.045051609704977069e-02 -1.954014550964890684e-01
1.609010321940995414e-01 -5.575801167895195753e-01
2.413515482911492982e-01 -1.674664448831060470e+00
3.218020643881990828e-01 -1.823544043629089062e+00
4.022525804852488118e-01 -1.788770996564481131e+00
4.827030965822985964e-01 -1.966483852187626669e+00
5.631536126793483810e-01 -2.338825493010230794e+00
6.436041287763981655e-01 -2.719985308991327955e+00
7.240546448734478391e-01 -2.914059999856516203e+00
8.045051609704976237e-01 -2.915008282728851263e+00
8.849556770675472972e-01 -2.938482106294194374e+00
9.654061931645971928e-01 -3.037036054829820308e+00
1.045856709261647088e+00 -3.125703176061647603e+00
1.126307225358696762e+00 -3.129636650903114603e+00
1.206757741455746435e+00 -3.118431637109764676e+00
1.287208257552796331e+00 -3.146928108603005203e+00
1.367658773649846005e+00 -3.129736697908544141e+00
1.448109289746895678e+00 -3.044143495294991730e+00
1.528559805843945352e+00 -2.973669694079149828e+00
1.609010321940995247e+00 -2.907563199869834136e+00
1.689460838038045143e+00 -2.811089366982287174e+00
1.769911354135094594e+00 -2.772584790705792113e+00
1.850361870232144490e+00 -2.724251631995505463e+00
1.930812386329194386e+00 -2.671593444034733533e+00
2.011262902426244281e+00 -2.657781658871885000e+00
2.091713418523294177e+00 -2.649187698423674409e+00
2.172163934620343628e+00 -2.614585589536955634e+00
2.252614450717393524e+00 -2.588330255250137935e+00
2.333064966814443419e+00 -2.596053219182425043e+00
2.413515482911492871e+00 -2.586439319204876686e+00
2.493965999008542767e+00 -2.594104883258032679e+00
2.574416515105592662e+00 -2.622017421422683459e+00
2.654867031202642558e+00 -2.678155868676070028e+00
2.735317547299692009e+00 -2.766019039139266944e+00
2.815768063396741905e+00 -2.806901024123245492e+00
2.896218579493791356e+00 -2.774304608009637185e+00
2.976669095590841252e+00 -2.757828330773062220e+00
3.057119611687890703e+00 -2.772988765486339879e+00
3.137570127784940599e+00 -2.813843931645743091e+00
3.218020643881990495e+00 -2.817343573017702774e+00
3.298471159979039946e+00 -2.810769715764670718e+00
3.378921676076090286e+00 -2.866271901082789064e+00
3.459372192173139737e+00 -2.938718609678561577e+00
3.539822708270189189e+00 -2.974882371968265993e+00
3.620273224367239528e+00 -2.958490085890770338e+00
3.700723740464288980e+00 -2.879144516671463538e+00
3.781174256561339320e+00 -2.831482586176176319e+00
3.861624772658388771e+00 -2.860226382163140180e+00
3.942075288755438223e+00 -2.896192490002922781e+00
4.022525804852488562e+00 -2.894481359534079701e+00
4.102976320949538014e+00 -2.862132480001744916e+00
4.183426837046588354e+00 -2.823848255168715404e+00
4.263877353143637805e+00 -2.829679504046070271e+00
4.344327869240687257e+00 -2.848544293810867600e+00
4.424778385337737596e+00 -2.876634325872715170e+00
4.505228901434787048e+00 -2.912358940842875388e+00
4.585679417531836499e+00 -2.923860634684697146e+00
4.666129933628886839e+00 -2.936530279116724262e+00
4.746580449725936290e+00 -2.945379828199711447e+00
4.827030965822985742e+00 -2.914196265272221975e+00
4.907481481920036082e+00 -2.917178310696560750e+00
4.987931998017085533e+00 -2.948729815798452503e+00
5.068382514114135873e+00 -3.010514725866736629e+00
5.148833030211185324e+00 -3.037074260399927894e+00
5.229283546308234776e+00 -3.037504884562000740e+00
5.309734062405285115e+00 -3.034306633662835040e+00
5.390184578502334567e+00 -3.039298262302860376e+00
5.470635094599384018e+00 -3.042525837547938927e+00
5.551085610696433470e+00 -2.988019052540929810e+00
5.631536126793483810e+00 -2.941759684624008830e+00
5.711986642890533261e+00 -2.941652995697606077e+00
5.792437158987582713e+00 -2.979632750720158985e+00
5.872887675084633052e+00 -3.006858438771595310e+00
5.953338191181682504e+00 -3.037490355370663586e+00
6.033788707278731955e+00 -3.045180140430510551e+00
6.114239223375781407e+00 -3.032492858336905517e+00
6.194689739472831747e+00 -2.992142540059817613e+00
6.275140255569881198e+00 -2.961352276958034491e+00
6.355590771666931538e+00 -2.947635591409173195e+00
6.436041287763980989e+00 -2.944152187896297512e+00
6.516491803861030441e+00 -2.931177299320956386e+00
6.596942319958079892e+00 -2.955665742838674781e+00
6.677392836055131120e+00 -2.993149983614305398e+00
6.757843352152180572e+00 -3.024310985853742917e+00
6.838293868249230023e+00 -3.026559210752731932e+00
6.918744384346279475e+00 -3.001683635625188362e+00
6.999194900443328926e+00 -2.982742829726603428e+00
7.079645416540378378e+00 -3.024802735934157827e+00
7.160095932637429605e+00 -3.073057256676004378e+00
7.240546448734479057e+00 -3.040467385195879224e+00
7.320996964831528508e+00 -3.001230953814022051e+00
7.401447480928577960e+00 -2.998136349653876653e+00
7.481897997025627411e+00 -3.022921468445218807e+00
7.562348513122678639e+00 -3.058563010283257277e+00
7.642799029219728091e+00 -3.064689806006011263e+00
7.723249545316777542e+00 -3.067098848236969655e+00
7.803700061413826994e+00 -3.067586533264315296e+00
7.884150577510876445e+00 -3.055838544085961672e+00
7.964601093607927673e+00 -3.027910740547703483e+00
8.045051609704977125e+00 -3.010210939605270752e+00
8.125502125802025688e+00 -3.028512706856706149e+00
8.205952641899076028e+00 -3.038756104360777588e+00
8.286403157996124591e+00 -3.054486125465477819e+00
8.366853674093176707e+00 -3.064916716338624614e+00
8.447304190190225270e+00 -3.053366142404839945e+00
8.527754706287275610e+00 -3.029167940678215931e+00
8.608205222384324173e+00 -3.007715171527995501e+00
8.688655738481374513e+00 -2.994626197056040162e+00
8.769106254578423076e+00 -3.000187027070483126e+00
8.849556770675475192e+00 -3.013401726340827480e+00
8.930007286772523756e+00 -3.032666589667800228e+00
9.010457802869574095e+00 -3.054167640996302335e+00
9.090908318966622659e+00 -3.064361277120416727e+00
9.171358835063672998e+00 -3.060827150084695525e+00
9.251809351160723338e+00 -3.049254772791755386e+00
9.332259867257773678e+00 -3.061898687411231723e+00
9.412710383354822241e+00 -3.072904794052512045e+00
9.493160899451872581e+00 -3.080570631155646666e+00
9.573611415548921144e+00 -3.074741694582642459e+00
9.654061931645971484e+00 -3.074380907274923302e+00
9.734512447743021823e+00 -3.070955648375655045e+00
9.814962963840072163e+00 -3.100898021677103156e+00
9.895413479937120727e+00 -3.144746228738788396e+00
9.975863996034171066e+00 -3.156522236380319590e+00
1.005631451213121963e+01 -3.152298077661820574e+00
1.013676502822827175e+01 -3.121250376053427811e+00
1.021721554432532031e+01 -3.104185520816313382e+00
1.029766606042237065e+01 -3.120344325647609107e+00
