0.000000000000000000e+00 -1.549019599857431873e-01
8.045051609704977069e-02 -3.948181548462617596e-01
1.609010321940995414e-01 -1.288752034649621514e+00
2.413515482911492982e-01 -3.614131082782443549e+00
3.218020643881990828e-01 -4.040670977731850577e+00
4.022525804852488118e-01 -3.965885634102897850e+00
4.827030965822985964e-01 -4.226643907970161429e+00
5.631536126793483810e-01 -4.821289683814641513e+00
6.436041287763981655e-01 -5.397691723826910426e+00
7.240546448734478391e-01 -5.957405639439375733e+00
8.045051609704976237e-01 -6.278009996271044280e+00
8.849556770675472972e-01 -6.271429160667244318e+00
9.654061931645971928e-01 -6.202031243003082395e+00
1.045856709261647088e+00 -6.157265679719491125e+00
1.126307225358696762e+00 -6.230709667317809952e+00
1.206757741455746435e+00 -6.356022003753714955e+00
1.287208257552796331e+00 -6.457115043068248461e+00
1.367658773649846005e+00 -6.370540197689881445e+00
1.448109289746895678e+00 -6.209732572150922891e+00
1.528559805843945352e+00 -6.097495992690038058e+00
1.609010321940995247e+00 -5.923703722767896807e+00
1.689460838038045143e+00 -5.789996607100532877e+00
1.769911354135094594e+00 -5.724969024332317247e+00
1.850361870232144490e+00 -5.711210291226019642e+00
1.930812386329194386e+00 -5.579939701395894680e+00
2.011262902426244281e+00 -5.395695172586956190e+00
2.091713418523294177e+00 -5.170501282725869174e+00
2.172163934620343628e+00 -5.019694229490013093e+00
2.252614450717393524e+00 -4.932529127866104979e+00
2.333064966814443419e+00 -4.908260730233195090e+00
2.413515482911492871e+00 -4.936389044829600614e+00
2.493965999008542767e+00 -5.099876774230998500e+00
2.574416515105592662e+00 -5.276969241825476331e+00
2.654867031202642558e+00 -5.367938803862737807e+00
2.735317547299692009e+00 -5.409034885727438180e+00
2.815768063396741905e+00 -5.416320719726511967e+00
2.896218579493791356e+00 -5.431561138810599765e+00
2.976669095590841252e+00 -5.508080092126011351e+00
3.057119611687890703e+00 -5.600923786183947151e+00
3.137570127784940599e+00 -5.712836360979290262e+00
3.218020643881990495e+00 -5.816305044065848584e+00
3.298471159979039946e+00 -5.895293679470698933e+00
3.378921676076090286e+00 -5.863349627065978176e+00
3.459372192173139737e+00 -5.884621464507834077e+00
3.539822708270189189e+00 -5.887435201932552431e+00
3.620273224367239528e+00 -5.931266914007576219e+00
3.700723740464288980e+00 -5.939033844655880579e+00
3.781174256561339320e+00 -5.949404837271395685e+00
3.861624772658388771e+00 -5.929386930691112667e+00
3.942075288755438223e+00 -5.922312909288836913e+00
4.022525804852488562e+00 -5.885467165796207212e+00
4.102976320949538014e+00 -5.801395465831371112e+00
4.183426837046588354e+00 -5.733660646019955287e+00
4.263877353143637805e+00 -5.748594163125672729e+00
4.344327869240687257e+00 -5.820058928403309295e+00
4.424778385337737596e+00 -5.857568541294376985e+00
4.505228901434787048e+00 -5.854734020072334566e+00
4.585679417531836499e+00 -5.929333496504114009e+00
4.666129933628886839e+00 -5.975002498129944328e+00
4.746580449725936290e+00 -5.957359449033383214e+00
4.827030965822985742e+00 -5.860443001874226177e+00
4.907481481920036082e+00 -5.812194129829911127e+00
4.987931998017085533e+00 -5.844629814213591068e+00
5.068382514114135873e+00 -5.925388586042800831e+00
5.148833030211185324e+00 -5.921863295853925457e+00
5.229283546308234776e+00 -5.908927726545709191e+00
5.309734062405285115e+00 -5.859983577861646253e+00
5.390184578502334567e+00 -5.879330698046718595e+00
5.470635094599384018e+00 -5.912837486371189222e+00
5.551085610696433470e+00 -5.948262797499041632e+00
5.631536126793483810e+00 -5.948850890606113495e+00
5.711986642890533261e+00 -5.944647653377549190e+00
5.792437158987582713e+00 -5.971167074318457502e+00
5.872887675084633052e+00 -5.972991342062885067e+00
5.953338191181682504e+00 -5.993639241446546251e+00
6.033788707278731955e+00 -6.034343183059756477e+00
6.114239223375781407e+00 -6.100040998948940363e+00
6.194689739472831747e+00 -6.158445495267008241e+00
6.275140255569881198e+00 -6.173380037272277576e+00
6.355590771666931538e+00 -6.167382520751778507e+00
6.436041287763980989e+00 -6.032944388750047793e+00
6.516491803861030441e+00 -5.899608288069161155e+00
6.596942319958079892e+00 -5.849936868065683804e+00
6.677392836055131120e+00 -5.890184101920715953e+00
6.757843352152180572e+00 -5.951179343776068720e+00
6.838293868249230023e+00 -5.988042884097371399e+00
6.918744384346279475e+00 -6.006580513548049005e+00
6.999194900443328926e+00 -6.015023947598580278e+00
7.079645416540378378e+00 -6.017888500515228500e+00
7.160095932637429605e+00 -6.056932231795709498e+00
7.240546448734479057e+00 -6.056101718968420755e+00
7.320996964831528508e+00 -6.008375727684136969e+00
7.401447480928577960e+00 -6.010944214144966047e+00
7.481897997025627411e+00 -6.038810544706146644e+00
7.562348513122678639e+00 -6.045660838989491914e+00
7.642799029219728091e+00 -6.020589799238556417e+00
7.723249545316777542e+00 -5.986663054754935764e+00
7.803700061413826994e+00 -5.997002760278040689e+00
7.884150577510876445e+00 -6.053507000357529755e+00
7.964601093607927673e+00 -6.124024278735858751e+00
8.045051609704977125e+00 -6.160885768527886164e+00
8.125502125802025688e+00 -6.177302402876636123e+00
8.205952641899076028e+00 -6.136760671799759592e+00
8.286403157996124591e+00 -6.103569088571627610e+00
8.366853674093176707e+00 -6.073125975879046123e+00
8.447304190190225270e+00 -6.102211988540577003e+00
8.527754706287275610e+00 -6.115585699485338367e+00
8.608205222384324173e+00 -6.134837479786675374e+00
8.688655738481374513e+00 -6.169407731453389943e+00
8.769106254578423076e+00 -6.173647783503986020e+00
8.849556770675475192e+00 -6.103546853023912533e+00
8.930007286772523756e+00 -6.060838927688971367e+00
9.010457802869574095e+00 -6.099234980717334942e+00
9.090908318966622659e+00 -6.134530701196955427e+00
9.171358835063672998e+00 -6.195908135829620633e+00
9.251809351160723338e+00 -6.191814699216567242e+00
9.332259867257773678e+00 -6.159760958586104174e+00
9.412710383354822241e+00 -6.135327209292080752e+00
9.493160899451872581e+00 -6.143355051880093676e+00
9.573611415548921144e+00 -6.159445738906992318e+00
9.654061931645971484e+00 -6.189136339264807773e+00
9.734512447743021823e+00 -6.214123566432997237e+00
9.814962963840072163e+00 -6.194216030118534277e+00
9.895413479937120727e+00 -6.167139652354487467e+00
9.975863996034171066e+00 -6.170929064060963753e+00
1.005631451213121963e+01 -6.192419998756931498e+00
1.013676502822827175e+01 -6.209712421377141744e+00
1.021721554432532031e+01 -6.242466571818612309e+00
1.029766606042237065e+01 -6.255086967409209997e+00
