0.000000000000000000e+00 -1.549019599857431873e-01
8.045051609704977069e-02 -2.100901460683505528e-01
1.609010321940995414e-01 -6.476176401250047787e-01
2.413515482911492982e-01 -1.745102389518425001e+00
3.218020643881990828e-01 -1.597248143899667738e+00
4.022525804852488118e-01 -1.456775702538253281e+00
4.827030965822985964e-01 -1.716450792873148945e+00
5.631536126793483810e-01 -2.291737373273931677e+00
6.436041287763981655e-01 -2.542500793645541268e+00
7.240546448734478391e-01 -2.595637955148318632e+00
8.045051609704976237e-01 -2.755469123026673017e+00
8.849556770675472972e-01 -3.049000297410515703e+00
9.654061931645971928e-01 -3.191716015620167379e+00
1.045856709261647088e+00 -3.201101881937161941e+00
1.126307225358696762e+00 -3.202487446539040494e+00
1.206757741455746435e+00 -3.228927552903193554e+00
1.287208257552796331e+00 -3.213516989689789494e+00
1.367658773649846005e+00 -3.138474790314988105e+00
1.448109289746895678e+00 -3.117347953204962607e+00
1.528559805843945352e+00 -3.112614480542782669e+00
1.609010321940995247e+00 -3.033370816986582952e+00
1.689460838038045143e+00 -2.962351629316428259e+00
1.769911354135094594e+00 -2.918614049438098768e+00
1.850361870232144490e+00 -2.820693771314145781e+00
1.930812386329194386e+00 -2.764454380829836300e+00
2.011262902426244281e+00 -2.771718969791113985e+00
2.091713418523294177e+00 -2.749149308553976656e+00
2.172163934620343628e+00 -2.653349800414111392e+00
2.252614450717393524e+00 -2.570401003745958146e+00
2.333064966814443419e+00 -2.554894911079715225e+00
2.413515482911492871e+00 -2.588603230897752905e+00
2.493965999008542767e+00 -2.602635534509459170e+00
2.574416515105592662e+00 -2.556050799252638228e+00
2.654867031202642558e+00 -2.553812244802460718e+00
2.735317547299692009e+00 -2.600921628474225145e+00
2.815768063396741905e+00 -2.682143091360306819e+00
2.896218579493791356e+00 -2.746769852928287570e+00
2.976669095590841252e+00 -2.809372797252480236e+00
3.057119611687890703e+00 -2.834688610172341416e+00
3.137570127784940599e+00 -2.857675917960640355e+00
3.218020643881990495e+00 -2.875792000051338615e+00
3.298471159979039946e+00 -2.903729446722033813e+00
3.378921676076090286e+00 -2.917671583333981911e+00
3.459372192173139737e+00 -2.949508270398310650e+00
3.539822708270189189e+00 -2.973948102871720067e+00
3.620273224367239528e+00 -2.993272413802993803e+00
3.700723740464288980e+00 -2.965008493325591132e+00
3.781174256561339320e+00 -2.925638049003767005e+00
3.861624772658388771e+00 -2.881320932970699467e+00
3.942075288755438223e+00 -2.894306779928583317e+00
4.022525804852488562e+00 -2.928310659871026900e+00
4.102976320949538014e+00 -2.950177733584288919e+00
4.183426837046588354e+00 -2.966272328592058916e+00
4.263877353143637805e+00 -2.980855952577114110e+00
4.344327869240687257e+00 -2.988289145184064299e+00
4.424778385337737596e+00 -2.959988511988158155e+00
4.505228901434787048e+00 -2.933345285516167689e+00
4.585679417531836499e+00 -2.901284552901204350e+00
4.666129933628886839e+00 -2.912621742833726213e+00
4.746580449725936290e+00 -2.940214053042526920e+00
4.827030965822985742e+00 -2.937310170805274900e+00
4.907481481920036082e+00 -2.907503195748225799e+00
4.987931998017085533e+00 -2.932826114555804331e+00
5.068382514114135873e+00 -2.966665299057132721e+00
5.148833030211185324e+00 -2.999497382288151215e+00
5.229283546308234776e+00 -3.005906837341853599e+00
5.309734062405285115e+00 -2.990738122930371112e+00
5.390184578502334567e+00 -2.986793546444702852e+00
5.470635094599384018e+00 -2.982949797039444739e+00
5.551085610696433470e+00 -2.984481293458430606e+00
5.631536126793483810e+00 -2.992987080836637226e+00
5.711986642890533261e+00 -3.011671794372641209e+00
5.792437158987582713e+00 -3.062932511212475895e+00
5.872887675084633052e+00 -3.104733681566326897e+00
5.953338191181682504e+00 -3.096901135829966289e+00
6.033788707278731955e+00 -3.066857018761987685e+00
6.114239223375781407e+00 -3.072124608906878329e+00
6.194689739472831747e+00 -3.068428849322130780e+00
6.275140255569881198e+00 -3.049905123714705457e+00
6.355590771666931538e+00 -3.024829056681980877e+00
6.436041287763980989e+00 -3.036679934210234411e+00
6.516491803861030441e+00 -3.051028718811573004e+00
6.596942319958079892e+00 -3.071271694754086568e+00
6.677392836055131120e+00 -3.090237055504421626e+00
6.757843352152180572e+00 -3.096500693537496574e+00
6.838293868249230023e+00 -3.068132581771324308e+00
6.918744384346279475e+00 -3.072853289595363524e+00
6.999194900443328926e+00 -3.065935857587483326e+00
7.079645416540378378e+00 -3.061801434643999009e+00
7.160095932637429605e+00 -3.050530837994327893e+00
7.240546448734479057e+00 -3.034847097174746544e+00
7.320996964831528508e+00 -3.035263585948692722e+00
7.401447480928577960e+00 -3.074877491432058907e+00
7.481897997025627411e+00 -3.120091136199366844e+00
7.562348513122678639e+00 -3.142407921963795481e+00
7.642799029219728091e+00 -3.118083688511633422e+00
7.723249545316777542e+00 -3.086876877133684527e+00
7.803700061413826994e+00 -3.089883452500568062e+00
7.884150577510876445e+00 -3.085993409834908885e+00
7.964601093607927673e+00 -3.078448791553779262e+00
8.045051609704977125e+00 -3.094383912092387501e+00
8.125502125802025688e+00 -3.124152075015323771e+00
8.205952641899076028e+00 -3.139539623066023744e+00
8.286403157996124591e+00 -3.130333788709533493e+00
8.366853674093176707e+00 -3.102815696348799168e+00
8.447304190190225270e+00 -3.085509799490625316e+00
8.527754706287275610e+00 -3.091049343870477362e+00
8.608205222384324173e+00 -3.089532903033015199e+00
8.688655738481374513e+00 -3.065127954857404191e+00
8.769106254578423076e+00 -3.057316662088010339e+00
8.849556770675475192e+00 -3.063603289719321943e+00
8.930007286772523756e+00 -3.095929955643130338e+00
9.010457802869574095e+00 -3.138822305634112908e+00
9.090908318966622659e+00 -3.156053057957961983e+00
9.171358835063672998e+00 -3.119371001368337115e+00
9.251809351160723338e+00 -3.059451912601817369e+00
9.332259867257773678e+00 -3.034085439559413455e+00
9.412710383354822241e+00 -3.043640338117615141e+00
9.493160899451872581e+00 -3.074577951997006231e+00
9.573611415548921144e+00 -3.104315305977193962e+00
9.654061931645971484e+00 -3.111840030330141449e+00
9.734512447743021823e+00 -3.111416058266605056e+00
9.814962963840072163e+00 -3.130615394057282952e+00
9.895413479937120727e+00 -3.144008687033890581e+00
9.975863996034171066e+00 -3.143256843570270576e+00
1.005631451213121963e+01 -3.167192023743627960e+00
1.013676502822827175e+01 -3.189401811059124459e+00
1.021721554432532031e+01 -3.200140485286576020e+00
1.029766606042237065e+01 -3.193072358352367690e+00
