0.000000000000000000e+00 -1.549019599857431873e-01
8.045051609704977069e-02 -1.918037203075856345e-01
1.609010321940995414e-01 -5.191006135937673571e-01
2.413515482911492982e-01 -1.254820375861766646e+00
3.218020643881990828e-01 -1.615998973841267450e+00
4.022525804852488118e-01 -1.752437577210202324e+00
4.827030965822985964e-01 -2.019609611861051590e+00
5.631536126793483810e-01 -2.433066562691967416e+00
6.436041287763981655e-01 -2.743763396185629588e+00
7.240546448734478391e-01 -2.929170708212217811e+00
8.045051609704976237e-01 -3.004291614768747731e+00
8.849556770675472972e-01 -3.105108096972867493e+00
9.654061931645971928e-01 -3.138076041491904444e+00
1.045856709261647088e+00 -3.168170920102821864e+00
1.126307225358696762e+00 -3.227026437979749307e+00
1.206757741455746435e+00 -3.301170344646528143e+00
1.287208257552796331e+00 -3.298441449641947631e+00
1.367658773649846005e+00 -3.228058388302796455e+00
1.448109289746895678e+00 -3.178175660059805896e+00
1.528559805843945352e+00 -3.150766549163519947e+00
1.609010321940995247e+00 -3.101809262539443779e+00
1.689460838038045143e+00 -3.017427415267942781e+00
1.769911354135094594e+00 -2.910479227695199622e+00
1.850361870232144490e+00 -2.813010222861315857e+00
1.930812386329194386e+00 -2.732775216438770638e+00
2.011262902426244281e+00 -2.701760219620379821e+00
2.091713418523294177e+00 -2.670767320557734248e+00
2.172163934620343628e+00 -2.588737303300525650e+00
2.252614450717393524e+00 -2.496426309212786521e+00
2.333064966814443419e+00 -2.464190241348987342e+00
2.413515482911492871e+00 -2.519444420464086232e+00
2.493965999008542767e+00 -2.597429656842062062e+00
2.574416515105592662e+00 -2.640265397411857951e+00
2.654867031202642558e+00 -2.669708185862833538e+00
2.735317547299692009e+00 -2.731629059576859753e+00
2.815768063396741905e+00 -2.797839206988909755e+00
2.896218579493791356e+00 -2.871149942599306115e+00
2.976669095590841252e+00 -2.933987814287190243e+00
3.057119611687890703e+00 -2.911820194344184820e+00
3.137570127784940599e+00 -2.840618875346613503e+00
3.218020643881990495e+00 -2.822131482660903856e+00
3.298471159979039946e+00 -2.860943588599369924e+00
3.378921676076090286e+00 -2.941931250693139877e+00
3.459372192173139737e+00 -2.965974020010633261e+00
3.539822708270189189e+00 -2.940248327589239707e+00
3.620273224367239528e+00 -2.924624673108242146e+00
3.700723740464288980e+00 -2.907382576800630947e+00
3.781174256561339320e+00 -2.920781736418650798e+00
3.861624772658388771e+00 -2.902383472102130213e+00
3.942075288755438223e+00 -2.884179132076095442e+00
4.022525804852488562e+00 -2.900025268770227704e+00
4.102976320949538014e+00 -2.915261924039648900e+00
4.183426837046588354e+00 -2.900322828426468824e+00
4.263877353143637805e+00 -2.897809885746254643e+00
4.344327869240687257e+00 -2.922241543862465374e+00
4.424778385337737596e+00 -2.950227723460063345e+00
4.505228901434787048e+00 -2.955506185570515587e+00
4.585679417531836499e+00 -2.938271873514971766e+00
4.666129933628886839e+00 -2.942454604894326309e+00
4.746580449725936290e+00 -2.979234284406282018e+00
4.827030965822985742e+00 -3.006104294651223086e+00
4.907481481920036082e+00 -2.996578227943421879e+00
4.987931998017085533e+00 -2.962794757672426726e+00
5.068382514114135873e+00 -2.953460523818984385e+00
5.148833030211185324e+00 -2.962109986405887074e+00
5.229283546308234776e+00 -2.973476712827768598e+00
5.309734062405285115e+00 -2.992483965680359681e+00
5.390184578502334567e+00 -3.024098584120164190e+00
5.470635094599384018e+00 -3.037694331035067030e+00
5.551085610696433470e+00 -3.062933246221168471e+00
5.631536126793483810e+00 -3.079015105929665541e+00
5.711986642890533261e+00 -3.081259645755257903e+00
5.792437158987582713e+00 -3.045844291464900877e+00
5.872887675084633052e+00 -3.003174433637202156e+00
5.953338191181682504e+00 -2.967579242017774011e+00
6.033788707278731955e+00 -2.975180565735531690e+00
6.114239223375781407e+00 -2.983802670832608417e+00
6.194689739472831747e+00 -2.975637013448009238e+00
6.275140255569881198e+00 -2.982758013401323183e+00
6.355590771666931538e+00 -2.976183779281203812e+00
6.436041287763980989e+00 -2.967220965111967868e+00
6.516491803861030441e+00 -2.947019163933348729e+00
6.596942319958079892e+00 -2.956380445160558423e+00
6.677392836055131120e+00 -3.003593292301745876e+00
6.757843352152180572e+00 -3.050454863689801233e+00
6.838293868249230023e+00 -3.069113270887648515e+00
6.918744384346279475e+00 -3.050902915469531074e+00
6.999194900443328926e+00 -3.033955180707450516e+00
7.079645416540378378e+00 -3.027186135063027805e+00
7.160095932637429605e+00 -3.013839831045359130e+00
7.240546448734479057e+00 -2.996732342729320209e+00
7.320996964831528508e+00 -3.012352508942559126e+00
7.401447480928577960e+00 -3.036068406595143099e+00
7.481897997025627411e+00 -3.043374205805599253e+00
7.562348513122678639e+00 -3.038993686273118833e+00
7.642799029219728091e+00 -3.013465488193210362e+00
7.723249545316777542e+00 -2.990924853587983989e+00
7.803700061413826994e+00 -2.977691551281910431e+00
7.884150577510876445e+00 -2.976891211745524402e+00
7.964601093607927673e+00 -2.987456256126093557e+00
8.045051609704977125e+00 -2.991748100245567255e+00
8.125502125802025688e+00 -3.005076837042089721e+00
8.205952641899076028e+00 -3.013931186805344886e+00
8.286403157996124591e+00 -3.011842448551608431e+00
8.366853674093176707e+00 -2.994954180506854247e+00
8.447304190190225270e+00 -3.005048046875149481e+00
8.527754706287275610e+00 -3.024831907490804106e+00
8.608205222384324173e+00 -3.041758201386417060e+00
8.688655738481374513e+00 -3.069234692110470508e+00
8.769106254578423076e+00 -3.075407592607185769e+00
8.849556770675475192e+00 -3.057304655883569922e+00
8.930007286772523756e+00 -3.029607446353862255e+00
9.010457802869574095e+00 -3.027768145237064612e+00
9.090908318966622659e+00 -3.056336220100199341e+00
9.171358835063672998e+00 -3.063012896651775563e+00
9.251809351160723338e+00 -3.069194914989711531e+00
9.332259867257773678e+00 -3.056871952306176698e+00
9.412710383354822241e+00 -3.055285340774547720e+00
9.493160899451872581e+00 -3.060737955043358660e+00
9.573611415548921144e+00 -3.054501989069339896e+00
9.654061931645971484e+00 -3.033670247915023932e+00
9.734512447743021823e+00 -3.045877576375753737e+00
9.814962963840072163e+00 -3.070187750191060605e+00
9.895413479937120727e+00 -3.102406540964350867e+00
9.975863996034171066e+00 -3.114430854677275651e+00
1.005631451213121963e+01 -3.112929612606768703e+00
1.013676502822827175e+01 -3.097020750966608116e+00
1.021721554432532031e+01 -3.092173135186676802e+00
1.029766606042237065e+01 -3.098427836375140743e+00
