0.000000000000000000e+00 -1.549019599857431873e-01
8.045051609704977069e-02 -2.105425347982130546e-01
1.609010321940995414e-01 -5.879144897195998087e-01
2.413515482911492982e-01 -1.607510210873355661e+00
3.218020643881990828e-01 -1.762118282121963642e+00
4.022525804852488118e-01 -1.629355888968768706e+00
4.827030965822985964e-01 -1.780087322416209705e+00
5.631536126793483810e-01 -2.186120821212265586e+00
6.436041287763981655e-01 -2.537866027617541320e+00
7.240546448734478391e-01 -2.707706633344385772e+00
8.045051609704976237e-01 -2.822749555370586805e+00
8.849556770675472972e-01 -2.963978246093777802e+00
9.654061931645971928e-01 -3.101062839778998992e+00
1.045856709261647088e+00 -3.195096890788532651e+00
1.126307225358696762e+00 -3.191211366665496652e+00
1.206757741455746435e+00 -3.139482028672402780e+00
1.287208257552796331e+00 -3.040716209608033349e+00
1.367658773649846005e+00 -2.941900481015439883e+00
1.448109289746895678e+00 -2.896390718676603804e+00
1.528559805843945352e+00 -2.913698989712888210e+00
1.609010321940995247e+00 -2.874839217926599133e+00
1.689460838038045143e+00 -2.818742813523189561e+00
1.769911354135094594e+00 -2.773870509136835860e+00
1.850361870232144490e+00 -2.799973987200458758e+00
1.930812386329194386e+00 -2.774355239996959543e+00
2.011262902426244281e+00 -2.683169042015292938e+00
2.091713418523294177e+00 -2.630656090883806364e+00
2.172163934620343628e+00 -2.587025030337771092e+00
2.252614450717393524e+00 -2.538246229361902806e+00
2.333064966814443419e+00 -2.555513539790006838e+00
2.413515482911492871e+00 -2.621959046227086976e+00
2.493965999008542767e+00 -2.665908243428331659e+00
2.574416515105592662e+00 -2.723928709398915071e+00
2.654867031202642558e+00 -2.773414684628387139e+00
2.735317547299692009e+00 -2.790630386732739332e+00
2.815768063396741905e+00 -2.809082806852730929e+00
2.896218579493791356e+00 -2.867045980919591841e+00
2.976669095590841252e+00 -2.846641672139022639e+00
3.057119611687890703e+00 -2.817411908951363397e+00
3.137570127784940599e+00 -2.829123551237381129e+00
3.218020643881990495e+00 -2.864413192711309897e+00
3.298471159979039946e+00 -2.889027631158672893e+00
3.378921676076090286e+00 -2.896676877467136535e+00
3.459372192173139737e+00 -2.896531875432716063e+00
3.539822708270189189e+00 -2.886564418508591245e+00
3.620273224367239528e+00 -2.870718395324774352e+00
3.700723740464288980e+00 -2.862749457530506803e+00
3.781174256561339320e+00 -2.898399353592167937e+00
3.861624772658388771e+00 -2.922098108501434144e+00
3.942075288755438223e+00 -2.911389805242786899e+00
4.022525804852488562e+00 -2.881840311477783079e+00
4.102976320949538014e+00 -2.912537914898891689e+00
4.183426837046588354e+00 -2.970039101154883010e+00
4.263877353143637805e+00 -2.995666827539174903e+00
4.344327869240687257e+00 -2.982455438973856232e+00
4.424778385337737596e+00 -2.943154346196362514e+00
4.505228901434787048e+00 -2.934189340756919062e+00
4.585679417531836499e+00 -2.934186034556441225e+00
4.666129933628886839e+00 -2.948251059083235148e+00
4.746580449725936290e+00 -2.989186158487639577e+00
4.827030965822985742e+00 -3.007692922710837546e+00
4.907481481920036082e+00 -3.015412920525167184e+00
4.987931998017085533e+00 -3.021009284636839709e+00
5.068382514114135873e+00 -2.996639902895829266e+00
5.148833030211185324e+00 -2.966389316577747515e+00
5.229283546308234776e+00 -2.958346765378113918e+00
5.309734062405285115e+00 -2.975408895534453535e+00
5.390184578502334567e+00 -2.966147407531293467e+00
5.470635094599384018e+00 -2.943830294335078701e+00
5.551085610696433470e+00 -2.944051129215551565e+00
5.631536126793483810e+00 -2.929462451670556522e+00
5.711986642890533261e+00 -2.900505172095903639e+00
5.792437158987582713e+00 -2.905353041270280379e+00
5.872887675084633052e+00 -2.925785975203106126e+00
5.953338191181682504e+00 -2.948983583204108694e+00
6.033788707278731955e+00 -2.986935230900056304e+00
6.114239223375781407e+00 -3.021150415752572815e+00
6.194689739472831747e+00 -3.012527768567599296e+00
6.275140255569881198e+00 -2.979124936905559906e+00
6.355590771666931538e+00 -2.969581311172231786e+00
6.436041287763980989e+00 -3.010104274446422590e+00
6.516491803861030441e+00 -3.064538235890102325e+00
6.596942319958079892e+00 -3.081788272109951876e+00
6.677392836055131120e+00 -3.055415573467334500e+00
6.757843352152180572e+00 -3.046650379088449601e+00
6.838293868249230023e+00 -3.042979527514758420e+00
6.918744384346279475e+00 -3.031063029811433385e+00
6.999194900443328926e+00 -3.007568037654754889e+00
7.079645416540378378e+00 -3.015541647169915240e+00
7.160095932637429605e+00 -3.059715622982758010e+00
7.240546448734479057e+00 -3.096169571173934099e+00
7.320996964831528508e+00 -3.078684681245819732e+00
7.401447480928577960e+00 -3.056864708925188356e+00
7.481897997025627411e+00 -3.037832836469307463e+00
7.562348513122678639e+00 -3.026099612381637716e+00
7.642799029219728091e+00 -3.023496704917278954e+00
7.723249545316777542e+00 -3.009295182624522003e+00
7.803700061413826994e+00 -2.976201533919935915e+00
7.884150577510876445e+00 -2.980139439064001472e+00
7.964601093607927673e+00 -3.011305637169894300e+00
8.045051609704977125e+00 -3.047748522953675376e+00
8.125502125802025688e+00 -3.062752954809717654e+00
8.205952641899076028e+00 -3.040933163640374026e+00
8.286403157996124591e+00 -3.021439517724716861e+00
8.366853674093176707e+00 -3.013361891376499013e+00
8.447304190190225270e+00 -3.049545699231852147e+00
8.527754706287275610e+00 -3.063842219172533188e+00
8.608205222384324173e+00 -3.052365748177823246e+00
8.688655738481374513e+00 -3.047017827185064309e+00
8.769106254578423076e+00 -3.064000244586762456e+00
8.849556770675475192e+00 -3.078203730420617568e+00
8.930007286772523756e+00 -3.085707913094686727e+00
9.010457802869574095e+00 -3.102236332123343487e+00
9.090908318966622659e+00 -3.118685301878696858e+00
9.171358835063672998e+00 -3.117247855790715061e+00
9.251809351160723338e+00 -3.088098882047431992e+00
9.332259867257773678e+00 -3.072048511577099461e+00
9.412710383354822241e+00 -3.097260919759236675e+00
9.493160899451872581e+00 -3.121404014381014669e+00
9.573611415548921144e+00 -3.119950200613895941e+00
9.654061931645971484e+00 -3.113399161907957513e+00
9.734512447743021823e+00 -3.133245339256068629e+00
9.814962963840072163e+00 -3.146338702424654077e+00
9.895413479937120727e+00 -3.131186975555451113e+00
9.975863996034171066e+00 -3.117068923026363958e+00
1.005631451213121963e+01 -3.112825897591798618e+00
1.013676502822827175e+01 -3.124276192434167321e+00
1.021721554432532031e+01 -3.119939827559682133e+00
1.029766606042237065e+01 -3.124464740286958531e+00
