0.000000000000000000e+00 -1.549019599857431873e-01
8.045051609704977069e-02 -1.857602959834325496e-01
1.609010321940995414e-01 -4.961812396183570284e-01
2.413515482911492982e-01 -1.476640696073338699e+00
3.218020643881990828e-01 -1.957521069012577941e+00
4.022525804852488118e-01 -1.876511615768310604e+00
4.827030965822985964e-01 -2.052962867201256980e+00
5.631536126793483810e-01 -2.422999907058704050e+00
6.436041287763981655e-01 -2.741788697313300105e+00
7.240546448734478391e-01 -2.814442654599352611e+00
8.045051609704976237e-01 -2.866124114154769753e+00
8.849556770675472972e-01 -2.991339524474308398e+00
9.654061931645971928e-01 -3.132221035169410417e+00
1.045856709261647088e+00 -3.238845605135144634e+00
1.126307225358696762e+00 -3.254722501938606793e+00
1.206757741455746435e+00 -3.241675454489446384e+00
1.287208257552796331e+00 -3.279806859940773478e+00
1.367658773649846005e+00 -3.244113177910645351e+00
1.448109289746895678e+00 -3.138653382360261812e+00
1.528559805843945352e+00 -3.068173355846018691e+00
1.609010321940995247e+00 -3.006619232795706864e+00
1.689460838038045143e+00 -2.962940254702749243e+00
1.769911354135094594e+00 -2.880243658909444449e+00
1.850361870232144490e+00 -2.815075515541265005e+00
1.930812386329194386e+00 -2.766836344051867069e+00
2.011262902426244281e+00 -2.732340523093948370e+00
2.091713418523294177e+00 -2.705270860802422739e+00
2.172163934620343628e+00 -2.635184880612463143e+00
2.252614450717393524e+00 -2.584622190176622425e+00
2.333064966814443419e+00 -2.573388489514967237e+00
2.413515482911492871e+00 -2.598392189193083457e+00
2.493965999008542767e+00 -2.623494158180200486e+00
2.574416515105592662e+00 -2.678159069559436389e+00
2.654867031202642558e+00 -2.720111490126651876e+00
2.735317547299692009e+00 -2.753680764409444759e+00
2.815768063396741905e+00 -2.798433143049910754e+00
2.896218579493791356e+00 -2.822453802706200054e+00
2.976669095590841252e+00 -2.851505386717407386e+00
3.057119611687890703e+00 -2.869201651402812470e+00
3.137570127784940599e+00 -2.900625314670389532e+00
3.218020643881990495e+00 -2.933428413898454767e+00
3.298471159979039946e+00 -2.942886486725754036e+00
3.378921676076090286e+00 -2.930637007882795242e+00
3.459372192173139737e+00 -2.918569729608573304e+00
3.539822708270189189e+00 -2.883472912692969903e+00
3.620273224367239528e+00 -2.865367638396241645e+00
3.700723740464288980e+00 -2.893737836332638924e+00
3.781174256561339320e+00 -2.949975249016126622e+00
3.861624772658388771e+00 -3.013426565375516120e+00
3.942075288755438223e+00 -3.029137969436565658e+00
4.022525804852488562e+00 -2.986304308961858389e+00
4.102976320949538014e+00 -2.924452679328342075e+00
4.183426837046588354e+00 -2.886807146826722015e+00
4.263877353143637805e+00 -2.881178180993902771e+00
4.344327869240687257e+00 -2.891703581237304643e+00
4.424778385337737596e+00 -2.903555428490497192e+00
4.505228901434787048e+00 -2.911435390828617908e+00
4.585679417531836499e+00 -2.919635443777997441e+00
4.666129933628886839e+00 -2.931722012506339681e+00
4.746580449725936290e+00 -2.958959641715898758e+00
4.827030965822985742e+00 -2.968007503044156614e+00
4.907481481920036082e+00 -2.951984206412758382e+00
4.987931998017085533e+00 -2.955992497741902980e+00
5.068382514114135873e+00 -2.971746971971449991e+00
5.148833030211185324e+00 -2.992109378922469087e+00
5.229283546308234776e+00 -3.019904126428214042e+00
5.309734062405285115e+00 -3.037517611921628280e+00
5.390184578502334567e+00 -2.998476977833801183e+00
5.470635094599384018e+00 -2.956994109674045301e+00
5.551085610696433470e+00 -2.921033661995087183e+00
5.631536126793483810e+00 -2.913436453386644587e+00
5.711986642890533261e+00 -2.950377286250210229e+00
5.792437158987582713e+00 -2.990424787621262848e+00
5.872887675084633052e+00 -3.015384341166313487e+00
5.953338191181682504e+00 -3.019854782088445599e+00
6.033788707278731955e+00 -3.000685905663985409e+00
6.114239223375781407e+00 -2.977946449720630717e+00
6.194689739472831747e+00 -2.982192489253171708e+00
6.275140255569881198e+00 -2.995347302958402125e+00
6.355590771666931538e+00 -2.988935071584037928e+00
6.436041287763980989e+00 -2.998642072946177350e+00
6.516491803861030441e+00 -3.030869995067834388e+00
6.596942319958079892e+00 -3.061808764484348799e+00
6.677392836055131120e+00 -3.034124468860540880e+00
6.757843352152180572e+00 -3.002672909877954321e+00
6.838293868249230023e+00 -2.996994647213654162e+00
6.918744384346279475e+00 -3.011050552241913092e+00
6.999194900443328926e+00 -3.029945897318658599e+00
7.079645416540378378e+00 -3.043439081951189618e+00
7.160095932637429605e+00 -3.044032742304911388e+00
7.240546448734479057e+00 -3.036037919574692712e+00
7.320996964831528508e+00 -3.022604565017935840e+00
7.401447480928577960e+00 -2.991569001996975175e+00
7.481897997025627411e+00 -2.967059376613268018e+00
7.562348513122678639e+00 -2.958396685465852993e+00
7.642799029219728091e+00 -2.952217772126718653e+00
7.723249545316777542e+00 -2.955996224341095768e+00
7.803700061413826994e+00 -2.980025938922369111e+00
7.884150577510876445e+00 -3.005564104216432497e+00
7.964601093607927673e+00 -3.026790433202978914e+00
8.045051609704977125e+00 -3.057481685557198237e+00
8.125502125802025688e+00 -3.074292403730449763e+00
8.205952641899076028e+00 -3.111427541007899755e+00
8.286403157996124591e+00 -3.112721209880461082e+00
8.366853674093176707e+00 -3.083556534396746596e+00
8.447304190190225270e+00 -3.048488105687311212e+00
8.527754706287275610e+00 -3.032388142075107762e+00
8.608205222384324173e+00 -3.054767713821621378e+00
8.688655738481374513e+00 -3.059823137461345599e+00
8.769106254578423076e+00 -3.059302051453014926e+00
8.849556770675475192e+00 -3.065823108023992827e+00
8.930007286772523756e+00 -3.081208247458624871e+00
9.010457802869574095e+00 -3.075042262376689983e+00
9.090908318966622659e+00 -3.042138059956817298e+00
9.171358835063672998e+00 -2.997786949581598304e+00
9.251809351160723338e+00 -2.975889180252681232e+00
9.332259867257773678e+00 -2.995610855206146894e+00
9.412710383354822241e+00 -3.038521048756201992e+00
9.493160899451872581e+00 -3.095027591090353525e+00
9.573611415548921144e+00 -3.143357661270764325e+00
9.654061931645971484e+00 -3.149970543921036370e+00
9.734512447743021823e+00 -3.146125459651456069e+00
9.814962963840072163e+00 -3.133232284601835005e+00
9.895413479937120727e+00 -3.105056950605169064e+00
9.975863996034171066e+00 -3.094992843981100084e+00
1.005631451213121963e+01 -3.084704846158554670e+00
1.013676502822827175e+01 -3.074009897762394861e+00
1.021721554432532031e+01 -3.063180896007790199e+00
1.029766606042237065e+01 -3.060917228543314383e+00
