0.000000000000000000e+00 -1.549019599857431873e-01
8.045051609704977069e-02 -2.105724869810881861e-01
1.609010321940995414e-01 -6.263558220574727553e-01
2.413515482911492982e-01 -1.671331196277805020e+00
3.218020643881990828e-01 -1.668014508092325654e+00
4.022525804852488118e-01 -1.615868412716082059e+00
4.827030965822985964e-01 -1.821139745490360839e+00
5.631536126793483810e-01 -2.114188942532915227e+00
6.436041287763981655e-01 -2.305979897747127527e+00
7.240546448734478391e-01 -2.426807753815348079e+00
8.045051609704976237e-01 -2.637164966693118728e+00
8.849556770675472972e-01 -2.953008996169261380e+00
9.654061931645971928e-01 -3.136639733166819877e+00
1.045856709261647088e+00 -3.240522666329993751e+00
1.126307225358696762e+00 -3.250458086480053854e+00
1.206757741455746435e+00 -3.169673425385408194e+00
1.287208257552796331e+00 -3.107410078195754988e+00
1.367658773649846005e+00 -3.035902573247561964e+00
1.448109289746895678e+00 -2.986476279316720550e+00
1.528559805843945352e+00 -2.954461957930063498e+00
1.609010321940995247e+00 -2.929364364625890005e+00
1.689460838038045143e+00 -2.855726104088000206e+00
1.769911354135094594e+00 -2.806554159891069045e+00
1.850361870232144490e+00 -2.736043675523565977e+00
1.930812386329194386e+00 -2.668993231831355395e+00
2.011262902426244281e+00 -2.644530584325988087e+00
2.091713418523294177e+00 -2.629964394435963637e+00
2.172163934620343628e+00 -2.601479027876573813e+00
2.252614450717393524e+00 -2.586912559919198440e+00
2.333064966814443419e+00 -2.588835267045437760e+00
2.413515482911492871e+00 -2.627941761330749415e+00
2.493965999008542767e+00 -2.711865503189875071e+00
2.574416515105592662e+00 -2.731832462668296380e+00
2.654867031202642558e+00 -2.707497871579045423e+00
2.735317547299692009e+00 -2.693940515895301147e+00
2.815768063396741905e+00 -2.721092901810684861e+00
2.896218579493791356e+00 -2.744460035005226395e+00
2.976669095590841252e+00 -2.763422853702787840e+00
3.057119611687890703e+00 -2.788125065932496316e+00
3.137570127784940599e+00 -2.789143650188701251e+00
3.218020643881990495e+00 -2.789199952742284605e+00
3.298471159979039946e+00 -2.869149682099247922e+00
3.378921676076090286e+00 -2.919043934912866067e+00
3.459372192173139737e+00 -2.918086035169030090e+00
3.539822708270189189e+00 -2.894541058673721690e+00
3.620273224367239528e+00 -2.883743996388012931e+00
3.700723740464288980e+00 -2.866531408514674695e+00
3.781174256561339320e+00 -2.859607556846830878e+00
3.861624772658388771e+00 -2.883832783761469898e+00
3.942075288755438223e+00 -2.906196719484513302e+00
4.022525804852488562e+00 -2.928078669392642386e+00
4.102976320949538014e+00 -2.957329780890407100e+00
4.183426837046588354e+00 -2.960077220296674305e+00
4.263877353143637805e+00 -2.964649694333954866e+00
4.344327869240687257e+00 -2.996830384207029851e+00
4.424778385337737596e+00 -3.017947106318661810e+00
4.505228901434787048e+00 -2.973138716153334915e+00
4.585679417531836499e+00 -2.959784781977401913e+00
4.666129933628886839e+00 -3.007048891905894639e+00
4.746580449725936290e+00 -3.065043458095183748e+00
4.827030965822985742e+00 -3.051198609665106698e+00
4.907481481920036082e+00 -3.017277378481897809e+00
4.987931998017085533e+00 -2.999085277572183461e+00
5.068382514114135873e+00 -3.005091950384648491e+00
5.148833030211185324e+00 -3.011934450846645461e+00
5.229283546308234776e+00 -2.998012980014831186e+00
5.309734062405285115e+00 -2.996099337552019293e+00
5.390184578502334567e+00 -2.980534567904919996e+00
5.470635094599384018e+00 -2.982963881992161781e+00
5.551085610696433470e+00 -2.995661646701517800e+00
5.631536126793483810e+00 -2.986624150652829712e+00
5.711986642890533261e+00 -2.959201738843435514e+00
5.792437158987582713e+00 -2.947901171205406179e+00
5.872887675084633052e+00 -2.978290588280350537e+00
5.953338191181682504e+00 -3.011650651855701799e+00
6.033788707278731955e+00 -3.043843424237858919e+00
6.114239223375781407e+00 -3.075837380499045537e+00
6.194689739472831747e+00 -3.079841433636545833e+00
6.275140255569881198e+00 -3.066397522523062413e+00
6.355590771666931538e+00 -3.055174896683929386e+00
6.436041287763980989e+00 -3.047077635604869883e+00
6.516491803861030441e+00 -3.024312606874445919e+00
6.596942319958079892e+00 -3.026120351086565297e+00
6.677392836055131120e+00 -3.034640035872270936e+00
6.757843352152180572e+00 -3.053167967458037424e+00
6.838293868249230023e+00 -3.081044125373940457e+00
6.918744384346279475e+00 -3.054021499300406006e+00
6.999194900443328926e+00 -3.038448468200250829e+00
7.079645416540378378e+00 -3.017564449087533074e+00
7.160095932637429605e+00 -3.010944026965340026e+00
7.240546448734479057e+00 -3.013932989112713567e+00
7.320996964831528508e+00 -3.026462561144093399e+00
7.401447480928577960e+00 -3.035061169907786294e+00
7.481897997025627411e+00 -3.037797952484631470e+00
7.562348513122678639e+00 -3.029239126915243663e+00
7.642799029219728091e+00 -3.009761006041440812e+00
7.723249545316777542e+00 -3.007829964935235356e+00
7.803700061413826994e+00 -3.003996053678675615e+00
7.884150577510876445e+00 -2.999882844258136227e+00
7.964601093607927673e+00 -3.002867763814732083e+00
8.045051609704977125e+00 -2.996332572440934872e+00
8.125502125802025688e+00 -3.019668815286341790e+00
8.205952641899076028e+00 -3.051187799167584647e+00
8.286403157996124591e+00 -3.067785227140718440e+00
8.366853674093176707e+00 -3.072116023806934937e+00
8.447304190190225270e+00 -3.081101508518195420e+00
8.527754706287275610e+00 -3.103817013367249800e+00
8.608205222384324173e+00 -3.136671721140493752e+00
8.688655738481374513e+00 -3.138097918316081536e+00
8.769106254578423076e+00 -3.135843325225465605e+00
8.849556770675475192e+00 -3.107637547592277283e+00
8.930007286772523756e+00 -3.089241250855793819e+00
9.010457802869574095e+00 -3.084469507240249264e+00
9.090908318966622659e+00 -3.089431128901606982e+00
9.171358835063672998e+00 -3.087206816345289262e+00
9.251809351160723338e+00 -3.082969312462002787e+00
9.332259867257773678e+00 -3.096107925681977679e+00
9.412710383354822241e+00 -3.134437489850431913e+00
9.493160899451872581e+00 -3.171348569363720227e+00
9.573611415548921144e+00 -3.180729144294596189e+00
9.654061931645971484e+00 -3.135881989386971824e+00
9.734512447743021823e+00 -3.099792506438721507e+00
9.814962963840072163e+00 -3.103512678534237956e+00
9.895413479937120727e+00 -3.152459123786067519e+00
9.975863996034171066e+00 -3.183065204350171484e+00
1.005631451213121963e+01 -3.173365297299284737e+00
1.013676502822827175e+01 -3.155752683893460198e+00
1.021721554432532031e+01 -3.169994102249503065e+00
1.029766606042237065e+01 -3.186367139577183316e+00
