0.000000000000000000e+00 -1.549019599857431873e-01
8.045051609704977069e-02 -1.997512207832423392e-01
1.609010321940995414e-01 -5.727658165714495375e-01
2.413515482911492982e-01 -2.066440830418240893e+00
3.218020643881990828e-01 -2.382517761179564708e+00
4.022525804852488118e-01 -1.996349122814498278e+00
4.827030965822985964e-01 -2.027530070593325018e+00
5.631536126793483810e-01 -2.275388680368683580e+00
6.436041287763981655e-01 -2.601439308815945761e+00
7.240546448734478391e-01 -2.858852915066512956e+00
8.045051609704976237e-01 -3.059254898657475241e+00
8.849556770675472972e-01 -3.148208733023508454e+00
9.654061931645971928e-01 -3.198704199178464158e+00
1.045856709261647088e+00 -3.143506910604614735e+00
1.126307225358696762e+00 -3.125360544421345921e+00
1.206757741455746435e+00 -3.192055937523783360e+00
1.287208257552796331e+00 -3.251132938190083976e+00
1.367658773649846005e+00 -3.222940105367976926e+00
1.448109289746895678e+00 -3.168498215949699048e+00
1.528559805843945352e+00 -3.153267553435766146e+00
1.609010321940995247e+00 -3.112835062067379255e+00
1.689460838038045143e+00 -2.980822748878450668e+00
1.769911354135094594e+00 -2.841369549664560346e+00
1.850361870232144490e+00 -2.753701891549530600e+00
1.930812386329194386e+00 -2.720810329325364041e+00
2.011262902426244281e+00 -2.703469517975216174e+00
2.091713418523294177e+00 -2.650776929655112024e+00
2.172163934620343628e+00 -2.554996706058290545e+00
2.252614450717393524e+00 -2.503337704674688968e+00
2.333064966814443419e+00 -2.503220245001317235e+00
2.413515482911492871e+00 -2.542293499308391436e+00
2.493965999008542767e+00 -2.622771542073579543e+00
2.574416515105592662e+00 -2.696779568328106613e+00
2.654867031202642558e+00 -2.716057440236483433e+00
2.735317547299692009e+00 -2.730049522788214222e+00
2.815768063396741905e+00 -2.736480551187303600e+00
2.896218579493791356e+00 -2.738708572552722931e+00
2.976669095590841252e+00 -2.751633330597053284e+00
3.057119611687890703e+00 -2.803056682299127189e+00
3.137570127784940599e+00 -2.829629513257869711e+00
3.218020643881990495e+00 -2.851829533447098886e+00
3.298471159979039946e+00 -2.922771480516858755e+00
3.378921676076090286e+00 -3.000752993440482630e+00
3.459372192173139737e+00 -3.042404081213138767e+00
3.539822708270189189e+00 -2.995348344447901212e+00
3.620273224367239528e+00 -2.964698174694626598e+00
3.700723740464288980e+00 -2.936361289030628541e+00
3.781174256561339320e+00 -2.919356937725995582e+00
3.861624772658388771e+00 -2.897018227167344140e+00
3.942075288755438223e+00 -2.873944420788906218e+00
4.022525804852488562e+00 -2.845231826308410206e+00
4.102976320949538014e+00 -2.820838778155800419e+00
4.183426837046588354e+00 -2.841981304749499060e+00
4.263877353143637805e+00 -2.884016434562126641e+00
4.344327869240687257e+00 -2.896262406092575681e+00
4.424778385337737596e+00 -2.880673105113499055e+00
4.505228901434787048e+00 -2.890813316590990389e+00
4.585679417531836499e+00 -2.909042421159054648e+00
4.666129933628886839e+00 -2.916189448312044963e+00
4.746580449725936290e+00 -2.934086310619465898e+00
4.827030965822985742e+00 -2.978986774719168285e+00
4.907481481920036082e+00 -3.013212699301611952e+00
4.987931998017085533e+00 -3.013388033800891819e+00
5.068382514114135873e+00 -2.986731340453899541e+00
5.148833030211185324e+00 -2.972759972843495024e+00
5.229283546308234776e+00 -2.940661589446637691e+00
5.309734062405285115e+00 -2.929218995225125077e+00
5.390184578502334567e+00 -2.961640626690453360e+00
5.470635094599384018e+00 -3.011521778212662426e+00
5.551085610696433470e+00 -3.007366939822455620e+00
5.631536126793483810e+00 -2.986944526179589943e+00
5.711986642890533261e+00 -2.965286068591176605e+00
5.792437158987582713e+00 -2.946477407213878852e+00
5.872887675084633052e+00 -2.937749994595723724e+00
5.953338191181682504e+00 -2.950571776996718576e+00
6.033788707278731955e+00 -2.967005148405795545e+00
6.114239223375781407e+00 -2.995427007375893069e+00
6.194689739472831747e+00 -3.034290813189417513e+00
6.275140255569881198e+00 -3.051646454637141570e+00
6.355590771666931538e+00 -3.029799623390293739e+00
6.436041287763980989e+00 -3.010664691004687921e+00
6.516491803861030441e+00 -3.003708117490415663e+00
6.596942319958079892e+00 -2.996272303136092496e+00
6.677392836055131120e+00 -2.988030547025330108e+00
6.757843352152180572e+00 -2.977848819266010860e+00
6.838293868249230023e+00 -2.966128231446182095e+00
6.918744384346279475e+00 -2.953922141786928357e+00
6.999194900443328926e+00 -2.960355182081758851e+00
7.079645416540378378e+00 -2.970209850029835064e+00
7.160095932637429605e+00 -2.983868509098530630e+00
7.240546448734479057e+00 -3.001134037288930134e+00
7.320996964831528508e+00 -3.011532422352949823e+00
7.401447480928577960e+00 -3.042055290600990336e+00
7.481897997025627411e+00 -3.080351494067686158e+00
7.562348513122678639e+00 -3.100887595724007628e+00
7.642799029219728091e+00 -3.067498998099472463e+00
7.723249545316777542e+00 -3.039281038592328787e+00
7.803700061413826994e+00 -3.036821125277416211e+00
7.884150577510876445e+00 -3.030754017862936855e+00
7.964601093607927673e+00 -3.024538498736673464e+00
8.045051609704977125e+00 -3.030808300432569879e+00
8.125502125802025688e+00 -3.031465355281011576e+00
8.205952641899076028e+00 -3.018172646024313455e+00
8.286403157996124591e+00 -3.016561170853358398e+00
8.366853674093176707e+00 -3.037901792047716487e+00
8.447304190190225270e+00 -3.056291855427500703e+00
8.527754706287275610e+00 -3.029279287130798526e+00
8.608205222384324173e+00 -3.012128339948498379e+00
8.688655738481374513e+00 -3.028166676081464281e+00
8.769106254578423076e+00 -3.047093818116465513e+00
8.849556770675475192e+00 -3.038178692130120595e+00
8.930007286772523756e+00 -3.020973911053872030e+00
9.010457802869574095e+00 -3.045465785430451877e+00
9.090908318966622659e+00 -3.085714439949649890e+00
9.171358835063672998e+00 -3.105041315514648126e+00
9.251809351160723338e+00 -3.109429543942662910e+00
9.332259867257773678e+00 -3.122549567804987269e+00
9.412710383354822241e+00 -3.112849370837081686e+00
9.493160899451872581e+00 -3.112471767549134238e+00
9.573611415548921144e+00 -3.097444589371410650e+00
9.654061931645971484e+00 -3.085587642639482819e+00
9.734512447743021823e+00 -3.062101505393839407e+00
9.814962963840072163e+00 -3.064495974955596225e+00
9.895413479937120727e+00 -3.079388373928682032e+00
9.975863996034171066e+00 -3.079252915688687420e+00
1.005631451213121963e+01 -3.072042268746103755e+00
1.013676502822827175e+01 -3.077169615367186140e+00
1.021721554432532031e+01 -3.087723445657418520e+00
1.029766606042237065e+01 -3.092638117391209196e+00
