0.000000000000000000e+00 -1.549019599857431873e-01
8.045051609704977069e-02 -2.046135511055247880e-01
1.609010321940995414e-01 -6.197826414931212335e-01
2.413515482911492982e-01 -1.628655458175059412e+00
3.218020643881990828e-01 -1.605582193303483951e+00
4.022525804852488118e-01 -1.499614587238870866e+00
4.827030965822985964e-01 -1.677067195093917329e+00
5.631536126793483810e-01 -2.091520527974525034e+00
6.436041287763981655e-01 -2.387380694713586049e+00
7.240546448734478391e-01 -2.440661791928047553e+00
8.045051609704976237e-01 -2.573268785426361838e+00
8.849556770675472972e-01 -2.827160573707005131e+00
9.654061931645971928e-01 -3.087250212247394821e+00
1.045856709261647088e+00 -3.153437598659931673e+00
1.126307225358696762e+00 -3.055525822109710798e+00
1.206757741455746435e+00 -2.985932207053476617e+00
1.287208257552796331e+00 -2.978731575392650655e+00
1.367658773649846005e+00 -2.947868994822866906e+00
1.448109289746895678e+00 -2.963865796378048145e+00
1.528559805843945352e+00 -3.041880643329620160e+00
1.609010321940995247e+00 -3.031596271120463371e+00
1.689460838038045143e+00 -2.913079633055480233e+00
1.769911354135094594e+00 -2.894260778082110352e+00
1.850361870232144490e+00 -2.865899220751328080e+00
1.930812386329194386e+00 -2.812714875324592523e+00
2.011262902426244281e+00 -2.743600681282162057e+00
2.091713418523294177e+00 -2.678408215649192403e+00
2.172163934620343628e+00 -2.637473746060207791e+00
2.252614450717393524e+00 -2.632714661469264250e+00
2.333064966814443419e+00 -2.657137469899312876e+00
2.413515482911492871e+00 -2.680934777020669735e+00
2.493965999008542767e+00 -2.726015940181571562e+00
2.574416515105592662e+00 -2.768395566975469180e+00
2.654867031202642558e+00 -2.758292029661659761e+00
2.735317547299692009e+00 -2.735283208055534487e+00
2.815768063396741905e+00 -2.727943063483285968e+00
2.896218579493791356e+00 -2.742452073000187340e+00
2.976669095590841252e+00 -2.776420854233305313e+00
3.057119611687890703e+00 -2.813060137906548075e+00
3.137570127784940599e+00 -2.840526614804722794e+00
3.218020643881990495e+00 -2.888058846833831961e+00
3.298471159979039946e+00 -2.900120359692964112e+00
3.378921676076090286e+00 -2.898126140850742161e+00
3.459372192173139737e+00 -2.913823633934067292e+00
3.539822708270189189e+00 -2.905794885934941174e+00
3.620273224367239528e+00 -2.907478615200023153e+00
3.700723740464288980e+00 -2.923438503007050215e+00
3.781174256561339320e+00 -2.935207011024540513e+00
3.861624772658388771e+00 -2.903710589453981861e+00
3.942075288755438223e+00 -2.883051002643035599e+00
4.022525804852488562e+00 -2.868065437253723982e+00
4.102976320949538014e+00 -2.838164989107744063e+00
4.183426837046588354e+00 -2.841625330247454784e+00
4.263877353143637805e+00 -2.880212763788128072e+00
4.344327869240687257e+00 -2.882603399958444612e+00
4.424778385337737596e+00 -2.847474450795585810e+00
4.505228901434787048e+00 -2.845510741224331674e+00
4.585679417531836499e+00 -2.870366365085063709e+00
4.666129933628886839e+00 -2.894590595264449284e+00
4.746580449725936290e+00 -2.939460668468122151e+00
4.827030965822985742e+00 -2.996038782767286968e+00
4.907481481920036082e+00 -3.028408268930727676e+00
4.987931998017085533e+00 -3.021522536944524440e+00
5.068382514114135873e+00 -3.024725469710336512e+00
5.148833030211185324e+00 -3.011554315670322612e+00
5.229283546308234776e+00 -2.985264926121545592e+00
5.309734062405285115e+00 -2.932994227746159588e+00
5.390184578502334567e+00 -2.910994497636943734e+00
5.470635094599384018e+00 -2.935791107631104957e+00
5.551085610696433470e+00 -2.963977405072852900e+00
5.631536126793483810e+00 -2.976085095295426974e+00
5.711986642890533261e+00 -2.960435757121550715e+00
5.792437158987582713e+00 -2.957781469589669587e+00
5.872887675084633052e+00 -2.975861613230759151e+00
5.953338191181682504e+00 -2.985435166897937975e+00
6.033788707278731955e+00 -2.974414264940139496e+00
6.114239223375781407e+00 -2.968867616270113086e+00
6.194689739472831747e+00 -2.987484108868600607e+00
6.275140255569881198e+00 -3.013497566431027064e+00
6.355590771666931538e+00 -3.033569857058610264e+00
6.436041287763980989e+00 -3.049611572916546720e+00
6.516491803861030441e+00 -3.036976434083859644e+00
6.596942319958079892e+00 -3.014864363023848526e+00
6.677392836055131120e+00 -3.035161141339651092e+00
6.757843352152180572e+00 -3.045887409179408589e+00
6.838293868249230023e+00 -3.021857721948980391e+00
6.918744384346279475e+00 -2.992646058619381044e+00
6.999194900443328926e+00 -3.002168830451130255e+00
7.079645416540378378e+00 -3.020167735017998289e+00
7.160095932637429605e+00 -3.040940781263724357e+00
7.240546448734479057e+00 -3.049598035458285228e+00
7.320996964831528508e+00 -3.039209497186720732e+00
7.401447480928577960e+00 -3.050404031760118428e+00
7.481897997025627411e+00 -3.052006058275792189e+00
7.562348513122678639e+00 -3.039504339744091954e+00
7.642799029219728091e+00 -3.061852004883615752e+00
7.723249545316777542e+00 -3.078370036669291654e+00
7.803700061413826994e+00 -3.061309437258219912e+00
7.884150577510876445e+00 -3.050588532790907692e+00
7.964601093607927673e+00 -3.060746420254354838e+00
8.045051609704977125e+00 -3.075784495686517239e+00
8.125502125802025688e+00 -3.097527136193433783e+00
8.205952641899076028e+00 -3.101347250252797227e+00
8.286403157996124591e+00 -3.079467748930427629e+00
8.366853674093176707e+00 -3.059010869559382950e+00
8.447304190190225270e+00 -3.041496932706677647e+00
8.527754706287275610e+00 -3.062390925817054299e+00
8.608205222384324173e+00 -3.074008055226421732e+00
8.688655738481374513e+00 -3.083813951704946987e+00
8.769106254578423076e+00 -3.097329095499765650e+00
8.849556770675475192e+00 -3.084817227184641464e+00
8.930007286772523756e+00 -3.059846132553518228e+00
9.010457802869574095e+00 -3.075505412007890627e+00
9.090908318966622659e+00 -3.110511723196493605e+00
9.171358835063672998e+00 -3.126373022494600473e+00
9.251809351160723338e+00 -3.134193164312280011e+00
9.332259867257773678e+00 -3.140552402124166420e+00
9.412710383354822241e+00 -3.150370768663273147e+00
9.493160899451872581e+00 -3.142017510430178184e+00
9.573611415548921144e+00 -3.105361350015513278e+00
9.654061931645971484e+00 -3.083098723419251286e+00
9.734512447743021823e+00 -3.080546320619298228e+00
9.814962963840072163e+00 -3.086344822521227105e+00
9.895413479937120727e+00 -3.097522141770018944e+00
9.975863996034171066e+00 -3.124354127353514698e+00
1.005631451213121963e+01 -3.154259499492366281e+00
1.013676502822827175e+01 -3.159255606796318006e+00
1.021721554432532031e+01 -3.146476086974371533e+00
1.029766606042237065e+01 -3.160288663409781318e+00
