0.000000000000000000e+00 -1.549019599857431873e-01
8.045051609704977069e-02 -2.043290507250262733e-01
1.609010321940995414e-01 -5.283168232130732722e-01
2.413515482911492982e-01 -1.410176064237615989e+00
3.218020643881990828e-01 -1.747509987455815317e+00
4.022525804852488118e-01 -1.802902071574287390e+00
4.827030965822985964e-01 -2.060830357713712591e+00
5.631536126793483810e-01 -2.346101220351467287e+00
6.436041287763981655e-01 -2.574030469942763855e+00
7.240546448734478391e-01 -2.727527827542809646e+00
8.045051609704976237e-01 -2.887089055260639192e+00
8.849556770675472972e-01 -3.013854324082513081e+00
9.654061931645971928e-01 -3.110645486509365565e+00
1.045856709261647088e+00 -3.196381075226180091e+00
1.126307225358696762e+00 -3.261132806845659982e+00
1.206757741455746435e+00 -3.263091978149991856e+00
1.287208257552796331e+00 -3.242100313496461883e+00
1.367658773649846005e+00 -3.232701779788333063e+00
1.448109289746895678e+00 -3.219015929281077160e+00
1.528559805843945352e+00 -3.142232620236870222e+00
1.609010321940995247e+00 -3.003000586790939508e+00
1.689460838038045143e+00 -2.935349218763003698e+00
1.769911354135094594e+00 -2.927749712000166316e+00
1.850361870232144490e+00 -2.912032433228130657e+00
1.930812386329194386e+00 -2.811712696961443658e+00
2.011262902426244281e+00 -2.746674666091817318e+00
2.091713418523294177e+00 -2.727053418013377861e+00
2.172163934620343628e+00 -2.705369638446242231e+00
2.252614450717393524e+00 -2.679326859312838760e+00
2.333064966814443419e+00 -2.670620416340232062e+00
2.413515482911492871e+00 -2.687667391960381735e+00
2.493965999008542767e+00 -2.688919597050274835e+00
2.574416515105592662e+00 -2.699911456990730318e+00
2.654867031202642558e+00 -2.710890671792447026e+00
2.735317547299692009e+00 -2.739720870469446012e+00
2.815768063396741905e+00 -2.760026822424617166e+00
2.896218579493791356e+00 -2.785558886731803074e+00
2.976669095590841252e+00 -2.777536069357467330e+00
3.057119611687890703e+00 -2.762479794683795564e+00
3.137570127784940599e+00 -2.757401058749964218e+00
3.218020643881990495e+00 -2.753443028261117309e+00
3.298471159979039946e+00 -2.770814432119511395e+00
3.378921676076090286e+00 -2.790315281804100156e+00
3.459372192173139737e+00 -2.859001135858525000e+00
3.539822708270189189e+00 -2.914686596145457997e+00
3.620273224367239528e+00 -2.936640269211293397e+00
3.700723740464288980e+00 -2.929323492723999944e+00
3.781174256561339320e+00 -2.920122967174318074e+00
3.861624772658388771e+00 -2.948199228734941446e+00
3.942075288755438223e+00 -2.969614393356533100e+00
4.022525804852488562e+00 -2.952387559488937274e+00
4.102976320949538014e+00 -2.886705388428455699e+00
4.183426837046588354e+00 -2.855781246528098283e+00
4.263877353143637805e+00 -2.878531007282836285e+00
4.344327869240687257e+00 -2.900209118397587549e+00
4.424778385337737596e+00 -2.912200452304996467e+00
4.505228901434787048e+00 -2.909989343858895516e+00
4.585679417531836499e+00 -2.912159929846919404e+00
4.666129933628886839e+00 -2.900687846014178728e+00
4.746580449725936290e+00 -2.907529701825979362e+00
4.827030965822985742e+00 -2.930243237854073257e+00
4.907481481920036082e+00 -2.959282550663139499e+00
4.987931998017085533e+00 -2.961471302608875256e+00
5.068382514114135873e+00 -2.959476868393427829e+00
5.148833030211185324e+00 -2.957434003717241300e+00
5.229283546308234776e+00 -2.939363656091069643e+00
5.309734062405285115e+00 -2.937404785112124550e+00
5.390184578502334567e+00 -2.944046141627254087e+00
5.470635094599384018e+00 -2.987841755900603413e+00
5.551085610696433470e+00 -3.012556546922153355e+00
5.631536126793483810e+00 -3.007744519191433152e+00
5.711986642890533261e+00 -3.038809612198468901e+00
5.792437158987582713e+00 -3.036860761638361605e+00
5.872887675084633052e+00 -2.990928693609742339e+00
5.953338191181682504e+00 -2.964155590260234341e+00
6.033788707278731955e+00 -2.972165959697542714e+00
6.114239223375781407e+00 -2.994500612621400659e+00
6.194689739472831747e+00 -3.011664215772409836e+00
6.275140255569881198e+00 -3.013498175287227188e+00
6.355590771666931538e+00 -3.022768657831606198e+00
6.436041287763980989e+00 -3.024472001836196355e+00
6.516491803861030441e+00 -3.030277035832936505e+00
6.596942319958079892e+00 -3.026551760714830230e+00
6.677392836055131120e+00 -3.015972469821935675e+00
6.757843352152180572e+00 -3.021117465075720876e+00
6.838293868249230023e+00 -3.045900565215493572e+00
6.918744384346279475e+00 -3.069047145322956194e+00
6.999194900443328926e+00 -3.083565140782441816e+00
7.079645416540378378e+00 -3.088394770986579996e+00
7.160095932637429605e+00 -3.093510813594214870e+00
7.240546448734479057e+00 -3.105189935403162238e+00
7.320996964831528508e+00 -3.118637892260821332e+00
7.401447480928577960e+00 -3.108945904290472129e+00
7.481897997025627411e+00 -3.083100808024862527e+00
7.562348513122678639e+00 -3.049665580641235607e+00
7.642799029219728091e+00 -3.016863712358611060e+00
7.723249545316777542e+00 -2.997352128266284499e+00
7.803700061413826994e+00 -2.990993248967218854e+00
7.884150577510876445e+00 -2.991111945018773532e+00
7.964601093607927673e+00 -2.999445885641750298e+00
8.045051609704977125e+00 -3.009319761401748838e+00
8.125502125802025688e+00 -3.017548577477243033e+00
8.205952641899076028e+00 -3.035052815538078708e+00
8.286403157996124591e+00 -3.033476885672714563e+00
8.366853674093176707e+00 -3.031910876065791793e+00
8.447304190190225270e+00 -3.046365951551595952e+00
8.527754706287275610e+00 -3.052548933345706317e+00
8.608205222384324173e+00 -3.066863370574009373e+00
8.688655738481374513e+00 -3.084440899567435501e+00
8.769106254578423076e+00 -3.075971389727152339e+00
8.849556770675475192e+00 -3.047535160649121888e+00
8.930007286772523756e+00 -3.028962573495491473e+00
9.010457802869574095e+00 -3.052160513054107849e+00
9.090908318966622659e+00 -3.087468384228330365e+00
9.171358835063672998e+00 -3.089867896245623857e+00
9.251809351160723338e+00 -3.096767981910881318e+00
9.332259867257773678e+00 -3.112441265353999231e+00
9.412710383354822241e+00 -3.109129830807589645e+00
9.493160899451872581e+00 -3.081055625564988354e+00
9.573611415548921144e+00 -3.056784934098067730e+00
9.654061931645971484e+00 -3.068499023060721420e+00
9.734512447743021823e+00 -3.086626882136178196e+00
9.814962963840072163e+00 -3.108309446580099777e+00
9.895413479937120727e+00 -3.112220952555637687e+00
9.975863996034171066e+00 -3.116217778768822555e+00
1.005631451213121963e+01 -3.103170742169671037e+00
1.013676502822827175e+01 -3.081863808003455052e+00
1.021721554432532031e+01 -3.080259563822117297e+00
1.029766606042237065e+01 -3.085551900330191000e+00
