0.000000000000000000e+00 -1.549019599857431873e-01
8.045051609704977069e-02 -2.019060637897380772e-01
1.609010321940995414e-01 -5.338100594487105166e-01
2.413515482911492982e-01 -1.094488655859389370e+00
3.218020643881990828e-01 -1.435345648400673246e+00
4.022525804852488118e-01 -2.027104871266510955e+00
4.827030965822985964e-01 -2.498327204800580681e+00
5.631536126793483810e-01 -2.810745038851606648e+00
6.436041287763981655e-01 -3.035678612079206751e+00
7.240546448734478391e-01 -3.168726404953800646e+00
8.045051609704976237e-01 -3.280663443631932630e+00
8.849556770675472972e-01 -3.345621426718267344e+00
9.654061931645971928e-01 -3.441496577872843243e+00
1.045856709261647088e+00 -3.585450894640491715e+00
1.126307225358696762e+00 -3.661507556349325565e+00
1.206757741455746435e+00 -3.682614694503955732e+00
1.287208257552796331e+00 -3.684583813031781840e+00
1.367658773649846005e+00 -3.685614989330623370e+00
1.448109289746895678e+00 -3.620121102724123130e+00
1.528559805843945352e+00 -3.488010555683056513e+00
1.609010321940995247e+00 -3.421288661895296457e+00
1.689460838038045143e+00 -3.374735284826565263e+00
1.769911354135094594e+00 -3.303217700471603901e+00
1.850361870232144490e+00 -3.271151629100317759e+00
1.930812386329194386e+00 -3.215753591687421142e+00
2.011262902426244281e+00 -3.102129552323541262e+00
2.091713418523294177e+00 -3.036464394135485190e+00
2.172163934620343628e+00 -3.005449556924697507e+00
2.252614450717393524e+00 -3.019844471501850869e+00
2.333064966814443419e+00 -3.030414450516310421e+00
2.413515482911492871e+00 -2.990883538133072506e+00
2.493965999008542767e+00 -3.008999443067993163e+00
2.574416515105592662e+00 -3.095031574733174917e+00
2.654867031202642558e+00 -3.172960710088742253e+00
2.735317547299692009e+00 -3.198267103035067560e+00
2.815768063396741905e+00 -3.167978993648206121e+00
2.896218579493791356e+00 -3.135287349026520953e+00
2.976669095590841252e+00 -3.174207815906062269e+00
3.057119611687890703e+00 -3.206634008731372720e+00
3.137570127784940599e+00 -3.216297049351089843e+00
3.218020643881990495e+00 -3.171073125685171412e+00
3.298471159979039946e+00 -3.126576143705575017e+00
3.378921676076090286e+00 -3.112912894270055020e+00
3.459372192173139737e+00 -3.112134945755697935e+00
3.539822708270189189e+00 -3.107833641450230111e+00
3.620273224367239528e+00 -3.131018755447293245e+00
3.700723740464288980e+00 -3.135171897479488212e+00
3.781174256561339320e+00 -3.111741313224819727e+00
3.861624772658388771e+00 -3.094833807149116822e+00
3.942075288755438223e+00 -3.091738038715908576e+00
4.022525804852488562e+00 -3.097851613797803161e+00
4.102976320949538014e+00 -3.093061362989621532e+00
4.183426837046588354e+00 -3.096491124965341957e+00
4.263877353143637805e+00 -3.093722860723734147e+00
4.344327869240687257e+00 -3.072922533481409424e+00
4.424778385337737596e+00 -3.072340305694706952e+00
4.505228901434787048e+00 -3.083039927343509401e+00
4.585679417531836499e+00 -3.131794165669170127e+00
4.666129933628886839e+00 -3.173975558695147914e+00
4.746580449725936290e+00 -3.143992186288825597e+00
4.827030965822985742e+00 -3.077207601175842022e+00
4.907481481920036082e+00 -3.050102855559675863e+00
4.987931998017085533e+00 -3.045098241165847597e+00
5.068382514114135873e+00 -3.054907174351291665e+00
5.148833030211185324e+00 -3.076012350024710074e+00
5.229283546308234776e+00 -3.114023665117586770e+00
5.309734062405285115e+00 -3.156544629319805395e+00
5.390184578502334567e+00 -3.205336335688316662e+00
5.470635094599384018e+00 -3.218371520959503407e+00
5.551085610696433470e+00 -3.195525566406962614e+00
5.631536126793483810e+00 -3.160673903988066691e+00
5.711986642890533261e+00 -3.183298609928241873e+00
5.792437158987582713e+00 -3.222386624591940585e+00
5.872887675084633052e+00 -3.256825290985112975e+00
5.953338191181682504e+00 -3.270279178639060369e+00
6.033788707278731955e+00 -3.232075300592724520e+00
6.114239223375781407e+00 -3.210937209383968316e+00
6.194689739472831747e+00 -3.183925424208759125e+00
6.275140255569881198e+00 -3.149175008588405600e+00
6.355590771666931538e+00 -3.133846103907110159e+00
6.436041287763980989e+00 -3.137790497016772484e+00
6.516491803861030441e+00 -3.142480605025288032e+00
6.596942319958079892e+00 -3.156664721266957407e+00
6.677392836055131120e+00 -3.175583457810801757e+00
6.757843352152180572e+00 -3.171943223981966042e+00
6.838293868249230023e+00 -3.172535826275965753e+00
6.918744384346279475e+00 -3.193098083717664792e+00
6.999194900443328926e+00 -3.195032255948774491e+00
7.079645416540378378e+00 -3.177475173641268746e+00
7.160095932637429605e+00 -3.178652641459548178e+00
7.240546448734479057e+00 -3.185301890187385521e+00
7.320996964831528508e+00 -3.206616101757338910e+00
7.401447480928577960e+00 -3.231372943123971275e+00
7.481897997025627411e+00 -3.227279792899597766e+00
7.562348513122678639e+00 -3.239113310923369848e+00
7.642799029219728091e+00 -3.240128261724539271e+00
7.723249545316777542e+00 -3.217177360436922928e+00
7.803700061413826994e+00 -3.213021065854263725e+00
7.884150577510876445e+00 -3.242765354647059173e+00
7.964601093607927673e+00 -3.278911058357791397e+00
8.045051609704977125e+00 -3.275736058513643023e+00
8.125502125802025688e+00 -3.254062112928938433e+00
8.205952641899076028e+00 -3.227191144107309562e+00
8.286403157996124591e+00 -3.212506165980499429e+00
8.366853674093176707e+00 -3.210455632825219840e+00
8.447304190190225270e+00 -3.244688627409723747e+00
8.527754706287275610e+00 -3.267094950224084915e+00
8.608205222384324173e+00 -3.257422129836010871e+00
8.688655738481374513e+00 -3.249117328698789997e+00
8.769106254578423076e+00 -3.255606601974991410e+00
8.849556770675475192e+00 -3.265235949223172618e+00
8.930007286772523756e+00 -3.269699379245238902e+00
9.010457802869574095e+00 -3.235274967856663242e+00
9.090908318966622659e+00 -3.229909372947341151e+00
9.171358835063672998e+00 -3.263669095602011350e+00
9.251809351160723338e+00 -3.305186594616717155e+00
9.332259867257773678e+00 -3.306719180941950498e+00
9.412710383354822241e+00 -3.305445776646192435e+00
9.493160899451872581e+00 -3.288869378163949531e+00
9.573611415548921144e+00 -3.297554771638850912e+00
9.654061931645971484e+00 -3.306225845034923339e+00
9.734512447743021823e+00 -3.296567006296918123e+00
9.814962963840072163e+00 -3.276104259749152092e+00
9.895413479937120727e+00 -3.279575962066516137e+00
9.975863996034171066e+00 -3.306173563329776410e+00
1.005631451213121963e+01 -3.337692554482627472e+00
1.013676502822827175e+01 -3.352142513350277131e+00
1.021721554432532031e+01 -3.348783391090466743e+00
1.029766606042237065e+01 -3.346894791161229676e+00
