0.000000000000000000e+00 -1.549019599857431873e-01
8.045051609704977069e-02 -1.712865631538336986e-01
1.609010321940995414e-01 -3.945379847087215897e-01
2.413515482911492982e-01 -8.840909582195238814e-01
3.218020643881990828e-01 -1.308580962903786560e+00
4.022525804852488118e-01 -1.770232149129576715e+00
4.827030965822985964e-01 -2.262070291161181412e+00
5.631536126793483810e-01 -2.639893237974892504e+00
6.436041287763981655e-01 -3.061228328215864103e+00
7.240546448734478391e-01 -3.274550263883555523e+00
8.045051609704976237e-01 -3.403177318930490358e+00
8.849556770675472972e-01 -3.479872420194104699e+00
9.654061931645971928e-01 -3.484611498345044467e+00
1.045856709261647088e+00 -3.493978941351914447e+00
1.126307225358696762e+00 -3.550196121146317996e+00
1.206757741455746435e+00 -3.622542102606125081e+00
1.287208257552796331e+00 -3.605819242454443518e+00
1.367658773649846005e+00 -3.573320217752299133e+00
1.448109289746895678e+00 -3.536381305617647630e+00
1.528559805843945352e+00 -3.498155016508869952e+00
1.609010321940995247e+00 -3.434043111770844092e+00
1.689460838038045143e+00 -3.356789304401027074e+00
1.769911354135094594e+00 -3.292682894744480837e+00
1.850361870232144490e+00 -3.220420176042605220e+00
1.930812386329194386e+00 -3.210191611966990433e+00
2.011262902426244281e+00 -3.195118270221278589e+00
2.091713418523294177e+00 -3.127090045022345333e+00
2.172163934620343628e+00 -3.055393975147636887e+00
2.252614450717393524e+00 -3.006340249757865735e+00
2.333064966814443419e+00 -2.991442885711978583e+00
2.413515482911492871e+00 -3.040983523702867064e+00
2.493965999008542767e+00 -3.083171023741566596e+00
2.574416515105592662e+00 -3.142340386762043636e+00
2.654867031202642558e+00 -3.194595676102924386e+00
2.735317547299692009e+00 -3.216879026322815527e+00
2.815768063396741905e+00 -3.210808518926007604e+00
2.896218579493791356e+00 -3.176920070678970198e+00
2.976669095590841252e+00 -3.142989108620108052e+00
3.057119611687890703e+00 -3.088860570831426067e+00
3.137570127784940599e+00 -3.061460061354927653e+00
3.218020643881990495e+00 -3.089729512146186075e+00
3.298471159979039946e+00 -3.087715763416653214e+00
3.378921676076090286e+00 -3.106145578244459582e+00
3.459372192173139737e+00 -3.127030036068128904e+00
3.539822708270189189e+00 -3.129487367817682220e+00
3.620273224367239528e+00 -3.112554532925336126e+00
3.700723740464288980e+00 -3.096281767548030750e+00
3.781174256561339320e+00 -3.109950348063717396e+00
3.861624772658388771e+00 -3.146954950458362266e+00
3.942075288755438223e+00 -3.179186681098628675e+00
4.022525804852488562e+00 -3.179461711522109990e+00
4.102976320949538014e+00 -3.167180326220129682e+00
4.183426837046588354e+00 -3.172018813055054842e+00
4.263877353143637805e+00 -3.198565445202186552e+00
4.344327869240687257e+00 -3.168024709723014087e+00
4.424778385337737596e+00 -3.131759043383211871e+00
4.505228901434787048e+00 -3.120911506203868147e+00
4.585679417531836499e+00 -3.121426929060735933e+00
4.666129933628886839e+00 -3.122050708392892115e+00
4.746580449725936290e+00 -3.146154652781754102e+00
4.827030965822985742e+00 -3.133749099761919066e+00
4.907481481920036082e+00 -3.153419693365840271e+00
4.987931998017085533e+00 -3.173531136266974695e+00
5.068382514114135873e+00 -3.164143083242211496e+00
5.148833030211185324e+00 -3.143507927136692359e+00
5.229283546308234776e+00 -3.114760111346872140e+00
5.309734062405285115e+00 -3.135778249561247844e+00
5.390184578502334567e+00 -3.150839348417429964e+00
5.470635094599384018e+00 -3.173601246398213060e+00
5.551085610696433470e+00 -3.195592946945420287e+00
5.631536126793483810e+00 -3.202644946156129269e+00
5.711986642890533261e+00 -3.209433661079192923e+00
5.792437158987582713e+00 -3.221384722043493909e+00
5.872887675084633052e+00 -3.246062433915900769e+00
5.953338191181682504e+00 -3.272779867753250915e+00
6.033788707278731955e+00 -3.275945401017253733e+00
6.114239223375781407e+00 -3.260545378357893487e+00
6.194689739472831747e+00 -3.221794716531444447e+00
6.275140255569881198e+00 -3.200098611310764785e+00
6.355590771666931538e+00 -3.191894369588425651e+00
6.436041287763980989e+00 -3.201167860983628266e+00
6.516491803861030441e+00 -3.196259805715000457e+00
6.596942319958079892e+00 -3.188161806801230291e+00
6.677392836055131120e+00 -3.211935895099338634e+00
6.757843352152180572e+00 -3.243684158142594587e+00
6.838293868249230023e+00 -3.227172517085998393e+00
6.918744384346279475e+00 -3.190952238402525065e+00
6.999194900443328926e+00 -3.172091232706623742e+00
7.079645416540378378e+00 -3.200277219676634921e+00
7.160095932637429605e+00 -3.232482336842746218e+00
7.240546448734479057e+00 -3.222244482200395943e+00
7.320996964831528508e+00 -3.209397033655771558e+00
7.401447480928577960e+00 -3.215535961256348774e+00
7.481897997025627411e+00 -3.233102590666451448e+00
7.562348513122678639e+00 -3.260729166939227319e+00
7.642799029219728091e+00 -3.274304668357254311e+00
7.723249545316777542e+00 -3.287806311429129380e+00
7.803700061413826994e+00 -3.275772544836830669e+00
7.884150577510876445e+00 -3.251410887633676250e+00
7.964601093607927673e+00 -3.244861122077354665e+00
8.045051609704977125e+00 -3.238220259507917920e+00
8.125502125802025688e+00 -3.235499272413602245e+00
8.205952641899076028e+00 -3.232904365718413775e+00
8.286403157996124591e+00 -3.224724078353479850e+00
8.366853674093176707e+00 -3.218037967111311293e+00
8.447304190190225270e+00 -3.214146239936793492e+00
8.527754706287275610e+00 -3.221220207390247836e+00
8.608205222384324173e+00 -3.252602779406809752e+00
8.688655738481374513e+00 -3.262932847737485709e+00
8.769106254578423076e+00 -3.261472240179721371e+00
8.849556770675475192e+00 -3.253243503173074647e+00
8.930007286772523756e+00 -3.256707531123496757e+00
9.010457802869574095e+00 -3.267257801885599999e+00
9.090908318966622659e+00 -3.264787919448024489e+00
9.171358835063672998e+00 -3.255177861639966252e+00
9.251809351160723338e+00 -3.254875292666188802e+00
9.332259867257773678e+00 -3.277131683614906699e+00
9.412710383354822241e+00 -3.305436825973312231e+00
9.493160899451872581e+00 -3.317739314952158569e+00
9.573611415548921144e+00 -3.316122423120798413e+00
9.654061931645971484e+00 -3.309588340572257703e+00
9.734512447743021823e+00 -3.303709459561369854e+00
9.814962963840072163e+00 -3.307624347723026048e+00
9.895413479937120727e+00 -3.303340669425622433e+00
9.975863996034171066e+00 -3.288837864805199906e+00
1.005631451213121963e+01 -3.286390252786763888e+00
1.013676502822827175e+01 -3.297281180571332015e+00
1.021721554432532031e+01 -3.310092727285902203e+00
1.029766606042237065e+01 -3.320859970905446712e+00
