0.000000000000000000e+00 -1.549019599857431873e-01
8.045051609704977069e-02 -1.925841205452777649e-01
1.609010321940995414e-01 -5.083699165196319258e-01
2.413515482911492982e-01 -1.125325334208042705e+00
3.218020643881990828e-01 -1.629562610047368132e+00
4.022525804852488118e-01 -2.279620919455857653e+00
4.827030965822985964e-01 -2.660713871263035379e+00
5.631536126793483810e-01 -2.905906819013638565e+00
6.436041287763981655e-01 -3.078605364312228865e+00
7.240546448734478391e-01 -3.256637683402100247e+00
8.045051609704976237e-01 -3.414213617537765089e+00
8.849556770675472972e-01 -3.446261941963962183e+00
9.654061931645971928e-01 -3.421180936657518767e+00
1.045856709261647088e+00 -3.476225105779351843e+00
1.126307225358696762e+00 -3.618008315249924944e+00
1.206757741455746435e+00 -3.757158547476278532e+00
1.287208257552796331e+00 -3.754399839552338136e+00
1.367658773649846005e+00 -3.663008511298016856e+00
1.448109289746895678e+00 -3.585497641061775820e+00
1.528559805843945352e+00 -3.586892729063350327e+00
1.609010321940995247e+00 -3.571201852140461597e+00
1.689460838038045143e+00 -3.501818148552789278e+00
1.769911354135094594e+00 -3.392560348654510172e+00
1.850361870232144490e+00 -3.286411348655043252e+00
1.930812386329194386e+00 -3.259272557132265380e+00
2.011262902426244281e+00 -3.246197858300029271e+00
2.091713418523294177e+00 -3.241444646562154919e+00
2.172163934620343628e+00 -3.228993968552649640e+00
2.252614450717393524e+00 -3.188033556486235653e+00
2.333064966814443419e+00 -3.124691727537916019e+00
2.413515482911492871e+00 -3.043319217509842467e+00
2.493965999008542767e+00 -2.989132140364339829e+00
2.574416515105592662e+00 -2.999724465585251298e+00
2.654867031202642558e+00 -3.037825086016900933e+00
2.735317547299692009e+00 -3.028760385925859389e+00
2.815768063396741905e+00 -3.019472411211902685e+00
2.896218579493791356e+00 -3.042835421694447096e+00
2.976669095590841252e+00 -3.088461623002216605e+00
3.057119611687890703e+00 -3.141636781196141648e+00
3.137570127784940599e+00 -3.174301236392645720e+00
3.218020643881990495e+00 -3.175837178307142405e+00
3.298471159979039946e+00 -3.173543869182571697e+00
3.378921676076090286e+00 -3.138852635600287933e+00
3.459372192173139737e+00 -3.088128872583277840e+00
3.539822708270189189e+00 -3.084193692937731601e+00
3.620273224367239528e+00 -3.088832291237650463e+00
3.700723740464288980e+00 -3.100897539318729024e+00
3.781174256561339320e+00 -3.117218293830795961e+00
3.861624772658388771e+00 -3.153294339592584539e+00
3.942075288755438223e+00 -3.175612461648054552e+00
4.022525804852488562e+00 -3.172902801364437142e+00
4.102976320949538014e+00 -3.167275230951233755e+00
4.183426837046588354e+00 -3.158044690964789236e+00
4.263877353143637805e+00 -3.143029042315658828e+00
4.344327869240687257e+00 -3.149946605080453210e+00
4.424778385337737596e+00 -3.182949519433149188e+00
4.505228901434787048e+00 -3.176609873067843370e+00
4.585679417531836499e+00 -3.122645520520885842e+00
4.666129933628886839e+00 -3.100528280707442796e+00
4.746580449725936290e+00 -3.129363941569654362e+00
4.827030965822985742e+00 -3.141963436950827582e+00
4.907481481920036082e+00 -3.155097643320269096e+00
4.987931998017085533e+00 -3.153689706237805535e+00
5.068382514114135873e+00 -3.126516947608559693e+00
5.148833030211185324e+00 -3.116228486502158113e+00
5.229283546308234776e+00 -3.151064027073998908e+00
5.309734062405285115e+00 -3.199349935223034347e+00
5.390184578502334567e+00 -3.199884598542315661e+00
5.470635094599384018e+00 -3.169029024899211677e+00
5.551085610696433470e+00 -3.141737802367302379e+00
5.631536126793483810e+00 -3.136361336591380056e+00
5.711986642890533261e+00 -3.140877572921978444e+00
5.792437158987582713e+00 -3.163002043433375654e+00
5.872887675084633052e+00 -3.177683326771910011e+00
5.953338191181682504e+00 -3.168244452889836804e+00
6.033788707278731955e+00 -3.171813036149324638e+00
6.114239223375781407e+00 -3.195630973864536539e+00
6.194689739472831747e+00 -3.201604811686681984e+00
6.275140255569881198e+00 -3.201514064462919418e+00
6.355590771666931538e+00 -3.208374696181749197e+00
6.436041287763980989e+00 -3.213405890592391678e+00
6.516491803861030441e+00 -3.208864463412880230e+00
6.596942319958079892e+00 -3.199718578500137411e+00
6.677392836055131120e+00 -3.200952321663510070e+00
6.757843352152180572e+00 -3.222887200415952780e+00
6.838293868249230023e+00 -3.250117237801701808e+00
6.918744384346279475e+00 -3.229713970935010448e+00
6.999194900443328926e+00 -3.201110571259610182e+00
7.079645416540378378e+00 -3.214864806405512976e+00
7.160095932637429605e+00 -3.217776457110328892e+00
7.240546448734479057e+00 -3.192428484727143800e+00
7.320996964831528508e+00 -3.175340953407724154e+00
7.401447480928577960e+00 -3.173491721613211247e+00
7.481897997025627411e+00 -3.191159644487498337e+00
7.562348513122678639e+00 -3.222987311298846524e+00
7.642799029219728091e+00 -3.238778415547661105e+00
7.723249545316777542e+00 -3.237340258136981230e+00
7.803700061413826994e+00 -3.249242865231376953e+00
7.884150577510876445e+00 -3.249114361905447002e+00
7.964601093607927673e+00 -3.241239319932963436e+00
8.045051609704977125e+00 -3.228461879725806227e+00
8.125502125802025688e+00 -3.221951658815219499e+00
8.205952641899076028e+00 -3.235863995374665514e+00
8.286403157996124591e+00 -3.258288863749047692e+00
8.366853674093176707e+00 -3.257939312307628565e+00
8.447304190190225270e+00 -3.256531393124336038e+00
8.527754706287275610e+00 -3.276213472701619445e+00
8.608205222384324173e+00 -3.271821592776950727e+00
8.688655738481374513e+00 -3.271824342007182196e+00
8.769106254578423076e+00 -3.275699877216349698e+00
8.849556770675475192e+00 -3.260704297244754635e+00
8.930007286772523756e+00 -3.230987244257544244e+00
9.010457802869574095e+00 -3.238178396610742915e+00
9.090908318966622659e+00 -3.261444497375192597e+00
9.171358835063672998e+00 -3.282804105337569389e+00
9.251809351160723338e+00 -3.271485995055743334e+00
9.332259867257773678e+00 -3.262751581769479436e+00
9.412710383354822241e+00 -3.250636986247630311e+00
9.493160899451872581e+00 -3.269316013487192585e+00
9.573611415548921144e+00 -3.327588844966119286e+00
9.654061931645971484e+00 -3.365122520660027927e+00
9.734512447743021823e+00 -3.346447957088467540e+00
9.814962963840072163e+00 -3.334651947583677778e+00
9.895413479937120727e+00 -3.318230961131023005e+00
9.975863996034171066e+00 -3.308808622429959101e+00
1.005631451213121963e+01 -3.315757237398544000e+00
1.013676502822827175e+01 -3.321488542547796463e+00
1.021721554432532031e+01 -3.299665675880491644e+00
1.029766606042237065e+01 -3.275773949615470304e+00
