0.000000000000000000e+00 -1.549019599857431873e-01
8.045051609704977069e-02 -1.929984054236391910e-01
1.609010321940995414e-01 -5.400021750896319972e-01
2.413515482911492982e-01 -1.544263261152393207e+00
3.218020643881990828e-01 -2.113352477767859838e+00
4.022525804852488118e-01 -1.987436748514842089e+00
4.827030965822985964e-01 -1.879672176974554798e+00
5.631536126793483810e-01 -1.903713709098666884e+00
6.436041287763981655e-01 -2.056011118926128756e+00
7.240546448734478391e-01 -2.295889131872663746e+00
8.045051609704976237e-01 -2.474933070499305110e+00
8.849556770675472972e-01 -2.505736018557287892e+00
9.654061931645971928e-01 -2.486308261508453299e+00
1.045856709261647088e+00 -2.483236019163717501e+00
1.126307225358696762e+00 -2.535961878330421193e+00
1.206757741455746435e+00 -2.682462403970683251e+00
1.287208257552796331e+00 -2.742709352218373642e+00
1.367658773649846005e+00 -2.766812646529136721e+00
1.448109289746895678e+00 -2.785558633975456999e+00
1.528559805843945352e+00 -2.813251824293879544e+00
1.609010321940995247e+00 -2.824785067161322161e+00
1.689460838038045143e+00 -2.820427940472593153e+00
1.769911354135094594e+00 -2.783220120358345984e+00
1.850361870232144490e+00 -2.782752652231030854e+00
1.930812386329194386e+00 -2.798377437394512501e+00
2.011262902426244281e+00 -2.812599272968218322e+00
2.091713418523294177e+00 -2.768259669109629950e+00
2.172163934620343628e+00 -2.717196661785456602e+00
2.252614450717393524e+00 -2.689659214835420808e+00
2.333064966814443419e+00 -2.652644198879024362e+00
2.413515482911492871e+00 -2.585585040900566955e+00
2.493965999008542767e+00 -2.552197986098935445e+00
2.574416515105592662e+00 -2.530552000507980903e+00
2.654867031202642558e+00 -2.522538793683323455e+00
2.735317547299692009e+00 -2.519870511941812552e+00
2.815768063396741905e+00 -2.517064452127879548e+00
2.896218579493791356e+00 -2.514896521208348279e+00
2.976669095590841252e+00 -2.545266759261561429e+00
3.057119611687890703e+00 -2.591277262028488515e+00
3.137570127784940599e+00 -2.605862028436715327e+00
3.218020643881990495e+00 -2.609966602966445670e+00
3.298471159979039946e+00 -2.627657238119889715e+00
3.378921676076090286e+00 -2.621938188870007735e+00
3.459372192173139737e+00 -2.603424562059780456e+00
3.539822708270189189e+00 -2.612629881619809247e+00
3.620273224367239528e+00 -2.622711003204108327e+00
3.700723740464288980e+00 -2.595539312865691617e+00
3.781174256561339320e+00 -2.571901835402843339e+00
3.861624772658388771e+00 -2.588965914909961086e+00
3.942075288755438223e+00 -2.618533403817522309e+00
4.022525804852488562e+00 -2.638021628382470229e+00
4.102976320949538014e+00 -2.659746754782369216e+00
4.183426837046588354e+00 -2.660167984097030036e+00
4.263877353143637805e+00 -2.639049448572695411e+00
4.344327869240687257e+00 -2.624144821650074899e+00
4.424778385337737596e+00 -2.634636532566347888e+00
4.505228901434787048e+00 -2.633922663253490892e+00
4.585679417531836499e+00 -2.609765207356701922e+00
4.666129933628886839e+00 -2.589650581982329225e+00
4.746580449725936290e+00 -2.587368496614441238e+00
4.827030965822985742e+00 -2.605346331549514893e+00
4.907481481920036082e+00 -2.640015132693827038e+00
4.987931998017085533e+00 -2.660435314869332935e+00
5.068382514114135873e+00 -2.701925521837424071e+00
5.148833030211185324e+00 -2.733856467683472680e+00
5.229283546308234776e+00 -2.719029949570682003e+00
5.309734062405285115e+00 -2.716933753356294279e+00
5.390184578502334567e+00 -2.707176256520208657e+00
5.470635094599384018e+00 -2.677618913348541074e+00
5.551085610696433470e+00 -2.647984883805676759e+00
5.631536126793483810e+00 -2.617432733543250567e+00
5.711986642890533261e+00 -2.609706340876269959e+00
5.792437158987582713e+00 -2.617408855075529672e+00
5.872887675084633052e+00 -2.634866547068385856e+00
5.953338191181682504e+00 -2.644601884117662838e+00
6.033788707278731955e+00 -2.640066256628797792e+00
6.114239223375781407e+00 -2.625242193080017383e+00
6.194689739472831747e+00 -2.605780495440375155e+00
6.275140255569881198e+00 -2.589546649208675166e+00
6.355590771666931538e+00 -2.587276008586135490e+00
6.436041287763980989e+00 -2.592979280793600072e+00
6.516491803861030441e+00 -2.592943153792552025e+00
6.596942319958079892e+00 -2.583496267187360473e+00
6.677392836055131120e+00 -2.613237835679161680e+00
6.757843352152180572e+00 -2.627862047042006211e+00
6.838293868249230023e+00 -2.639881680196997316e+00
6.918744384346279475e+00 -2.632473780945243202e+00
6.999194900443328926e+00 -2.629085087753159744e+00
7.079645416540378378e+00 -2.642775517205468550e+00
7.160095932637429605e+00 -2.667981953864149158e+00
7.240546448734479057e+00 -2.668612899193808730e+00
7.320996964831528508e+00 -2.664423325844377910e+00
7.401447480928577960e+00 -2.658595686071138164e+00
7.481897997025627411e+00 -2.668499462298293157e+00
7.562348513122678639e+00 -2.683092224650165836e+00
7.642799029219728091e+00 -2.671049712440300095e+00
7.723249545316777542e+00 -2.666452454914049142e+00
7.803700061413826994e+00 -2.692805706353379236e+00
7.884150577510876445e+00 -2.730025418787063618e+00
7.964601093607927673e+00 -2.773446122545156101e+00
8.045051609704977125e+00 -2.775116847102570006e+00
8.125502125802025688e+00 -2.744912574874086353e+00
8.205952641899076028e+00 -2.737503504233523177e+00
8.286403157996124591e+00 -2.741310102726258968e+00
8.366853674093176707e+00 -2.739686134220279179e+00
8.447304190190225270e+00 -2.744769722745578289e+00
8.527754706287275610e+00 -2.767239990631793489e+00
8.608205222384324173e+00 -2.788829329111219391e+00
8.688655738481374513e+00 -2.787038241198363853e+00
8.769106254578423076e+00 -2.782999979668381751e+00
8.849556770675475192e+00 -2.782692956891170688e+00
8.930007286772523756e+00 -2.767182387034416990e+00
9.010457802869574095e+00 -2.762085163949976607e+00
9.090908318966622659e+00 -2.780575724820941730e+00
9.171358835063672998e+00 -2.788176821740888212e+00
9.251809351160723338e+00 -2.782812659742781136e+00
9.332259867257773678e+00 -2.764472661076669446e+00
9.412710383354822241e+00 -2.744545079315678926e+00
9.493160899451872581e+00 -2.737347714101054041e+00
9.573611415548921144e+00 -2.769993836470580728e+00
9.654061931645971484e+00 -2.798641564077660959e+00
9.734512447743021823e+00 -2.812324919199743256e+00
9.814962963840072163e+00 -2.805183946991737454e+00
9.895413479937120727e+00 -2.792609552049069688e+00
9.975863996034171066e+00 -2.788355491691932198e+00
1.005631451213121963e+01 -2.808913769131289762e+00
1.013676502822827175e+01 -2.831933974540512988e+00
1.021721554432532031e+01 -2.832644749696718645e+00
1.029766606042237065e+01 -2.822987616507269149e+00
