0.000000000000000000e+00 -1.549019599857431873e-01
8.045051609704977069e-02 -2.095838272984258122e-01
1.609010321940995414e-01 -6.456711337839957654e-01
2.413515482911492982e-01 -1.887896891962812296e+00
3.218020643881990828e-01 -1.828985826967457928e+00
4.022525804852488118e-01 -1.616133471947024614e+00
4.827030965822985964e-01 -1.651973643945925385e+00
5.631536126793483810e-01 -1.834953970673316670e+00
6.436041287763981655e-01 -2.057722879316147946e+00
7.240546448734478391e-01 -2.210378630834410885e+00
8.045051609704976237e-01 -2.273699923262791245e+00
8.849556770675472972e-01 -2.357583913765489037e+00
9.654061931645971928e-01 -2.494894450603171165e+00
1.045856709261647088e+00 -2.586685929861727740e+00
1.126307225358696762e+00 -2.558439480343904560e+00
1.206757741455746435e+00 -2.557194930355191964e+00
1.287208257552796331e+00 -2.575768984659938532e+00
1.367658773649846005e+00 -2.589977503156219107e+00
1.448109289746895678e+00 -2.637719510376066889e+00
1.528559805843945352e+00 -2.693300776837021626e+00
1.609010321940995247e+00 -2.708210066322703113e+00
1.689460838038045143e+00 -2.693744223476933097e+00
1.769911354135094594e+00 -2.662180282966086331e+00
1.850361870232144490e+00 -2.639663454110894314e+00
1.930812386329194386e+00 -2.630080057494697421e+00
2.011262902426244281e+00 -2.651508092876340594e+00
2.091713418523294177e+00 -2.696131604838837070e+00
2.172163934620343628e+00 -2.717806701874097897e+00
2.252614450717393524e+00 -2.716735588277900071e+00
2.333064966814443419e+00 -2.677780665267424975e+00
2.413515482911492871e+00 -2.625375924710701359e+00
2.493965999008542767e+00 -2.609762571540700904e+00
2.574416515105592662e+00 -2.607271629971295912e+00
2.654867031202642558e+00 -2.594254927269955768e+00
2.735317547299692009e+00 -2.588354064249065445e+00
2.815768063396741905e+00 -2.632640354057203869e+00
2.896218579493791356e+00 -2.687018633583723393e+00
2.976669095590841252e+00 -2.699974790140302172e+00
3.057119611687890703e+00 -2.690755394824446256e+00
3.137570127784940599e+00 -2.673704939081038567e+00
3.218020643881990495e+00 -2.630333533766399334e+00
3.298471159979039946e+00 -2.605670406440456777e+00
3.378921676076090286e+00 -2.576484177453783442e+00
3.459372192173139737e+00 -2.553215679270968597e+00
3.539822708270189189e+00 -2.579894941126791963e+00
3.620273224367239528e+00 -2.612158528253488932e+00
3.700723740464288980e+00 -2.647038409955686067e+00
3.781174256561339320e+00 -2.666960014637129728e+00
3.861624772658388771e+00 -2.686049747656676701e+00
3.942075288755438223e+00 -2.680439879500805755e+00
4.022525804852488562e+00 -2.671989916674991417e+00
4.102976320949538014e+00 -2.666060821059246244e+00
4.183426837046588354e+00 -2.659087469104467250e+00
4.263877353143637805e+00 -2.647191038831540943e+00
4.344327869240687257e+00 -2.655830934484701533e+00
4.424778385337737596e+00 -2.668691330370055681e+00
4.505228901434787048e+00 -2.664266705320593065e+00
4.585679417531836499e+00 -2.654593971399410446e+00
4.666129933628886839e+00 -2.651817957661547709e+00
4.746580449725936290e+00 -2.649706362790029690e+00
4.827030965822985742e+00 -2.658223502819364814e+00
4.907481481920036082e+00 -2.664096341104595922e+00
4.987931998017085533e+00 -2.678001975619055841e+00
5.068382514114135873e+00 -2.666956084164009422e+00
5.148833030211185324e+00 -2.662654551169708839e+00
5.229283546308234776e+00 -2.659488774269653799e+00
5.309734062405285115e+00 -2.666689339917415857e+00
5.390184578502334567e+00 -2.673080465656895832e+00
5.470635094599384018e+00 -2.669541874350660038e+00
5.551085610696433470e+00 -2.653068309704759375e+00
5.631536126793483810e+00 -2.658574085859802594e+00
5.711986642890533261e+00 -2.725338524430077847e+00
5.792437158987582713e+00 -2.740942246244328029e+00
5.872887675084633052e+00 -2.703255922335741079e+00
5.953338191181682504e+00 -2.687371521130870189e+00
6.033788707278731955e+00 -2.689165531238794760e+00
6.114239223375781407e+00 -2.656263683722444924e+00
6.194689739472831747e+00 -2.636229927089611014e+00
6.275140255569881198e+00 -2.646504573998133214e+00
6.355590771666931538e+00 -2.673574084155371011e+00
6.436041287763980989e+00 -2.709526117364852826e+00
6.516491803861030441e+00 -2.736006456777614115e+00
6.596942319958079892e+00 -2.720922819404724802e+00
6.677392836055131120e+00 -2.714469427425803438e+00
6.757843352152180572e+00 -2.722389086789930968e+00
6.838293868249230023e+00 -2.728765441832771366e+00
6.918744384346279475e+00 -2.707276075212630584e+00
6.999194900443328926e+00 -2.689884019698320472e+00
7.079645416540378378e+00 -2.697284549444423973e+00
7.160095932637429605e+00 -2.698088427977304082e+00
7.240546448734479057e+00 -2.676132606653316870e+00
7.320996964831528508e+00 -2.697365444934879175e+00
7.401447480928577960e+00 -2.734186391820962569e+00
7.481897997025627411e+00 -2.699004044054462703e+00
7.562348513122678639e+00 -2.675510515175205217e+00
7.642799029219728091e+00 -2.687905404064927506e+00
7.723249545316777542e+00 -2.693592877225063464e+00
7.803700061413826994e+00 -2.694298307717082341e+00
7.884150577510876445e+00 -2.718817453020421659e+00
7.964601093607927673e+00 -2.746643572222605467e+00
8.045051609704977125e+00 -2.748997753908135611e+00
8.125502125802025688e+00 -2.725198220744319944e+00
8.205952641899076028e+00 -2.710319086708581793e+00
8.286403157996124591e+00 -2.726513039370837888e+00
8.366853674093176707e+00 -2.761099032379443763e+00
8.447304190190225270e+00 -2.758512813475499925e+00
8.527754706287275610e+00 -2.744344491273063014e+00
8.608205222384324173e+00 -2.757801389932299063e+00
8.688655738481374513e+00 -2.757101124802490144e+00
8.769106254578423076e+00 -2.760811698872423836e+00
8.849556770675475192e+00 -2.791818293825834463e+00
8.930007286772523756e+00 -2.806977850649792217e+00
9.010457802869574095e+00 -2.794011444889983320e+00
9.090908318966622659e+00 -2.785619427603258202e+00
9.171358835063672998e+00 -2.788487580982625502e+00
9.251809351160723338e+00 -2.788617084104372701e+00
9.332259867257773678e+00 -2.807009938166376006e+00
9.412710383354822241e+00 -2.815638147178802786e+00
9.493160899451872581e+00 -2.821673491826653724e+00
9.573611415548921144e+00 -2.850828793671969397e+00
9.654061931645971484e+00 -2.844832117779485525e+00
9.734512447743021823e+00 -2.822744848933619100e+00
9.814962963840072163e+00 -2.792200029175436526e+00
9.895413479937120727e+00 -2.784212966419823854e+00
9.975863996034171066e+00 -2.807903538765430973e+00
1.005631451213121963e+01 -2.827599547754571674e+00
1.013676502822827175e+01 -2.845578667575471510e+00
1.021721554432532031e+01 -2.868383522011895614e+00
1.029766606042237065e+01 -2.873235230202570545e+00
