0.000000000000000000e+00 -1.549019599857431873e-01
8.045051609704977069e-02 -3.932232122405809882e-01
1.609010321940995414e-01 -1.224638763934099872e+00
2.413515482911492982e-01 -3.244932472828859105e+00
3.218020643881990828e-01 -3.854853457688278695e+00
4.022525804852488118e-01 -3.988285054151465392e+00
4.827030965822985964e-01 -4.034405958397802472e+00
5.631536126793483810e-01 -3.999499226982453859e+00
6.436041287763981655e-01 -4.045722018679810184e+00
7.240546448734478391e-01 -4.248575865058798584e+00
8.045051609704976237e-01 -4.357284628518817371e+00
8.849556770675472972e-01 -4.497499184692829388e+00
9.654061931645971928e-01 -4.713891940680623449e+00
1.045856709261647088e+00 -4.916078958468513171e+00
1.126307225358696762e+00 -5.114738146927868989e+00
1.206757741455746435e+00 -5.320768223702583732e+00
1.287208257552796331e+00 -5.427572133803898247e+00
1.367658773649846005e+00 -5.461189058394001705e+00
1.448109289746895678e+00 -5.459766329271562135e+00
1.528559805843945352e+00 -5.493039188851980725e+00
1.609010321940995247e+00 -5.452959213627686097e+00
1.689460838038045143e+00 -5.421203988041619404e+00
1.769911354135094594e+00 -5.366499198663148285e+00
1.850361870232144490e+00 -5.303785223611442667e+00
1.930812386329194386e+00 -5.248040075115370406e+00
2.011262902426244281e+00 -5.127686930464053994e+00
2.091713418523294177e+00 -4.970590993884267839e+00
2.172163934620343628e+00 -5.009957639687619313e+00
2.252614450717393524e+00 -5.176946187781982900e+00
2.333064966814443419e+00 -5.263190716186625373e+00
2.413515482911492871e+00 -5.223049009234099316e+00
2.493965999008542767e+00 -5.169426935155127190e+00
2.574416515105592662e+00 -5.126279057467583833e+00
2.654867031202642558e+00 -5.095362580468876246e+00
2.735317547299692009e+00 -5.129957948481346008e+00
2.815768063396741905e+00 -5.120144307458163624e+00
2.896218579493791356e+00 -5.072275310959106775e+00
2.976669095590841252e+00 -5.107191148325138208e+00
3.057119611687890703e+00 -5.178795923172186733e+00
3.137570127784940599e+00 -5.231740732862921739e+00
3.218020643881990495e+00 -5.235635402967158569e+00
3.298471159979039946e+00 -5.227577863701213801e+00
3.378921676076090286e+00 -5.222351088445912559e+00
3.459372192173139737e+00 -5.206930092286234490e+00
3.539822708270189189e+00 -5.196594879355744823e+00
3.620273224367239528e+00 -5.173220321863301940e+00
3.700723740464288980e+00 -5.187993225410758136e+00
3.781174256561339320e+00 -5.278187914233751776e+00
3.861624772658388771e+00 -5.311675773886272545e+00
3.942075288755438223e+00 -5.342869549387213368e+00
4.022525804852488562e+00 -5.311776118996392348e+00
4.102976320949538014e+00 -5.225719310670637441e+00
4.183426837046588354e+00 -5.154665100728041516e+00
4.263877353143637805e+00 -5.153033520126475864e+00
4.344327869240687257e+00 -5.151325871483148688e+00
4.424778385337737596e+00 -5.109025068530280045e+00
4.505228901434787048e+00 -5.092566821677174005e+00
4.585679417531836499e+00 -5.164308899595229541e+00
4.666129933628886839e+00 -5.291017962061825841e+00
4.746580449725936290e+00 -5.354770954986077136e+00
4.827030965822985742e+00 -5.368000828099835253e+00
4.907481481920036082e+00 -5.352200016920105163e+00
4.987931998017085533e+00 -5.281356506195133527e+00
5.068382514114135873e+00 -5.215139994185656214e+00
5.148833030211185324e+00 -5.176091360592010027e+00
5.229283546308234776e+00 -5.184868600332823263e+00
5.309734062405285115e+00 -5.196251606194702610e+00
5.390184578502334567e+00 -5.239234659921159221e+00
5.470635094599384018e+00 -5.298671972165561073e+00
5.551085610696433470e+00 -5.347421140388093797e+00
5.631536126793483810e+00 -5.320241332779876764e+00
5.711986642890533261e+00 -5.271839667521645012e+00
5.792437158987582713e+00 -5.316770901543601546e+00
5.872887675084633052e+00 -5.357946677013450731e+00
5.953338191181682504e+00 -5.351558173038283073e+00
6.033788707278731955e+00 -5.336770730846183142e+00
6.114239223375781407e+00 -5.318472830040892774e+00
6.194689739472831747e+00 -5.334767675606998161e+00
6.275140255569881198e+00 -5.406177582298036022e+00
6.355590771666931538e+00 -5.415618456293975314e+00
6.436041287763980989e+00 -5.387091180224116371e+00
6.516491803861030441e+00 -5.401970187171006188e+00
6.596942319958079892e+00 -5.423499503659519050e+00
6.677392836055131120e+00 -5.474909947684201583e+00
6.757843352152180572e+00 -5.477003962311894902e+00
6.838293868249230023e+00 -5.414686444439165136e+00
6.918744384346279475e+00 -5.384295886819538524e+00
6.999194900443328926e+00 -5.424176886764760397e+00
7.079645416540378378e+00 -5.402747149290511253e+00
7.160095932637429605e+00 -5.350075912780748233e+00
7.240546448734479057e+00 -5.366545912022619547e+00
7.320996964831528508e+00 -5.404672021976414165e+00
7.401447480928577960e+00 -5.442902186504484874e+00
7.481897997025627411e+00 -5.424383031491813334e+00
7.562348513122678639e+00 -5.386168455861167104e+00
7.642799029219728091e+00 -5.436515851229501983e+00
7.723249545316777542e+00 -5.488169044449705325e+00
7.803700061413826994e+00 -5.466964133372465007e+00
7.884150577510876445e+00 -5.428710644728082180e+00
7.964601093607927673e+00 -5.392443703521187182e+00
8.045051609704977125e+00 -5.381144708360163342e+00
8.125502125802025688e+00 -5.433711740538884172e+00
8.205952641899076028e+00 -5.523572938437810720e+00
8.286403157996124591e+00 -5.571885965370740657e+00
8.366853674093176707e+00 -5.538354094852643072e+00
8.447304190190225270e+00 -5.489318301708214776e+00
8.527754706287275610e+00 -5.447315741582560378e+00
8.608205222384324173e+00 -5.417812081207432406e+00
8.688655738481374513e+00 -5.445501413268758029e+00
8.769106254578423076e+00 -5.504492499968085539e+00
8.849556770675475192e+00 -5.530760082282784040e+00
8.930007286772523756e+00 -5.535347681375272444e+00
9.010457802869574095e+00 -5.541324376310992506e+00
9.090908318966622659e+00 -5.533474490479322938e+00
9.171358835063672998e+00 -5.557375503595757493e+00
9.251809351160723338e+00 -5.642057466343495697e+00
9.332259867257773678e+00 -5.643310313202886341e+00
9.412710383354822241e+00 -5.601298769870352245e+00
9.493160899451872581e+00 -5.567454313977851399e+00
9.573611415548921144e+00 -5.546010844923891625e+00
9.654061931645971484e+00 -5.549943955022722974e+00
9.734512447743021823e+00 -5.572732320896528257e+00
9.814962963840072163e+00 -5.546306798217999656e+00
9.895413479937120727e+00 -5.565230971778134972e+00
9.975863996034171066e+00 -5.618193646381372197e+00
1.005631451213121963e+01 -5.660864319607187056e+00
1.013676502822827175e+01 -5.604049548210264575e+00
1.021721554432532031e+01 -5.575780803989648149e+00
1.029766606042237065e+01 -5.599769477839853238e+00
