0.000000000000000000e+00 -1.549019599857431873e-01
8.045051609704977069e-02 -1.994391987922996268e-01
1.609010321940995414e-01 -5.669946464174864253e-01
2.413515482911492982e-01 -1.763847770932392311e+00
3.218020643881990828e-01 -1.946141341415332127e+00
4.022525804852488118e-01 -1.703114988289702092e+00
4.827030965822985964e-01 -1.706845379276099584e+00
5.631536126793483810e-01 -1.851642226330465490e+00
6.436041287763981655e-01 -2.092949905729488247e+00
7.240546448734478391e-01 -2.249960020282920414e+00
8.045051609704976237e-01 -2.317857018871667396e+00
8.849556770675472972e-01 -2.336117351843617573e+00
9.654061931645971928e-01 -2.396762743836069465e+00
1.045856709261647088e+00 -2.482564428453286176e+00
1.126307225358696762e+00 -2.555606502755529252e+00
1.206757741455746435e+00 -2.583979028311773618e+00
1.287208257552796331e+00 -2.592435807180923923e+00
1.367658773649846005e+00 -2.624949219300042547e+00
1.448109289746895678e+00 -2.663265650920370042e+00
1.528559805843945352e+00 -2.694256019075925490e+00
1.609010321940995247e+00 -2.663194624342583694e+00
1.689460838038045143e+00 -2.653739396375287551e+00
1.769911354135094594e+00 -2.693839677852506220e+00
1.850361870232144490e+00 -2.719969399799378795e+00
1.930812386329194386e+00 -2.641994952591513179e+00
2.011262902426244281e+00 -2.561304782555320791e+00
2.091713418523294177e+00 -2.574628590841823605e+00
2.172163934620343628e+00 -2.621563170884364080e+00
2.252614450717393524e+00 -2.598575801525221163e+00
2.333064966814443419e+00 -2.579826507565669225e+00
2.413515482911492871e+00 -2.601065614086309097e+00
2.493965999008542767e+00 -2.608325977676917429e+00
2.574416515105592662e+00 -2.573738539718958496e+00
2.654867031202642558e+00 -2.562417897328748584e+00
2.735317547299692009e+00 -2.601037468592179547e+00
2.815768063396741905e+00 -2.683440718028452299e+00
2.896218579493791356e+00 -2.733265447105216683e+00
2.976669095590841252e+00 -2.715534597023484764e+00
3.057119611687890703e+00 -2.674780058621591738e+00
3.137570127784940599e+00 -2.633109462459354511e+00
3.218020643881990495e+00 -2.603570477796339322e+00
3.298471159979039946e+00 -2.598518078980822654e+00
3.378921676076090286e+00 -2.604692828763135903e+00
3.459372192173139737e+00 -2.585893014689987890e+00
3.539822708270189189e+00 -2.601774618628566405e+00
3.620273224367239528e+00 -2.629773976071490882e+00
3.700723740464288980e+00 -2.657040053010795155e+00
3.781174256561339320e+00 -2.663717428935354903e+00
3.861624772658388771e+00 -2.672902209860124945e+00
3.942075288755438223e+00 -2.674411197550268238e+00
4.022525804852488562e+00 -2.662015079652332972e+00
4.102976320949538014e+00 -2.660992990817513615e+00
4.183426837046588354e+00 -2.663350739421810776e+00
4.263877353143637805e+00 -2.676769417243326732e+00
4.344327869240687257e+00 -2.698052612924734195e+00
4.424778385337737596e+00 -2.687067565278897785e+00
4.505228901434787048e+00 -2.653398675721649891e+00
4.585679417531836499e+00 -2.624887119739291563e+00
4.666129933628886839e+00 -2.624562517317016397e+00
4.746580449725936290e+00 -2.663181906237164664e+00
4.827030965822985742e+00 -2.690971546445265705e+00
4.907481481920036082e+00 -2.693308971583436406e+00
4.987931998017085533e+00 -2.672760402808905589e+00
5.068382514114135873e+00 -2.652783107868097456e+00
5.148833030211185324e+00 -2.637452640948263038e+00
5.229283546308234776e+00 -2.630063744476315524e+00
5.309734062405285115e+00 -2.621628509055340839e+00
5.390184578502334567e+00 -2.605357990264758783e+00
5.470635094599384018e+00 -2.590900479053149130e+00
5.551085610696433470e+00 -2.607444657412608002e+00
5.631536126793483810e+00 -2.636854957658198551e+00
5.711986642890533261e+00 -2.650496170110534955e+00
5.792437158987582713e+00 -2.684149998097197898e+00
5.872887675084633052e+00 -2.702956995007784524e+00
5.953338191181682504e+00 -2.731831023697136818e+00
6.033788707278731955e+00 -2.731879296162264215e+00
6.114239223375781407e+00 -2.706912718012670194e+00
6.194689739472831747e+00 -2.648394501210783680e+00
6.275140255569881198e+00 -2.629955551347204601e+00
6.355590771666931538e+00 -2.673483873142920242e+00
6.436041287763980989e+00 -2.709721828380406095e+00
6.516491803861030441e+00 -2.712103076972889770e+00
6.596942319958079892e+00 -2.690171335070090652e+00
6.677392836055131120e+00 -2.713846772720031719e+00
6.757843352152180572e+00 -2.713702474196575842e+00
6.838293868249230023e+00 -2.659362595143211827e+00
6.918744384346279475e+00 -2.629815921427589576e+00
6.999194900443328926e+00 -2.647379805868135705e+00
7.079645416540378378e+00 -2.681489035689673450e+00
7.160095932637429605e+00 -2.692614913846308689e+00
7.240546448734479057e+00 -2.717052699229084656e+00
7.320996964831528508e+00 -2.738578604906440894e+00
7.401447480928577960e+00 -2.741556578031882463e+00
7.481897997025627411e+00 -2.739498931908935564e+00
7.562348513122678639e+00 -2.729867379600982247e+00
7.642799029219728091e+00 -2.727503114033409393e+00
7.723249545316777542e+00 -2.736980295250370787e+00
7.803700061413826994e+00 -2.739350228895665484e+00
7.884150577510876445e+00 -2.729942385315115683e+00
7.964601093607927673e+00 -2.730951629042906781e+00
8.045051609704977125e+00 -2.759131388956032271e+00
8.125502125802025688e+00 -2.777457108681955056e+00
8.205952641899076028e+00 -2.768388004103747857e+00
8.286403157996124591e+00 -2.743767290421790239e+00
8.366853674093176707e+00 -2.740424427333648882e+00
8.447304190190225270e+00 -2.750533715111660449e+00
8.527754706287275610e+00 -2.758693513299554922e+00
8.608205222384324173e+00 -2.785373755620155212e+00
8.688655738481374513e+00 -2.783209608890235831e+00
8.769106254578423076e+00 -2.762909337419757971e+00
8.849556770675475192e+00 -2.758368546356630535e+00
8.930007286772523756e+00 -2.758306251413070953e+00
9.010457802869574095e+00 -2.741825872318063517e+00
9.090908318966622659e+00 -2.722046285193767012e+00
9.171358835063672998e+00 -2.725770867526419394e+00
9.251809351160723338e+00 -2.755402282728072194e+00
9.332259867257773678e+00 -2.783372792673955765e+00
9.412710383354822241e+00 -2.769029279236888019e+00
9.493160899451872581e+00 -2.744914168768287865e+00
9.573611415548921144e+00 -2.715083170415245384e+00
9.654061931645971484e+00 -2.728678083230036577e+00
9.734512447743021823e+00 -2.757962638558123292e+00
9.814962963840072163e+00 -2.781759634981488372e+00
9.895413479937120727e+00 -2.765040998757330115e+00
9.975863996034171066e+00 -2.742939929821779366e+00
1.005631451213121963e+01 -2.733383673840787065e+00
1.013676502822827175e+01 -2.758133292815725834e+00
1.021721554432532031e+01 -2.789320930785698760e+00
1.029766606042237065e+01 -2.825309682982390047e+00
