0.000000000000000000e+00 -1.549019599857431873e-01
8.045051609704977069e-02 -3.939082291685084836e-01
1.609010321940995414e-01 -1.232506631325606783e+00
2.413515482911492982e-01 -3.195999410684268849e+00
3.218020643881990828e-01 -3.800967502588690650e+00
4.022525804852488118e-01 -4.506857807101915192e+00
4.827030965822985964e-01 -5.639524556028346680e+00
5.631536126793483810e-01 -6.561448145900704354e+00
6.436041287763981655e-01 -7.078503604765552737e+00
7.240546448734478391e-01 -7.363174710709086135e+00
8.045051609704976237e-01 -7.431383105886554041e+00
8.849556770675472972e-01 -7.455146476437477077e+00
9.654061931645971928e-01 -7.586451331975319512e+00
1.045856709261647088e+00 -7.652303033985024427e+00
1.126307225358696762e+00 -7.663582834291090329e+00
1.206757741455746435e+00 -7.614517677209742708e+00
1.287208257552796331e+00 -7.575866050826128628e+00
1.367658773649846005e+00 -7.463052327263453023e+00
1.448109289746895678e+00 -7.262927095808263900e+00
1.528559805843945352e+00 -7.134823556661586075e+00
1.609010321940995247e+00 -7.156609391048043278e+00
1.689460838038045143e+00 -7.155134224002845933e+00
1.769911354135094594e+00 -7.109307878988569307e+00
1.850361870232144490e+00 -7.035053222767641223e+00
1.930812386329194386e+00 -6.874705111818070868e+00
2.011262902426244281e+00 -6.697136764732989356e+00
2.091713418523294177e+00 -6.626578471678678639e+00
2.172163934620343628e+00 -6.601902884315419051e+00
2.252614450717393524e+00 -6.529283466086385879e+00
2.333064966814443419e+00 -6.503287917951525721e+00
2.413515482911492871e+00 -6.535164714041317602e+00
2.493965999008542767e+00 -6.520804601786421628e+00
2.574416515105592662e+00 -6.516386974099316554e+00
2.654867031202642558e+00 -6.515521725583480972e+00
2.735317547299692009e+00 -6.589876862073459129e+00
2.815768063396741905e+00 -6.751203449701966619e+00
2.896218579493791356e+00 -6.722483833351571292e+00
2.976669095590841252e+00 -6.611950032067444027e+00
3.057119611687890703e+00 -6.540056764046780380e+00
3.137570127784940599e+00 -6.569173540194656269e+00
3.218020643881990495e+00 -6.659155261195285114e+00
3.298471159979039946e+00 -6.757998677953711564e+00
3.378921676076090286e+00 -6.759761256747089497e+00
3.459372192173139737e+00 -6.729296630881918873e+00
3.539822708270189189e+00 -6.641415648028795360e+00
3.620273224367239528e+00 -6.563049205143617115e+00
3.700723740464288980e+00 -6.435549861910190295e+00
3.781174256561339320e+00 -6.391291464892471019e+00
3.861624772658388771e+00 -6.440232804064581984e+00
3.942075288755438223e+00 -6.519992425711716777e+00
4.022525804852488562e+00 -6.579978972263162085e+00
4.102976320949538014e+00 -6.548352519068868283e+00
4.183426837046588354e+00 -6.494224653533549940e+00
4.263877353143637805e+00 -6.532521811770410913e+00
4.344327869240687257e+00 -6.610499372344416535e+00
4.424778385337737596e+00 -6.683030147716549685e+00
4.505228901434787048e+00 -6.738347916716739050e+00
4.585679417531836499e+00 -6.811255803554834287e+00
4.666129933628886839e+00 -6.836436133476799348e+00
4.746580449725936290e+00 -6.724159612218943316e+00
4.827030965822985742e+00 -6.618976565847654925e+00
4.907481481920036082e+00 -6.628819209410409030e+00
4.987931998017085533e+00 -6.754767022027846401e+00
5.068382514114135873e+00 -6.837774514323301744e+00
5.148833030211185324e+00 -6.781984840143042703e+00
5.229283546308234776e+00 -6.710763274985798610e+00
5.309734062405285115e+00 -6.684216196017676914e+00
5.390184578502334567e+00 -6.730030345811387704e+00
5.470635094599384018e+00 -6.749216404306865869e+00
5.551085610696433470e+00 -6.761845716016257057e+00
5.631536126793483810e+00 -6.795261408241785261e+00
5.711986642890533261e+00 -6.783409684835213227e+00
5.792437158987582713e+00 -6.738445437680752548e+00
5.872887675084633052e+00 -6.744714300098982207e+00
5.953338191181682504e+00 -6.754629753276278237e+00
6.033788707278731955e+00 -6.734806971294140965e+00
6.114239223375781407e+00 -6.737289217942977082e+00
6.194689739472831747e+00 -6.741341274008522788e+00
6.275140255569881198e+00 -6.785961515380969367e+00
6.355590771666931538e+00 -6.822666082142762711e+00
6.436041287763980989e+00 -6.832890139490685577e+00
6.516491803861030441e+00 -6.809024984445231965e+00
6.596942319958079892e+00 -6.768179541033407354e+00
6.677392836055131120e+00 -6.732191223570458405e+00
6.757843352152180572e+00 -6.757469482266938776e+00
6.838293868249230023e+00 -6.840399838148278455e+00
6.918744384346279475e+00 -6.905702340421268737e+00
6.999194900443328926e+00 -6.886443752417640951e+00
7.079645416540378378e+00 -6.808170974918816398e+00
7.160095932637429605e+00 -6.772051778790362242e+00
7.240546448734479057e+00 -6.765029998000748002e+00
7.320996964831528508e+00 -6.825358069337739586e+00
7.401447480928577960e+00 -6.914764010552697293e+00
7.481897997025627411e+00 -6.984441305366710040e+00
7.562348513122678639e+00 -6.939657423651343748e+00
7.642799029219728091e+00 -6.836830594009962070e+00
7.723249545316777542e+00 -6.779126402375228011e+00
7.803700061413826994e+00 -6.742886421034870459e+00
7.884150577510876445e+00 -6.763757642800021230e+00
7.964601093607927673e+00 -6.835555398615486666e+00
8.045051609704977125e+00 -6.876056516780363559e+00
8.125502125802025688e+00 -6.853354235567850061e+00
8.205952641899076028e+00 -6.881991286700043453e+00
8.286403157996124591e+00 -6.912387215551133224e+00
8.366853674093176707e+00 -6.900674647466866318e+00
8.447304190190225270e+00 -6.878060033424805653e+00
8.527754706287275610e+00 -6.895444544981526036e+00
8.608205222384324173e+00 -6.899083922180928141e+00
8.688655738481374513e+00 -6.856976113592250677e+00
8.769106254578423076e+00 -6.873109448131557997e+00
8.849556770675475192e+00 -6.941336742126175352e+00
8.930007286772523756e+00 -6.936987727912052648e+00
9.010457802869574095e+00 -6.921177923320265712e+00
9.090908318966622659e+00 -6.897586327025549302e+00
9.171358835063672998e+00 -6.913336470956311430e+00
9.251809351160723338e+00 -6.953836957248418216e+00
9.332259867257773678e+00 -6.981106573082899835e+00
9.412710383354822241e+00 -7.005628506291502688e+00
9.493160899451872581e+00 -7.038975736406443140e+00
9.573611415548921144e+00 -7.093748317796432445e+00
9.654061931645971484e+00 -7.067994464998110793e+00
9.734512447743021823e+00 -7.050136973357881587e+00
9.814962963840072163e+00 -7.055349983053792684e+00
9.895413479937120727e+00 -7.101251474462490165e+00
9.975863996034171066e+00 -7.142759661274642013e+00
1.005631451213121963e+01 -7.179423526490082530e+00
1.013676502822827175e+01 -7.160547756959887877e+00
1.021721554432532031e+01 -7.139001951088147280e+00
1.029766606042237065e+01 -7.121570635373077884e+00
