0.000000000000000000e+00 -1.549019599857431873e-01
8.045051609704977069e-02 -1.953309150162743368e-01
1.609010321940995414e-01 -5.503038313272341497e-01
2.413515482911492982e-01 -1.325701334039357748e+00
3.218020643881990828e-01 -1.670352928535953296e+00
4.022525804852488118e-01 -2.014709699259727316e+00
4.827030965822985964e-01 -2.602875098071360416e+00
5.631536126793483810e-01 -3.125191772079110031e+00
6.436041287763981655e-01 -3.381120029892356271e+00
7.240546448734478391e-01 -3.551927396893460376e+00
8.045051609704976237e-01 -3.691629854814896916e+00
8.849556770675472972e-01 -3.778645162241169864e+00
9.654061931645971928e-01 -3.859262561828818772e+00
1.045856709261647088e+00 -3.923359417421443673e+00
1.126307225358696762e+00 -3.930481544365280744e+00
1.206757741455746435e+00 -3.915550979394478937e+00
1.287208257552796331e+00 -3.883901882168174780e+00
1.367658773649846005e+00 -3.793500663543393436e+00
1.448109289746895678e+00 -3.634967314634123259e+00
1.528559805843945352e+00 -3.545262615363741876e+00
1.609010321940995247e+00 -3.554331161194735245e+00
1.689460838038045143e+00 -3.537771824104049223e+00
1.769911354135094594e+00 -3.499574999534068809e+00
1.850361870232144490e+00 -3.431198577214473744e+00
1.930812386329194386e+00 -3.341828618496446524e+00
2.011262902426244281e+00 -3.307735348619920579e+00
2.091713418523294177e+00 -3.291208278911994078e+00
2.172163934620343628e+00 -3.288996111770515540e+00
2.252614450717393524e+00 -3.272554288964093061e+00
2.333064966814443419e+00 -3.244165394534106017e+00
2.413515482911492871e+00 -3.229927771600880515e+00
2.493965999008542767e+00 -3.258803603162111706e+00
2.574416515105592662e+00 -3.298125571639190401e+00
2.654867031202642558e+00 -3.309360615047244547e+00
2.735317547299692009e+00 -3.302858718814735806e+00
2.815768063396741905e+00 -3.308071451666763085e+00
2.896218579493791356e+00 -3.303882731917251458e+00
2.976669095590841252e+00 -3.313838033654500581e+00
3.057119611687890703e+00 -3.320156720921018767e+00
3.137570127784940599e+00 -3.321180126790151288e+00
3.218020643881990495e+00 -3.332756088496274582e+00
3.298471159979039946e+00 -3.368124285300205578e+00
3.378921676076090286e+00 -3.350626775202931285e+00
3.459372192173139737e+00 -3.316088020458782371e+00
3.539822708270189189e+00 -3.291668463777787768e+00
3.620273224367239528e+00 -3.296733487798021223e+00
3.700723740464288980e+00 -3.302499757251306178e+00
3.781174256561339320e+00 -3.287226388762314766e+00
3.861624772658388771e+00 -3.255635560684767782e+00
3.942075288755438223e+00 -3.223925906889731241e+00
4.022525804852488562e+00 -3.235497854736884449e+00
4.102976320949538014e+00 -3.282106719684381169e+00
4.183426837046588354e+00 -3.290877665937787189e+00
4.263877353143637805e+00 -3.275049529722331876e+00
4.344327869240687257e+00 -3.270655523239464291e+00
4.424778385337737596e+00 -3.292327723152811192e+00
4.505228901434787048e+00 -3.324084012532652288e+00
4.585679417531836499e+00 -3.345485283843728563e+00
4.666129933628886839e+00 -3.356219682592164411e+00
4.746580449725936290e+00 -3.381179198077268744e+00
4.827030965822985742e+00 -3.385092530835523306e+00
4.907481481920036082e+00 -3.347104829416635674e+00
4.987931998017085533e+00 -3.308225788266212053e+00
5.068382514114135873e+00 -3.308323685180911689e+00
5.148833030211185324e+00 -3.326253638430040294e+00
5.229283546308234776e+00 -3.330508500820664075e+00
5.309734062405285115e+00 -3.322353712886294996e+00
5.390184578502334567e+00 -3.333011908528454637e+00
5.470635094599384018e+00 -3.364158048533453460e+00
5.551085610696433470e+00 -3.375364510689994990e+00
5.631536126793483810e+00 -3.359187446397319032e+00
5.711986642890533261e+00 -3.381707735844355689e+00
5.792437158987582713e+00 -3.425688897854962889e+00
5.872887675084633052e+00 -3.433046788105159397e+00
5.953338191181682504e+00 -3.398001835719652863e+00
6.033788707278731955e+00 -3.374134430277547558e+00
6.114239223375781407e+00 -3.369731979841563252e+00
6.194689739472831747e+00 -3.374844136473922784e+00
6.275140255569881198e+00 -3.372528448680777835e+00
6.355590771666931538e+00 -3.364714652318985699e+00
6.436041287763980989e+00 -3.365494132607296685e+00
6.516491803861030441e+00 -3.350776970736403459e+00
6.596942319958079892e+00 -3.356636997308403814e+00
6.677392836055131120e+00 -3.368777694914971921e+00
6.757843352152180572e+00 -3.371749698265059880e+00
6.838293868249230023e+00 -3.359906348205963678e+00
6.918744384346279475e+00 -3.361203833372197636e+00
6.999194900443328926e+00 -3.364478832769596472e+00
7.079645416540378378e+00 -3.370941309762799154e+00
7.160095932637429605e+00 -3.389828535882813743e+00
7.240546448734479057e+00 -3.430943169077836696e+00
7.320996964831528508e+00 -3.450805177297006754e+00
7.401447480928577960e+00 -3.442882214821671560e+00
7.481897997025627411e+00 -3.417154150578578964e+00
7.562348513122678639e+00 -3.371943993701469466e+00
7.642799029219728091e+00 -3.364880092343181417e+00
7.723249545316777542e+00 -3.413822742384597042e+00
7.803700061413826994e+00 -3.442848886809746212e+00
7.884150577510876445e+00 -3.429834163180466078e+00
7.964601093607927673e+00 -3.396997241037881921e+00
8.045051609704977125e+00 -3.378267988833012936e+00
8.125502125802025688e+00 -3.399981611660426672e+00
8.205952641899076028e+00 -3.445412495371596773e+00
8.286403157996124591e+00 -3.471044209743953779e+00
8.366853674093176707e+00 -3.468460247278101871e+00
8.447304190190225270e+00 -3.471079514903151697e+00
8.527754706287275610e+00 -3.495674774201636748e+00
8.608205222384324173e+00 -3.536542454059305562e+00
8.688655738481374513e+00 -3.521899504833803984e+00
8.769106254578423076e+00 -3.458574702307850135e+00
8.849556770675475192e+00 -3.434336182722408815e+00
8.930007286772523756e+00 -3.467522862363395575e+00
9.010457802869574095e+00 -3.510367004561403270e+00
9.090908318966622659e+00 -3.504456700753492360e+00
9.171358835063672998e+00 -3.478870306720822203e+00
9.251809351160723338e+00 -3.483523640896599272e+00
9.332259867257773678e+00 -3.499755701190967461e+00
9.412710383354822241e+00 -3.498612947664110351e+00
9.493160899451872581e+00 -3.498325286707671733e+00
9.573611415548921144e+00 -3.487255884714846044e+00
9.654061931645971484e+00 -3.490970104026280385e+00
9.734512447743021823e+00 -3.499607885613047031e+00
9.814962963840072163e+00 -3.494861345661447682e+00
9.895413479937120727e+00 -3.474962345698714206e+00
9.975863996034171066e+00 -3.466704349424848175e+00
1.005631451213121963e+01 -3.491308221642441367e+00
1.013676502822827175e+01 -3.499575404213521868e+00
1.021721554432532031e+01 -3.494892316888925432e+00
1.029766606042237065e+01 -3.496761262983092866e+00
