0.000000000000000000e+00 -1.549019599857431873e-01
8.045051609704977069e-02 -2.039179925373933167e-01
1.609010321940995414e-01 -5.261918692301237321e-01
2.413515482911492982e-01 -1.526832667301621260e+00
3.218020643881990828e-01 -2.240320172253421394e+00
4.022525804852488118e-01 -2.409914464774961296e+00
4.827030965822985964e-01 -2.792467500763537558e+00
5.631536126793483810e-01 -3.270063485645379853e+00
6.436041287763981655e-01 -3.670766261675781905e+00
7.240546448734478391e-01 -3.761186416752681616e+00
8.045051609704976237e-01 -3.813051255421385122e+00
8.849556770675472972e-01 -3.857536722362363779e+00
9.654061931645971928e-01 -3.880468939864438749e+00
1.045856709261647088e+00 -3.821054335072830987e+00
1.126307225358696762e+00 -3.792466625062580476e+00
1.206757741455746435e+00 -3.852963103175798487e+00
1.287208257552796331e+00 -3.866888785119532379e+00
1.367658773649846005e+00 -3.760025387493009408e+00
1.448109289746895678e+00 -3.649483390055992871e+00
1.528559805843945352e+00 -3.627635102828282943e+00
1.609010321940995247e+00 -3.611005671246086735e+00
1.689460838038045143e+00 -3.547937905048704099e+00
1.769911354135094594e+00 -3.475076845843557471e+00
1.850361870232144490e+00 -3.416557920571678508e+00
1.930812386329194386e+00 -3.338661070126777819e+00
2.011262902426244281e+00 -3.266846517041893438e+00
2.091713418523294177e+00 -3.230998307742580344e+00
2.172163934620343628e+00 -3.253420041635931792e+00
2.252614450717393524e+00 -3.303643364106724878e+00
2.333064966814443419e+00 -3.341352841163038434e+00
2.413515482911492871e+00 -3.324203161099557491e+00
2.493965999008542767e+00 -3.316268737127596733e+00
2.574416515105592662e+00 -3.341807258087349464e+00
2.654867031202642558e+00 -3.379138472006897764e+00
2.735317547299692009e+00 -3.379596509030368345e+00
2.815768063396741905e+00 -3.322051566920576349e+00
2.896218579493791356e+00 -3.302084001520291690e+00
2.976669095590841252e+00 -3.355537853495440093e+00
3.057119611687890703e+00 -3.391897269091355138e+00
3.137570127784940599e+00 -3.432949209107088340e+00
3.218020643881990495e+00 -3.441771539913369704e+00
3.298471159979039946e+00 -3.452668285358502676e+00
3.378921676076090286e+00 -3.430508195696721163e+00
3.459372192173139737e+00 -3.387537250031722458e+00
3.539822708270189189e+00 -3.348948124255500591e+00
3.620273224367239528e+00 -3.335197928221345975e+00
3.700723740464288980e+00 -3.305054804378310784e+00
3.781174256561339320e+00 -3.297396397447625915e+00
3.861624772658388771e+00 -3.310858935452991147e+00
3.942075288755438223e+00 -3.302691551724642682e+00
4.022525804852488562e+00 -3.316245688115231349e+00
4.102976320949538014e+00 -3.352994875280365772e+00
4.183426837046588354e+00 -3.365938271235974444e+00
4.263877353143637805e+00 -3.348961641445216131e+00
4.344327869240687257e+00 -3.336744674815268041e+00
4.424778385337737596e+00 -3.324851846644469422e+00
4.505228901434787048e+00 -3.308097728157902484e+00
4.585679417531836499e+00 -3.321516042238052080e+00
4.666129933628886839e+00 -3.364015226837360206e+00
4.746580449725936290e+00 -3.381100260023523596e+00
4.827030965822985742e+00 -3.368218976266903031e+00
4.907481481920036082e+00 -3.320849632279698760e+00
4.987931998017085533e+00 -3.298119663165794968e+00
5.068382514114135873e+00 -3.307334425962994207e+00
5.148833030211185324e+00 -3.323413844774294468e+00
5.229283546308234776e+00 -3.333465453834224768e+00
5.309734062405285115e+00 -3.340061326598659619e+00
5.390184578502334567e+00 -3.376428051242417627e+00
5.470635094599384018e+00 -3.419797501683654151e+00
5.551085610696433470e+00 -3.425836812185630631e+00
5.631536126793483810e+00 -3.393486252074306542e+00
5.711986642890533261e+00 -3.371991869373920814e+00
5.792437158987582713e+00 -3.368087989041191221e+00
5.872887675084633052e+00 -3.378256397460016380e+00
5.953338191181682504e+00 -3.380781316081017618e+00
6.033788707278731955e+00 -3.383432000945282514e+00
6.114239223375781407e+00 -3.359167650781389458e+00
6.194689739472831747e+00 -3.353767794397691571e+00
6.275140255569881198e+00 -3.380938209104165537e+00
6.355590771666931538e+00 -3.416253760572063314e+00
6.436041287763980989e+00 -3.436949918413497063e+00
6.516491803861030441e+00 -3.429527919134913727e+00
6.596942319958079892e+00 -3.409008547859608385e+00
6.677392836055131120e+00 -3.388268205222193075e+00
6.757843352152180572e+00 -3.382219205364479730e+00
6.838293868249230023e+00 -3.402158093579239040e+00
6.918744384346279475e+00 -3.432736064177493329e+00
6.999194900443328926e+00 -3.437212401219350788e+00
7.079645416540378378e+00 -3.412413966045511948e+00
7.160095932637429605e+00 -3.393429081862762153e+00
7.240546448734479057e+00 -3.396134804372259008e+00
7.320996964831528508e+00 -3.412192941606362329e+00
7.401447480928577960e+00 -3.413961533256528291e+00
7.481897997025627411e+00 -3.437018901168667817e+00
7.562348513122678639e+00 -3.454752182354021706e+00
7.642799029219728091e+00 -3.438864513851605409e+00
7.723249545316777542e+00 -3.417567613656595338e+00
7.803700061413826994e+00 -3.421379849030185216e+00
7.884150577510876445e+00 -3.421319550482435190e+00
7.964601093607927673e+00 -3.402468299702171350e+00
8.045051609704977125e+00 -3.410196342855131846e+00
8.125502125802025688e+00 -3.430922763862148450e+00
8.205952641899076028e+00 -3.448449805814043145e+00
8.286403157996124591e+00 -3.456956556764798627e+00
8.366853674093176707e+00 -3.482069558103491946e+00
8.447304190190225270e+00 -3.506534377368318633e+00
8.527754706287275610e+00 -3.514633614052335542e+00
8.608205222384324173e+00 -3.518310173928190565e+00
8.688655738481374513e+00 -3.481804618160167841e+00
8.769106254578423076e+00 -3.455310969362345830e+00
8.849556770675475192e+00 -3.452189244561464143e+00
8.930007286772523756e+00 -3.467032653175896595e+00
9.010457802869574095e+00 -3.477633638380253522e+00
9.090908318966622659e+00 -3.494649345879448088e+00
9.171358835063672998e+00 -3.521841482372542131e+00
9.251809351160723338e+00 -3.528476061040974443e+00
9.332259867257773678e+00 -3.516341988444303901e+00
9.412710383354822241e+00 -3.492033864270152499e+00
9.493160899451872581e+00 -3.496814151170966500e+00
9.573611415548921144e+00 -3.521795352214502905e+00
9.654061931645971484e+00 -3.537830018928449505e+00
9.734512447743021823e+00 -3.558912238879731404e+00
9.814962963840072163e+00 -3.582763016063020611e+00
9.895413479937120727e+00 -3.571254283430941534e+00
9.975863996034171066e+00 -3.539084334414408506e+00
1.005631451213121963e+01 -3.526387773630381250e+00
1.013676502822827175e+01 -3.541042533203954346e+00
1.021721554432532031e+01 -3.528952869901833989e+00
1.029766606042237065e+01 -3.507078076173447911e+00
