0.000000000000000000e+00 -1.549019599857431873e-01
8.045051609704977069e-02 -1.861382613024510635e-01
1.609010321940995414e-01 -4.969272826169640611e-01
2.413515482911492982e-01 -1.417471355484186457e+00
3.218020643881990828e-01 -2.164934191505635486e+00
4.022525804852488118e-01 -2.479424465494882490e+00
4.827030965822985964e-01 -2.679013592406174649e+00
5.631536126793483810e-01 -2.935392198200407421e+00
6.436041287763981655e-01 -3.250048846835035921e+00
7.240546448734478391e-01 -3.433157836748818248e+00
8.045051609704976237e-01 -3.571973072477721889e+00
8.849556770675472972e-01 -3.763413840016138323e+00
9.654061931645971928e-01 -3.906023557737975604e+00
1.045856709261647088e+00 -3.973407380061982686e+00
1.126307225358696762e+00 -3.971683882467180293e+00
1.206757741455746435e+00 -3.935813588681333464e+00
1.287208257552796331e+00 -3.850544825054314835e+00
1.367658773649846005e+00 -3.736337826325797362e+00
1.448109289746895678e+00 -3.650779998048403030e+00
1.528559805843945352e+00 -3.614088287127011245e+00
1.609010321940995247e+00 -3.560189270495563107e+00
1.689460838038045143e+00 -3.539707983218926657e+00
1.769911354135094594e+00 -3.499168536698337828e+00
1.850361870232144490e+00 -3.429671909241899463e+00
1.930812386329194386e+00 -3.368737021196255732e+00
2.011262902426244281e+00 -3.333546564090088093e+00
2.091713418523294177e+00 -3.337798987085788482e+00
2.172163934620343628e+00 -3.349783468352727223e+00
2.252614450717393524e+00 -3.336331394332467504e+00
2.333064966814443419e+00 -3.303002858412215303e+00
2.413515482911492871e+00 -3.281160181833543632e+00
2.493965999008542767e+00 -3.268068409298945376e+00
2.574416515105592662e+00 -3.268442024444240701e+00
2.654867031202642558e+00 -3.254075363251955899e+00
2.735317547299692009e+00 -3.253576831511946654e+00
2.815768063396741905e+00 -3.246494922782240167e+00
2.896218579493791356e+00 -3.251976864915616439e+00
2.976669095590841252e+00 -3.300460560384903097e+00
3.057119611687890703e+00 -3.352108780124015031e+00
3.137570127784940599e+00 -3.382052602596758994e+00
3.218020643881990495e+00 -3.372685111140257153e+00
3.298471159979039946e+00 -3.346475126590509941e+00
3.378921676076090286e+00 -3.307600713485079336e+00
3.459372192173139737e+00 -3.311478618547628816e+00
3.539822708270189189e+00 -3.304696471572255767e+00
3.620273224367239528e+00 -3.269636828645572812e+00
3.700723740464288980e+00 -3.267860164224111852e+00
3.781174256561339320e+00 -3.290440489999212126e+00
3.861624772658388771e+00 -3.334597750566642649e+00
3.942075288755438223e+00 -3.333134000263519692e+00
4.022525804852488562e+00 -3.295604443170752518e+00
4.102976320949538014e+00 -3.303762606207645280e+00
4.183426837046588354e+00 -3.309525926706980314e+00
4.263877353143637805e+00 -3.289455071098430494e+00
4.344327869240687257e+00 -3.290371822610594688e+00
4.424778385337737596e+00 -3.336364814877819995e+00
4.505228901434787048e+00 -3.386781129858323691e+00
4.585679417531836499e+00 -3.416908435899716157e+00
4.666129933628886839e+00 -3.413537739558923256e+00
4.746580449725936290e+00 -3.396400803967364990e+00
4.827030965822985742e+00 -3.413440170063438917e+00
4.907481481920036082e+00 -3.428412123058683925e+00
4.987931998017085533e+00 -3.407117911093485940e+00
5.068382514114135873e+00 -3.380329955707360945e+00
5.148833030211185324e+00 -3.366930680317384628e+00
5.229283546308234776e+00 -3.357311885827960918e+00
5.309734062405285115e+00 -3.340791114068820900e+00
5.390184578502334567e+00 -3.339845591421231941e+00
5.470635094599384018e+00 -3.383755632307351657e+00
5.551085610696433470e+00 -3.434021375064733039e+00
5.631536126793483810e+00 -3.453214961847981268e+00
5.711986642890533261e+00 -3.464176427450388562e+00
5.792437158987582713e+00 -3.468679783150707685e+00
5.872887675084633052e+00 -3.457279682199441595e+00
5.953338191181682504e+00 -3.422573960649686331e+00
6.033788707278731955e+00 -3.384150652687883287e+00
6.114239223375781407e+00 -3.355468557433688659e+00
6.194689739472831747e+00 -3.358036639201986251e+00
6.275140255569881198e+00 -3.377423446382687988e+00
6.355590771666931538e+00 -3.397003224981547387e+00
6.436041287763980989e+00 -3.387842814137689729e+00
6.516491803861030441e+00 -3.398627162562461113e+00
6.596942319958079892e+00 -3.421117480271539613e+00
6.677392836055131120e+00 -3.439944275905280513e+00
6.757843352152180572e+00 -3.433123959812433679e+00
6.838293868249230023e+00 -3.422387160283698826e+00
6.918744384346279475e+00 -3.427137083393942074e+00
6.999194900443328926e+00 -3.441343927240371858e+00
7.079645416540378378e+00 -3.452908650451204320e+00
7.160095932637429605e+00 -3.443687850990835297e+00
7.240546448734479057e+00 -3.404770084891870052e+00
7.320996964831528508e+00 -3.384735534345860497e+00
7.401447480928577960e+00 -3.406426163468021961e+00
7.481897997025627411e+00 -3.439557846308403999e+00
7.562348513122678639e+00 -3.454107600953884472e+00
7.642799029219728091e+00 -3.428374738207430106e+00
7.723249545316777542e+00 -3.405982186369043596e+00
7.803700061413826994e+00 -3.393605191867616000e+00
7.884150577510876445e+00 -3.383682706029169207e+00
7.964601093607927673e+00 -3.378313356238078491e+00
8.045051609704977125e+00 -3.372959927001779157e+00
8.125502125802025688e+00 -3.376764883839578069e+00
8.205952641899076028e+00 -3.386062464927625193e+00
8.286403157996124591e+00 -3.405688191494225858e+00
8.366853674093176707e+00 -3.445640175805204208e+00
8.447304190190225270e+00 -3.485345757331169469e+00
8.527754706287275610e+00 -3.478253509108672148e+00
8.608205222384324173e+00 -3.444236054223285937e+00
8.688655738481374513e+00 -3.438060639773678151e+00
8.769106254578423076e+00 -3.450408096611129682e+00
8.849556770675475192e+00 -3.450954884127989786e+00
8.930007286772523756e+00 -3.445857952552384251e+00
9.010457802869574095e+00 -3.456394636369511275e+00
9.090908318966622659e+00 -3.459033128856892958e+00
9.171358835063672998e+00 -3.469024921907424286e+00
9.251809351160723338e+00 -3.479051769481121603e+00
9.332259867257773678e+00 -3.493560301995111583e+00
9.412710383354822241e+00 -3.502775747301684284e+00
9.493160899451872581e+00 -3.506120423854935719e+00
9.573611415548921144e+00 -3.504736821946975667e+00
9.654061931645971484e+00 -3.492250916952877482e+00
9.734512447743021823e+00 -3.487058263237669209e+00
9.814962963840072163e+00 -3.507155731786801400e+00
9.895413479937120727e+00 -3.531870341697717297e+00
9.975863996034171066e+00 -3.527972083432585837e+00
1.005631451213121963e+01 -3.520392239650227850e+00
1.013676502822827175e+01 -3.516293474352587101e+00
1.021721554432532031e+01 -3.528433965499435665e+00
1.029766606042237065e+01 -3.525255879953865801e+00
