0.000000000000000000e+00 -1.549019599857431873e-01
8.045051609704977069e-02 -1.945010036911579421e-01
1.609010321940995414e-01 -5.184932212561126352e-01
2.413515482911492982e-01 -1.140028987477172517e+00
3.218020643881990828e-01 -1.549749182475784082e+00
4.022525804852488118e-01 -2.219023414481650303e+00
4.827030965822985964e-01 -2.760366343437962389e+00
5.631536126793483810e-01 -3.033133279112872671e+00
6.436041287763981655e-01 -3.145633660633934792e+00
7.240546448734478391e-01 -3.323917755743576397e+00
8.045051609704976237e-01 -3.565890166383806736e+00
8.849556770675472972e-01 -3.671906400715005514e+00
9.654061931645971928e-01 -3.702384709094010518e+00
1.045856709261647088e+00 -3.773933669804364399e+00
1.126307225358696762e+00 -3.870237685067019928e+00
1.206757741455746435e+00 -3.916594708940549285e+00
1.287208257552796331e+00 -3.890296940498187528e+00
1.367658773649846005e+00 -3.793357769316488604e+00
1.448109289746895678e+00 -3.714031581622659228e+00
1.528559805843945352e+00 -3.630881983300214166e+00
1.609010321940995247e+00 -3.568880896611876352e+00
1.689460838038045143e+00 -3.524275125180611035e+00
1.769911354135094594e+00 -3.478279803903983503e+00
1.850361870232144490e+00 -3.376178313890353166e+00
1.930812386329194386e+00 -3.333015324245953259e+00
2.011262902426244281e+00 -3.339935268393932954e+00
2.091713418523294177e+00 -3.338396231945355730e+00
2.172163934620343628e+00 -3.255732613117271690e+00
2.252614450717393524e+00 -3.177175315091730567e+00
2.333064966814443419e+00 -3.178156818522520410e+00
2.413515482911492871e+00 -3.246889277629330994e+00
2.493965999008542767e+00 -3.261705830808180551e+00
2.574416515105592662e+00 -3.240819195094702732e+00
2.654867031202642558e+00 -3.252256403668638551e+00
2.735317547299692009e+00 -3.313549909927290038e+00
2.815768063396741905e+00 -3.302481439074666625e+00
2.896218579493791356e+00 -3.291153464949941654e+00
2.976669095590841252e+00 -3.299906244953795920e+00
3.057119611687890703e+00 -3.259951674738131633e+00
3.137570127784940599e+00 -3.218910880413101250e+00
3.218020643881990495e+00 -3.232794559320602001e+00
3.298471159979039946e+00 -3.267664048188638759e+00
3.378921676076090286e+00 -3.273912273315848775e+00
3.459372192173139737e+00 -3.262529822010796110e+00
3.539822708270189189e+00 -3.233740858509772220e+00
3.620273224367239528e+00 -3.209127941957309105e+00
3.700723740464288980e+00 -3.200873809028131234e+00
3.781174256561339320e+00 -3.186559873948928256e+00
3.861624772658388771e+00 -3.168516158567396435e+00
3.942075288755438223e+00 -3.181325828266180267e+00
4.022525804852488562e+00 -3.203526383062378802e+00
4.102976320949538014e+00 -3.200910051234546305e+00
4.183426837046588354e+00 -3.191239819693924229e+00
4.263877353143637805e+00 -3.213064834816713233e+00
4.344327869240687257e+00 -3.250707869359404700e+00
4.424778385337737596e+00 -3.291565930748126423e+00
4.505228901434787048e+00 -3.299547447903408148e+00
4.585679417531836499e+00 -3.265832370037866639e+00
4.666129933628886839e+00 -3.232759207632486920e+00
4.746580449725936290e+00 -3.206509492270587458e+00
4.827030965822985742e+00 -3.225356873927400780e+00
4.907481481920036082e+00 -3.243147538821675280e+00
4.987931998017085533e+00 -3.243206771951224088e+00
5.068382514114135873e+00 -3.269351437645001468e+00
5.148833030211185324e+00 -3.291698138221476722e+00
5.229283546308234776e+00 -3.287689169819630219e+00
5.309734062405285115e+00 -3.256926096827600592e+00
5.390184578502334567e+00 -3.239403908043609448e+00
5.470635094599384018e+00 -3.225591915207135063e+00
5.551085610696433470e+00 -3.227146233682481213e+00
5.631536126793483810e+00 -3.239442553709835249e+00
5.711986642890533261e+00 -3.238657136360055588e+00
5.792437158987582713e+00 -3.228317352188788902e+00
5.872887675084633052e+00 -3.225712042821183179e+00
5.953338191181682504e+00 -3.269953122295779391e+00
6.033788707278731955e+00 -3.278259257689462469e+00
6.114239223375781407e+00 -3.278033555306175018e+00
6.194689739472831747e+00 -3.288434406777002827e+00
6.275140255569881198e+00 -3.269631187992398935e+00
6.355590771666931538e+00 -3.245886415197838826e+00
6.436041287763980989e+00 -3.267122872176877024e+00
6.516491803861030441e+00 -3.290391438806710589e+00
6.596942319958079892e+00 -3.291088066582122273e+00
6.677392836055131120e+00 -3.298942458218877327e+00
6.757843352152180572e+00 -3.297179980695761792e+00
6.838293868249230023e+00 -3.291002378786011207e+00
6.918744384346279475e+00 -3.295884605950204271e+00
6.999194900443328926e+00 -3.292185590330741984e+00
7.079645416540378378e+00 -3.291325986602128939e+00
7.160095932637429605e+00 -3.321217758843478585e+00
7.240546448734479057e+00 -3.340874773480063009e+00
7.320996964831528508e+00 -3.355562730827507334e+00
7.401447480928577960e+00 -3.342882357706588703e+00
7.481897997025627411e+00 -3.322675959565971393e+00
7.562348513122678639e+00 -3.294726869368246103e+00
7.642799029219728091e+00 -3.283171448784991675e+00
7.723249545316777542e+00 -3.305817629862639606e+00
7.803700061413826994e+00 -3.326066963157700229e+00
7.884150577510876445e+00 -3.321036575011239389e+00
7.964601093607927673e+00 -3.316663943052668095e+00
8.045051609704977125e+00 -3.338829344151685863e+00
8.125502125802025688e+00 -3.363701408308681362e+00
8.205952641899076028e+00 -3.376978571741562352e+00
8.286403157996124591e+00 -3.384745602890133487e+00
8.366853674093176707e+00 -3.394093186863394784e+00
8.447304190190225270e+00 -3.382440011374288513e+00
8.527754706287275610e+00 -3.393879236951203193e+00
8.608205222384324173e+00 -3.396642243764562696e+00
8.688655738481374513e+00 -3.378911598675737427e+00
8.769106254578423076e+00 -3.377904849991364866e+00
8.849556770675475192e+00 -3.398171123744173183e+00
8.930007286772523756e+00 -3.400804121578874462e+00
9.010457802869574095e+00 -3.395316544602002828e+00
9.090908318966622659e+00 -3.397934818584606553e+00
9.171358835063672998e+00 -3.408316025025571960e+00
9.251809351160723338e+00 -3.392301525909050763e+00
9.332259867257773678e+00 -3.370599036117643443e+00
9.412710383354822241e+00 -3.355639237349334891e+00
9.493160899451872581e+00 -3.332681982174651392e+00
9.573611415548921144e+00 -3.342765995672535073e+00
9.654061931645971484e+00 -3.387262484934307150e+00
9.734512447743021823e+00 -3.416762856630494394e+00
9.814962963840072163e+00 -3.414998530907689567e+00
9.895413479937120727e+00 -3.406621603869711468e+00
9.975863996034171066e+00 -3.407203109588782475e+00
1.005631451213121963e+01 -3.394732582729488524e+00
1.013676502822827175e+01 -3.403435149510568802e+00
1.021721554432532031e+01 -3.428594550137081587e+00
1.029766606042237065e+01 -3.449431074446180912e+00
