0.000000000000000000e+00 -1.549019599857431873e-01
8.045051609704977069e-02 -1.925580593283181263e-01
1.609010321940995414e-01 -5.280327896339986893e-01
2.413515482911492982e-01 -1.266291131821055238e+00
3.218020643881990828e-01 -1.676562172624475044e+00
4.022525804852488118e-01 -2.104806327110465780e+00
4.827030965822985964e-01 -2.698835168834595066e+00
5.631536126793483810e-01 -3.152175598122002320e+00
6.436041287763981655e-01 -3.236591387850916934e+00
7.240546448734478391e-01 -3.248173193330301967e+00
8.045051609704976237e-01 -3.403911872610126732e+00
8.849556770675472972e-01 -3.650738485424183555e+00
9.654061931645971928e-01 -3.694849347162846520e+00
1.045856709261647088e+00 -3.597960858251922467e+00
1.126307225358696762e+00 -3.605194033817269883e+00
1.206757741455746435e+00 -3.645208403636205574e+00
1.287208257552796331e+00 -3.638618341755276209e+00
1.367658773649846005e+00 -3.687815917722236048e+00
1.448109289746895678e+00 -3.750570375337387574e+00
1.528559805843945352e+00 -3.720381710762747929e+00
1.609010321940995247e+00 -3.628640578405221362e+00
1.689460838038045143e+00 -3.544148598518157112e+00
1.769911354135094594e+00 -3.490383942095027781e+00
1.850361870232144490e+00 -3.449992395782490284e+00
1.930812386329194386e+00 -3.382018973172759235e+00
2.011262902426244281e+00 -3.273556174259945717e+00
2.091713418523294177e+00 -3.159616759465380120e+00
2.172163934620343628e+00 -3.102002904789823656e+00
2.252614450717393524e+00 -3.140144504964222705e+00
2.333064966814443419e+00 -3.187481432925472369e+00
2.413515482911492871e+00 -3.190216026777411340e+00
2.493965999008542767e+00 -3.137638758270473893e+00
2.574416515105592662e+00 -3.112996403717931848e+00
2.654867031202642558e+00 -3.143594117360603235e+00
2.735317547299692009e+00 -3.175162339120316535e+00
2.815768063396741905e+00 -3.188083519609111516e+00
2.896218579493791356e+00 -3.218970376750233342e+00
2.976669095590841252e+00 -3.262114664842900247e+00
3.057119611687890703e+00 -3.269799320908302054e+00
3.137570127784940599e+00 -3.273445347997890220e+00
3.218020643881990495e+00 -3.256057525296227162e+00
3.298471159979039946e+00 -3.248587485272040887e+00
3.378921676076090286e+00 -3.286104058919139703e+00
3.459372192173139737e+00 -3.297096260276457969e+00
3.539822708270189189e+00 -3.253358893180160472e+00
3.620273224367239528e+00 -3.230061702972744087e+00
3.700723740464288980e+00 -3.212623713678944171e+00
3.781174256561339320e+00 -3.149772965663535818e+00
3.861624772658388771e+00 -3.111391203549525475e+00
3.942075288755438223e+00 -3.142809268773994358e+00
4.022525804852488562e+00 -3.206623790600133361e+00
4.102976320949538014e+00 -3.244091061896062111e+00
4.183426837046588354e+00 -3.249267920606792259e+00
4.263877353143637805e+00 -3.242772869930429458e+00
4.344327869240687257e+00 -3.244819852682602868e+00
4.424778385337737596e+00 -3.269377635161829776e+00
4.505228901434787048e+00 -3.253779837177935619e+00
4.585679417531836499e+00 -3.233096548233918899e+00
4.666129933628886839e+00 -3.205257065807551875e+00
4.746580449725936290e+00 -3.173634292131577439e+00
4.827030965822985742e+00 -3.184034157101520268e+00
4.907481481920036082e+00 -3.236862275533532785e+00
4.987931998017085533e+00 -3.281253230413383903e+00
5.068382514114135873e+00 -3.287085651194520786e+00
5.148833030211185324e+00 -3.250735463929365743e+00
5.229283546308234776e+00 -3.224828611902983866e+00
5.309734062405285115e+00 -3.250241179871796504e+00
5.390184578502334567e+00 -3.291588535524108128e+00
5.470635094599384018e+00 -3.306048790205931454e+00
5.551085610696433470e+00 -3.298085233405363415e+00
5.631536126793483810e+00 -3.271020208804823692e+00
5.711986642890533261e+00 -3.260184476850652491e+00
5.792437158987582713e+00 -3.280703094009740806e+00
5.872887675084633052e+00 -3.282694399252673367e+00
5.953338191181682504e+00 -3.287376460072710671e+00
6.033788707278731955e+00 -3.301083783655821779e+00
6.114239223375781407e+00 -3.314427361602982458e+00
6.194689739472831747e+00 -3.312480071494927181e+00
6.275140255569881198e+00 -3.313582601278155515e+00
6.355590771666931538e+00 -3.311481482927796538e+00
6.436041287763980989e+00 -3.278005185397673049e+00
6.516491803861030441e+00 -3.263192038184736798e+00
6.596942319958079892e+00 -3.273610312517372556e+00
6.677392836055131120e+00 -3.293790093985235590e+00
6.757843352152180572e+00 -3.315688653900783933e+00
6.838293868249230023e+00 -3.311333149482109217e+00
6.918744384346279475e+00 -3.277382615839269153e+00
6.999194900443328926e+00 -3.274871446206496728e+00
7.079645416540378378e+00 -3.321263832206076128e+00
7.160095932637429605e+00 -3.368881632031572870e+00
7.240546448734479057e+00 -3.360430486998589927e+00
7.320996964831528508e+00 -3.348373510602301817e+00
7.401447480928577960e+00 -3.341522691226264552e+00
7.481897997025627411e+00 -3.320340939131539049e+00
7.562348513122678639e+00 -3.327035470533819428e+00
7.642799029219728091e+00 -3.320446688845414496e+00
7.723249545316777542e+00 -3.319793555390136763e+00
7.803700061413826994e+00 -3.307752010093784278e+00
7.884150577510876445e+00 -3.311003064455769085e+00
7.964601093607927673e+00 -3.299941630015406080e+00
8.045051609704977125e+00 -3.305189004126161567e+00
8.125502125802025688e+00 -3.345442673374191767e+00
8.205952641899076028e+00 -3.366001824063842296e+00
8.286403157996124591e+00 -3.356094576633159132e+00
8.366853674093176707e+00 -3.314879299466783280e+00
8.447304190190225270e+00 -3.287127647675473607e+00
8.527754706287275610e+00 -3.288770001094076800e+00
8.608205222384324173e+00 -3.315961888992690287e+00
8.688655738481374513e+00 -3.337244380873033212e+00
8.769106254578423076e+00 -3.338217858906692204e+00
8.849556770675475192e+00 -3.326768771457752738e+00
8.930007286772523756e+00 -3.319651670321313919e+00
9.010457802869574095e+00 -3.348772191398330378e+00
9.090908318966622659e+00 -3.373941323565840644e+00
9.171358835063672998e+00 -3.377150990327887126e+00
9.251809351160723338e+00 -3.387618114948844461e+00
9.332259867257773678e+00 -3.409650837284640801e+00
9.412710383354822241e+00 -3.420983685064925783e+00
9.493160899451872581e+00 -3.419005757333779538e+00
9.573611415548921144e+00 -3.412051357110806649e+00
9.654061931645971484e+00 -3.414572342256029014e+00
9.734512447743021823e+00 -3.401583249071865822e+00
9.814962963840072163e+00 -3.382140398230833345e+00
9.895413479937120727e+00 -3.372765158943519026e+00
9.975863996034171066e+00 -3.378188277438515019e+00
1.005631451213121963e+01 -3.427712619187868182e+00
1.013676502822827175e+01 -3.458225172307432427e+00
1.021721554432532031e+01 -3.458373268639052700e+00
1.029766606042237065e+01 -3.455608065361939651e+00
