0.000000000000000000e+00 -1.549019599857431873e-01
8.045051609704977069e-02 -3.846701077288290915e-01
1.609010321940995414e-01 -1.099407848747329330e+00
2.413515482911492982e-01 -2.903827013323405648e+00
3.218020643881990828e-01 -3.637380520632683023e+00
4.022525804852488118e-01 -4.606343032682588046e+00
4.827030965822985964e-01 -5.684102946183251959e+00
5.631536126793483810e-01 -6.250893422290483947e+00
6.436041287763981655e-01 -6.546389361382088268e+00
7.240546448734478391e-01 -6.851804482104216554e+00
8.045051609704976237e-01 -7.185092773527883558e+00
8.849556770675472972e-01 -7.648808021138028934e+00
9.654061931645971928e-01 -7.917604714018869672e+00
1.045856709261647088e+00 -7.886328468323698715e+00
1.126307225358696762e+00 -7.734710428404436122e+00
1.206757741455746435e+00 -7.591798006738352811e+00
1.287208257552796331e+00 -7.556585333217618050e+00
1.367658773649846005e+00 -7.582146954236962166e+00
1.448109289746895678e+00 -7.546813300763808741e+00
1.528559805843945352e+00 -7.460167727138096616e+00
1.609010321940995247e+00 -7.264001766880042510e+00
1.689460838038045143e+00 -6.999736165688460687e+00
1.769911354135094594e+00 -6.722973387665304834e+00
1.850361870232144490e+00 -6.555848945265469574e+00
1.930812386329194386e+00 -6.499592103778502050e+00
2.011262902426244281e+00 -6.441989677918138035e+00
2.091713418523294177e+00 -6.299796589792351575e+00
2.172163934620343628e+00 -6.225176277894307830e+00
2.252614450717393524e+00 -6.250799008790823841e+00
2.333064966814443419e+00 -6.318354078690982867e+00
2.413515482911492871e+00 -6.284248801798495876e+00
2.493965999008542767e+00 -6.309084478930509832e+00
2.574416515105592662e+00 -6.425128578255001166e+00
2.654867031202642558e+00 -6.525021176404396606e+00
2.735317547299692009e+00 -6.558099040323843276e+00
2.815768063396741905e+00 -6.505951139324520405e+00
2.896218579493791356e+00 -6.485140697450174407e+00
2.976669095590841252e+00 -6.525156547450008837e+00
3.057119611687890703e+00 -6.643889446708170610e+00
3.137570127784940599e+00 -6.668560627900749438e+00
3.218020643881990495e+00 -6.564473814316967193e+00
3.298471159979039946e+00 -6.491215666183744126e+00
3.378921676076090286e+00 -6.483075073202493321e+00
3.459372192173139737e+00 -6.533822899715185706e+00
3.539822708270189189e+00 -6.527255709372622228e+00
3.620273224367239528e+00 -6.512104353009242175e+00
3.700723740464288980e+00 -6.435553704753043114e+00
3.781174256561339320e+00 -6.338417995534777027e+00
3.861624772658388771e+00 -6.265655234535607576e+00
3.942075288755438223e+00 -6.285854594302679565e+00
4.022525804852488562e+00 -6.351574818782885323e+00
4.102976320949538014e+00 -6.468611160096448209e+00
4.183426837046588354e+00 -6.554855951263771630e+00
4.263877353143637805e+00 -6.606945668972094232e+00
4.344327869240687257e+00 -6.585376154690353978e+00
4.424778385337737596e+00 -6.574763990838538241e+00
4.505228901434787048e+00 -6.531196873017907301e+00
4.585679417531836499e+00 -6.443675248246554688e+00
4.666129933628886839e+00 -6.375796312099697438e+00
4.746580449725936290e+00 -6.369170116625131328e+00
4.827030965822985742e+00 -6.435744720735137925e+00
4.907481481920036082e+00 -6.492022634511882551e+00
4.987931998017085533e+00 -6.462566503262914708e+00
5.068382514114135873e+00 -6.435292429589622998e+00
5.148833030211185324e+00 -6.416813956178259559e+00
5.229283546308234776e+00 -6.408397372887836951e+00
5.309734062405285115e+00 -6.379181625501389341e+00
5.390184578502334567e+00 -6.379768423299673863e+00
5.470635094599384018e+00 -6.436127608784466325e+00
5.551085610696433470e+00 -6.497624693344416613e+00
5.631536126793483810e+00 -6.497080005988730811e+00
5.711986642890533261e+00 -6.477094418120999286e+00
5.792437158987582713e+00 -6.542162056862392383e+00
5.872887675084633052e+00 -6.628004909388844901e+00
5.953338191181682504e+00 -6.632840271193501280e+00
6.033788707278731955e+00 -6.527208450415503904e+00
6.114239223375781407e+00 -6.459085933481209629e+00
6.194689739472831747e+00 -6.443137109615052260e+00
6.275140255569881198e+00 -6.489463806175679750e+00
6.355590771666931538e+00 -6.560214415580996494e+00
6.436041287763980989e+00 -6.622319428814967601e+00
6.516491803861030441e+00 -6.594728086721298510e+00
6.596942319958079892e+00 -6.471842767184021739e+00
6.677392836055131120e+00 -6.448415062853785962e+00
6.757843352152180572e+00 -6.491531272546589015e+00
6.838293868249230023e+00 -6.558221851662385582e+00
6.918744384346279475e+00 -6.598573791859208448e+00
6.999194900443328926e+00 -6.595848647570385026e+00
7.079645416540378378e+00 -6.551746691966540581e+00
7.160095932637429605e+00 -6.561478612367002583e+00
7.240546448734479057e+00 -6.618425213170558763e+00
7.320996964831528508e+00 -6.699031914252461917e+00
7.401447480928577960e+00 -6.746769980790889853e+00
7.481897997025627411e+00 -6.770676376798340002e+00
7.562348513122678639e+00 -6.760128514374948772e+00
7.642799029219728091e+00 -6.721701407952626717e+00
7.723249545316777542e+00 -6.674022173386312318e+00
7.803700061413826994e+00 -6.663661737197560164e+00
7.884150577510876445e+00 -6.686341281028547634e+00
7.964601093607927673e+00 -6.635081221469108392e+00
8.045051609704977125e+00 -6.551159074282182360e+00
8.125502125802025688e+00 -6.563043052572622216e+00
8.205952641899076028e+00 -6.615525032688662321e+00
8.286403157996124591e+00 -6.646718988586361121e+00
8.366853674093176707e+00 -6.681299774370419442e+00
8.447304190190225270e+00 -6.730641242793254264e+00
8.527754706287275610e+00 -6.755614559412093989e+00
8.608205222384324173e+00 -6.769963961081547410e+00
8.688655738481374513e+00 -6.740623311247898819e+00
8.769106254578423076e+00 -6.702276604188458720e+00
8.849556770675475192e+00 -6.703397850518456380e+00
8.930007286772523756e+00 -6.718152478633728109e+00
9.010457802869574095e+00 -6.722594831451819353e+00
9.090908318966622659e+00 -6.722550477995069329e+00
9.171358835063672998e+00 -6.766995375901315946e+00
9.251809351160723338e+00 -6.795180530495581017e+00
9.332259867257773678e+00 -6.791862023578346452e+00
9.412710383354822241e+00 -6.768997553245545973e+00
9.493160899451872581e+00 -6.775341224463832468e+00
9.573611415548921144e+00 -6.780669485138941965e+00
9.654061931645971484e+00 -6.729372324931689242e+00
9.734512447743021823e+00 -6.736886042342077552e+00
9.814962963840072163e+00 -6.783610807030068024e+00
9.895413479937120727e+00 -6.845912842607537740e+00
9.975863996034171066e+00 -6.868652896735262026e+00
1.005631451213121963e+01 -6.903874846881725702e+00
1.013676502822827175e+01 -6.917953620254492897e+00
1.021721554432532031e+01 -6.956639008881925434e+00
1.029766606042237065e+01 -6.960160745968573259e+00
