0.000000000000000000e+00 -1.549019599857431873e-01
8.045051609704977069e-02 -1.951876362403795750e-01
1.609010321940995414e-01 -4.675807695075370751e-01
2.413515482911492982e-01 -1.134346519713852253e+00
3.218020643881990828e-01 -1.614443524322782153e+00
4.022525804852488118e-01 -2.159709835506240960e+00
4.827030965822985964e-01 -2.778471486835212723e+00
5.631536126793483810e-01 -3.073909548151677384e+00
6.436041287763981655e-01 -3.159603343449730151e+00
7.240546448734478391e-01 -3.196107394492783804e+00
8.045051609704976237e-01 -3.319288053057024790e+00
8.849556770675472972e-01 -3.490273168512432633e+00
9.654061931645971928e-01 -3.670100020481687153e+00
1.045856709261647088e+00 -3.767715352575767174e+00
1.126307225358696762e+00 -3.793450737389246985e+00
1.206757741455746435e+00 -3.731133912866161584e+00
1.287208257552796331e+00 -3.678940614176647639e+00
1.367658773649846005e+00 -3.625583770084513269e+00
1.448109289746895678e+00 -3.569519354713588388e+00
1.528559805843945352e+00 -3.531835603475709462e+00
1.609010321940995247e+00 -3.486552060749978921e+00
1.689460838038045143e+00 -3.467484854495291202e+00
1.769911354135094594e+00 -3.425636423748640524e+00
1.850361870232144490e+00 -3.414908578362126690e+00
1.930812386329194386e+00 -3.440422379375049466e+00
2.011262902426244281e+00 -3.393701873384261436e+00
2.091713418523294177e+00 -3.251195477516141352e+00
2.172163934620343628e+00 -3.094684154446732283e+00
2.252614450717393524e+00 -3.043656096241627029e+00
2.333064966814443419e+00 -3.085491553021650013e+00
2.413515482911492871e+00 -3.155946205094437129e+00
2.493965999008542767e+00 -3.213800254067324946e+00
2.574416515105592662e+00 -3.257776354543082675e+00
2.654867031202642558e+00 -3.282914632932150134e+00
2.735317547299692009e+00 -3.292859597286057927e+00
2.815768063396741905e+00 -3.281351377751164033e+00
2.896218579493791356e+00 -3.308725263137351824e+00
2.976669095590841252e+00 -3.349730951244368704e+00
3.057119611687890703e+00 -3.358492668913082735e+00
3.137570127784940599e+00 -3.330304472347917155e+00
3.218020643881990495e+00 -3.289402827819711828e+00
3.298471159979039946e+00 -3.257563686334898012e+00
3.378921676076090286e+00 -3.222309101435127054e+00
3.459372192173139737e+00 -3.224256492072345992e+00
3.539822708270189189e+00 -3.260337334086813588e+00
3.620273224367239528e+00 -3.256279604721311394e+00
3.700723740464288980e+00 -3.226793337170420273e+00
3.781174256561339320e+00 -3.229006080410248725e+00
3.861624772658388771e+00 -3.222264045252078990e+00
3.942075288755438223e+00 -3.199215272347285310e+00
4.022525804852488562e+00 -3.169680051857680869e+00
4.102976320949538014e+00 -3.189404016626880889e+00
4.183426837046588354e+00 -3.218449062220097634e+00
4.263877353143637805e+00 -3.223232484315331270e+00
4.344327869240687257e+00 -3.208266470439850693e+00
4.424778385337737596e+00 -3.210066100314890480e+00
4.505228901434787048e+00 -3.227313679778276878e+00
4.585679417531836499e+00 -3.242943583233859783e+00
4.666129933628886839e+00 -3.247156846570384836e+00
4.746580449725936290e+00 -3.272987564516269376e+00
4.827030965822985742e+00 -3.287734058372657753e+00
4.907481481920036082e+00 -3.284275596823311716e+00
4.987931998017085533e+00 -3.254286362020867074e+00
5.068382514114135873e+00 -3.232630012955483689e+00
5.148833030211185324e+00 -3.255763515044847622e+00
5.229283546308234776e+00 -3.299188923424930309e+00
5.309734062405285115e+00 -3.316046277797309205e+00
5.390184578502334567e+00 -3.303862280134573393e+00
5.470635094599384018e+00 -3.287350135242868898e+00
5.551085610696433470e+00 -3.294034319023489310e+00
5.631536126793483810e+00 -3.301193670664555047e+00
5.711986642890533261e+00 -3.285841354227372335e+00
5.792437158987582713e+00 -3.264131982036902357e+00
5.872887675084633052e+00 -3.272350284224024630e+00
5.953338191181682504e+00 -3.280797072996722630e+00
6.033788707278731955e+00 -3.280945870842477241e+00
6.114239223375781407e+00 -3.284075696357756868e+00
6.194689739472831747e+00 -3.289923427409482404e+00
6.275140255569881198e+00 -3.284900711005527718e+00
6.355590771666931538e+00 -3.270807719836512195e+00
6.436041287763980989e+00 -3.262213182063304018e+00
6.516491803861030441e+00 -3.278703036656827496e+00
6.596942319958079892e+00 -3.315205929436409793e+00
6.677392836055131120e+00 -3.313939133805257509e+00
6.757843352152180572e+00 -3.306791582310832478e+00
6.838293868249230023e+00 -3.299745576820527937e+00
6.918744384346279475e+00 -3.301134687027069248e+00
6.999194900443328926e+00 -3.296410344697066286e+00
7.079645416540378378e+00 -3.281803633429915212e+00
7.160095932637429605e+00 -3.290970898181563964e+00
7.240546448734479057e+00 -3.324224096282629048e+00
7.320996964831528508e+00 -3.360026300811739475e+00
7.401447480928577960e+00 -3.366560176688897954e+00
7.481897997025627411e+00 -3.375378772127049398e+00
7.562348513122678639e+00 -3.357986409966824848e+00
7.642799029219728091e+00 -3.329726538892171295e+00
7.723249545316777542e+00 -3.330427920794949426e+00
7.803700061413826994e+00 -3.358680009659637200e+00
7.884150577510876445e+00 -3.358728406811429146e+00
7.964601093607927673e+00 -3.347680422643994014e+00
8.045051609704977125e+00 -3.336315676007961084e+00
8.125502125802025688e+00 -3.324650177615002811e+00
8.205952641899076028e+00 -3.323118226212061099e+00
8.286403157996124591e+00 -3.316629422778266445e+00
8.366853674093176707e+00 -3.305654237833951736e+00
8.447304190190225270e+00 -3.288696086140892927e+00
8.527754706287275610e+00 -3.289984738125349306e+00
8.608205222384324173e+00 -3.333352960987294722e+00
8.688655738481374513e+00 -3.363766174686863675e+00
8.769106254578423076e+00 -3.375867035281971518e+00
8.849556770675475192e+00 -3.372948446698817548e+00
8.930007286772523756e+00 -3.384825330234857876e+00
9.010457802869574095e+00 -3.387579605058320009e+00
9.090908318966622659e+00 -3.383554379543898261e+00
9.171358835063672998e+00 -3.389252153607251294e+00
9.251809351160723338e+00 -3.396201204075923741e+00
9.332259867257773678e+00 -3.403395601246189450e+00
9.412710383354822241e+00 -3.410986535802839281e+00
9.493160899451872581e+00 -3.412163879567873703e+00
9.573611415548921144e+00 -3.412700553325927810e+00
9.654061931645971484e+00 -3.402502616172281780e+00
9.734512447743021823e+00 -3.366295326361232298e+00
9.814962963840072163e+00 -3.337086642961158311e+00
9.895413479937120727e+00 -3.358166601612230018e+00
9.975863996034171066e+00 -3.405499330395670210e+00
1.005631451213121963e+01 -3.424316960303132262e+00
1.013676502822827175e+01 -3.418353052732906683e+00
1.021721554432532031e+01 -3.427149418328799602e+00
1.029766606042237065e+01 -3.434398335978435135e+00
