0.000000000000000000e+00 -1.549019599857431873e-01
8.045051609704977069e-02 -1.988254230872205930e-01
1.609010321940995414e-01 -5.604853543154884044e-01
2.413515482911492982e-01 -1.982895962085579722e+00
3.218020643881990828e-01 -2.552045448061148747e+00
4.022525804852488118e-01 -2.847876849318259573e+00
4.827030965822985964e-01 -3.201611155362063421e+00
5.631536126793483810e-01 -3.472767321753578607e+00
6.436041287763981655e-01 -3.703381905908333049e+00
7.240546448734478391e-01 -3.782926066444485258e+00
8.045051609704976237e-01 -3.799809130693824422e+00
8.849556770675472972e-01 -3.804342297844861776e+00
9.654061931645971928e-01 -3.819944944878605142e+00
1.045856709261647088e+00 -3.861226605787739352e+00
1.126307225358696762e+00 -3.859409292697794314e+00
1.206757741455746435e+00 -3.801448055863978048e+00
1.287208257552796331e+00 -3.765068684253211284e+00
1.367658773649846005e+00 -3.713751853155875082e+00
1.448109289746895678e+00 -3.675063488864019234e+00
1.528559805843945352e+00 -3.664230773179754319e+00
1.609010321940995247e+00 -3.638023318831766773e+00
1.689460838038045143e+00 -3.571115008485445497e+00
1.769911354135094594e+00 -3.463996316632445893e+00
1.850361870232144490e+00 -3.394521098678371374e+00
1.930812386329194386e+00 -3.348992583179752902e+00
2.011262902426244281e+00 -3.287605645332589699e+00
2.091713418523294177e+00 -3.218741570316289824e+00
2.172163934620343628e+00 -3.159437690214395023e+00
2.252614450717393524e+00 -3.118762765038767704e+00
2.333064966814443419e+00 -3.176065959305632180e+00
2.413515482911492871e+00 -3.225780205594112271e+00
2.493965999008542767e+00 -3.215541153867643942e+00
2.574416515105592662e+00 -3.208554611776862409e+00
2.654867031202642558e+00 -3.222032684271497693e+00
2.735317547299692009e+00 -3.250432976755055492e+00
2.815768063396741905e+00 -3.285827727760167072e+00
2.896218579493791356e+00 -3.294513042392055446e+00
2.976669095590841252e+00 -3.262624080542945837e+00
3.057119611687890703e+00 -3.241633852414702144e+00
3.137570127784940599e+00 -3.220506312002829663e+00
3.218020643881990495e+00 -3.218835961071114582e+00
3.298471159979039946e+00 -3.242112603143437521e+00
3.378921676076090286e+00 -3.268993643741695987e+00
3.459372192173139737e+00 -3.263481159054114400e+00
3.539822708270189189e+00 -3.255457226314359964e+00
3.620273224367239528e+00 -3.204872771829649913e+00
3.700723740464288980e+00 -3.158898043772920161e+00
3.781174256561339320e+00 -3.166910336208665910e+00
3.861624772658388771e+00 -3.200632923319834511e+00
3.942075288755438223e+00 -3.230249730391733465e+00
4.022525804852488562e+00 -3.232011786224681327e+00
4.102976320949538014e+00 -3.232611366569310807e+00
4.183426837046588354e+00 -3.246259262218134989e+00
4.263877353143637805e+00 -3.234375697245232217e+00
4.344327869240687257e+00 -3.200974645220102222e+00
4.424778385337737596e+00 -3.190407431893344636e+00
4.505228901434787048e+00 -3.222557862081167901e+00
4.585679417531836499e+00 -3.273060753523776345e+00
4.666129933628886839e+00 -3.291783322091008657e+00
4.746580449725936290e+00 -3.271440184045595334e+00
4.827030965822985742e+00 -3.249983390695794672e+00
4.907481481920036082e+00 -3.245623926196683051e+00
4.987931998017085533e+00 -3.236662849523062491e+00
5.068382514114135873e+00 -3.236603924343048888e+00
5.148833030211185324e+00 -3.235616541194675122e+00
5.229283546308234776e+00 -3.252880000009564121e+00
5.309734062405285115e+00 -3.248936342080275708e+00
5.390184578502334567e+00 -3.206575990674243037e+00
5.470635094599384018e+00 -3.205399638689448771e+00
5.551085610696433470e+00 -3.229040357106860437e+00
5.631536126793483810e+00 -3.265464043046850673e+00
5.711986642890533261e+00 -3.291018573797676705e+00
5.792437158987582713e+00 -3.298930034052148574e+00
5.872887675084633052e+00 -3.294458579429186074e+00
5.953338191181682504e+00 -3.264190727187439744e+00
6.033788707278731955e+00 -3.239740594605310164e+00
6.114239223375781407e+00 -3.240136837553743820e+00
6.194689739472831747e+00 -3.251896928449636626e+00
6.275140255569881198e+00 -3.262599186997456435e+00
6.355590771666931538e+00 -3.288392101965278425e+00
6.436041287763980989e+00 -3.334073501663469052e+00
6.516491803861030441e+00 -3.350212909371856007e+00
6.596942319958079892e+00 -3.337224824731627404e+00
6.677392836055131120e+00 -3.320481142414143161e+00
6.757843352152180572e+00 -3.289505618609892323e+00
6.838293868249230023e+00 -3.273781312335945604e+00
6.918744384346279475e+00 -3.281437948740958177e+00
6.999194900443328926e+00 -3.317508175639920065e+00
7.079645416540378378e+00 -3.360175260993008006e+00
7.160095932637429605e+00 -3.367137551255465766e+00
7.240546448734479057e+00 -3.346441506852599002e+00
7.320996964831528508e+00 -3.319928789738648245e+00
7.401447480928577960e+00 -3.304687610497501371e+00
7.481897997025627411e+00 -3.310512515043145587e+00
7.562348513122678639e+00 -3.319031381425703753e+00
7.642799029219728091e+00 -3.327104786924684365e+00
7.723249545316777542e+00 -3.346338939213017838e+00
7.803700061413826994e+00 -3.338611931271962430e+00
7.884150577510876445e+00 -3.314037125880837653e+00
7.964601093607927673e+00 -3.309385711928627405e+00
8.045051609704977125e+00 -3.311824529917427373e+00
8.125502125802025688e+00 -3.321334328624735655e+00
8.205952641899076028e+00 -3.328990016485125825e+00
8.286403157996124591e+00 -3.325424557390384450e+00
8.366853674093176707e+00 -3.323517321665315549e+00
8.447304190190225270e+00 -3.333306506710539630e+00
8.527754706287275610e+00 -3.346053013597401371e+00
8.608205222384324173e+00 -3.359435893989775934e+00
8.688655738481374513e+00 -3.362936265031563288e+00
8.769106254578423076e+00 -3.362039643605974071e+00
8.849556770675475192e+00 -3.370320221014706519e+00
8.930007286772523756e+00 -3.372978579544834155e+00
9.010457802869574095e+00 -3.377022546185223018e+00
9.090908318966622659e+00 -3.397181186222209881e+00
9.171358835063672998e+00 -3.411042865426993309e+00
9.251809351160723338e+00 -3.390731720377841540e+00
9.332259867257773678e+00 -3.365821238978795371e+00
9.412710383354822241e+00 -3.346451221014262956e+00
9.493160899451872581e+00 -3.352943129710909353e+00
9.573611415548921144e+00 -3.361341363565635287e+00
9.654061931645971484e+00 -3.380991642990446078e+00
9.734512447743021823e+00 -3.405969429671357407e+00
9.814962963840072163e+00 -3.432629641218967187e+00
9.895413479937120727e+00 -3.425472618802687830e+00
9.975863996034171066e+00 -3.401157979136824938e+00
1.005631451213121963e+01 -3.389920008210045577e+00
1.013676502822827175e+01 -3.389828193491487784e+00
1.021721554432532031e+01 -3.410684621693913954e+00
1.029766606042237065e+01 -3.435469052649229749e+00
