0.000000000000000000e+00 -1.549019599857431873e-01
8.045051609704977069e-02 -1.967562749183730808e-01
1.609010321940995414e-01 -5.049885219937575442e-01
2.413515482911492982e-01 -1.330064006879747129e+00
3.218020643881990828e-01 -1.924697040916144131e+00
4.022525804852488118e-01 -2.661414811531838787e+00
4.827030965822985964e-01 -3.166290800154805130e+00
5.631536126793483810e-01 -3.312232219723370452e+00
6.436041287763981655e-01 -3.454789804653805252e+00
7.240546448734478391e-01 -3.564689569657376378e+00
8.045051609704976237e-01 -3.651022927693966746e+00
8.849556770675472972e-01 -3.714718312784075049e+00
9.654061931645971928e-01 -3.762716173787375773e+00
1.045856709261647088e+00 -3.724061581035498669e+00
1.126307225358696762e+00 -3.664793345995746243e+00
1.206757741455746435e+00 -3.643230567538457088e+00
1.287208257552796331e+00 -3.695728459661500320e+00
1.367658773649846005e+00 -3.779397363611368466e+00
1.448109289746895678e+00 -3.749377120463539548e+00
1.528559805843945352e+00 -3.637007222264160067e+00
1.609010321940995247e+00 -3.528305781056999990e+00
1.689460838038045143e+00 -3.450117490069104065e+00
1.769911354135094594e+00 -3.376739546438580319e+00
1.850361870232144490e+00 -3.313114286532520048e+00
1.930812386329194386e+00 -3.230210191180865831e+00
2.011262902426244281e+00 -3.200965083482561369e+00
2.091713418523294177e+00 -3.244378189641865529e+00
2.172163934620343628e+00 -3.258980729603030646e+00
2.252614450717393524e+00 -3.243774533470464849e+00
2.333064966814443419e+00 -3.201242282865432998e+00
2.413515482911492871e+00 -3.194382457744464610e+00
2.493965999008542767e+00 -3.224312386601324576e+00
2.574416515105592662e+00 -3.253105858079237134e+00
2.654867031202642558e+00 -3.240144038873670862e+00
2.735317547299692009e+00 -3.268168739311818172e+00
2.815768063396741905e+00 -3.281167786336016690e+00
2.896218579493791356e+00 -3.247221536441479817e+00
2.976669095590841252e+00 -3.271959897561698138e+00
3.057119611687890703e+00 -3.301925393927970021e+00
3.137570127784940599e+00 -3.282048790581465703e+00
3.218020643881990495e+00 -3.276148723801873164e+00
3.298471159979039946e+00 -3.282414690420738079e+00
3.378921676076090286e+00 -3.308707570323991209e+00
3.459372192173139737e+00 -3.308862120436688148e+00
3.539822708270189189e+00 -3.307678710039510417e+00
3.620273224367239528e+00 -3.314013842541643662e+00
3.700723740464288980e+00 -3.306560358643179764e+00
3.781174256561339320e+00 -3.317312646344074967e+00
3.861624772658388771e+00 -3.315446048028932502e+00
3.942075288755438223e+00 -3.280784555187077789e+00
4.022525804852488562e+00 -3.262806651260258928e+00
4.102976320949538014e+00 -3.306094327239303521e+00
4.183426837046588354e+00 -3.316549743969207320e+00
4.263877353143637805e+00 -3.259268614656298801e+00
4.344327869240687257e+00 -3.224088390060452003e+00
4.424778385337737596e+00 -3.260720964450781967e+00
4.505228901434787048e+00 -3.301093122681091341e+00
4.585679417531836499e+00 -3.339385405284196917e+00
4.666129933628886839e+00 -3.332509884093842967e+00
4.746580449725936290e+00 -3.308359570397573446e+00
4.827030965822985742e+00 -3.303041869947854980e+00
4.907481481920036082e+00 -3.327885213189665237e+00
4.987931998017085533e+00 -3.331375294477958438e+00
5.068382514114135873e+00 -3.305451455723045662e+00
5.148833030211185324e+00 -3.263050598902100585e+00
5.229283546308234776e+00 -3.256431129749072895e+00
5.309734062405285115e+00 -3.293806511405503734e+00
5.390184578502334567e+00 -3.331079700873357918e+00
5.470635094599384018e+00 -3.328013941592242286e+00
5.551085610696433470e+00 -3.300315448143243291e+00
5.631536126793483810e+00 -3.286636515849045370e+00
5.711986642890533261e+00 -3.278758254347996726e+00
5.792437158987582713e+00 -3.268879654758913400e+00
5.872887675084633052e+00 -3.247084963719943929e+00
5.953338191181682504e+00 -3.242056610470971378e+00
6.033788707278731955e+00 -3.236691421450799133e+00
6.114239223375781407e+00 -3.246788189917793943e+00
6.194689739472831747e+00 -3.242483351012356074e+00
6.275140255569881198e+00 -3.252982393559272545e+00
6.355590771666931538e+00 -3.283690847708625071e+00
6.436041287763980989e+00 -3.318703244991914048e+00
6.516491803861030441e+00 -3.326979914960892959e+00
6.596942319958079892e+00 -3.319584891160456852e+00
6.677392836055131120e+00 -3.354371101557586776e+00
6.757843352152180572e+00 -3.401174171107786304e+00
6.838293868249230023e+00 -3.384506097871540220e+00
6.918744384346279475e+00 -3.321850977800193672e+00
6.999194900443328926e+00 -3.300643065879070193e+00
7.079645416540378378e+00 -3.328065591829416636e+00
7.160095932637429605e+00 -3.338230465905529076e+00
7.240546448734479057e+00 -3.334635474359557872e+00
7.320996964831528508e+00 -3.317734361976823809e+00
7.401447480928577960e+00 -3.331718045934369599e+00
7.481897997025627411e+00 -3.348136565281086607e+00
7.562348513122678639e+00 -3.339249134874235470e+00
7.642799029219728091e+00 -3.322707027208106290e+00
7.723249545316777542e+00 -3.334455967501084306e+00
7.803700061413826994e+00 -3.353156280785481780e+00
7.884150577510876445e+00 -3.356351527435401660e+00
7.964601093607927673e+00 -3.339750316530749608e+00
8.045051609704977125e+00 -3.341645794806087810e+00
8.125502125802025688e+00 -3.349012432967745312e+00
8.205952641899076028e+00 -3.365317722336505835e+00
8.286403157996124591e+00 -3.376623700133997819e+00
8.366853674093176707e+00 -3.372998969767401434e+00
8.447304190190225270e+00 -3.365179926889001027e+00
8.527754706287275610e+00 -3.359762955640392068e+00
8.608205222384324173e+00 -3.368887972905627137e+00
8.688655738481374513e+00 -3.393515437388822331e+00
8.769106254578423076e+00 -3.392854996756144104e+00
8.849556770675475192e+00 -3.375247244925891010e+00
8.930007286772523756e+00 -3.383254487817900280e+00
9.010457802869574095e+00 -3.406057967309648937e+00
9.090908318966622659e+00 -3.422755197767216373e+00
9.171358835063672998e+00 -3.416308433034915826e+00
9.251809351160723338e+00 -3.416056340838280470e+00
9.332259867257773678e+00 -3.433815806204884247e+00
9.412710383354822241e+00 -3.444333552550979949e+00
9.493160899451872581e+00 -3.436557489327997761e+00
9.573611415548921144e+00 -3.410420373956746687e+00
9.654061931645971484e+00 -3.400311537072508994e+00
9.734512447743021823e+00 -3.408942605723659369e+00
9.814962963840072163e+00 -3.425344902397589486e+00
9.895413479937120727e+00 -3.431099095696966916e+00
9.975863996034171066e+00 -3.441969096992575139e+00
1.005631451213121963e+01 -3.436049624365138389e+00
1.013676502822827175e+01 -3.434248002666464572e+00
1.021721554432532031e+01 -3.447142368581552319e+00
1.029766606042237065e+01 -3.460715341676369405e+00
