0.000000000000000000e+00 -1.549019599857431873e-01
8.045051609704977069e-02 -3.809482374761172796e-01
1.609010321940995414e-01 -1.068647873918537217e+00
2.413515482911492982e-01 -2.540194941109304771e+00
3.218020643881990828e-01 -3.513961462893374854e+00
4.022525804852488118e-01 -4.406500286489133167e+00
4.827030965822985964e-01 -5.223970576366252061e+00
5.631536126793483810e-01 -5.765614872482505149e+00
6.436041287763981655e-01 -6.055723360052290616e+00
7.240546448734478391e-01 -6.225635106434145527e+00
8.045051609704976237e-01 -6.400414246857988765e+00
8.849556770675472972e-01 -6.614436244250167185e+00
9.654061931645971928e-01 -6.844149159022356876e+00
1.045856709261647088e+00 -7.021366146880282599e+00
1.126307225358696762e+00 -7.069771790912197318e+00
1.206757741455746435e+00 -7.088439970079988051e+00
1.287208257552796331e+00 -7.113831016079998903e+00
1.367658773649846005e+00 -7.128106730409460745e+00
1.448109289746895678e+00 -7.065892422549066687e+00
1.528559805843945352e+00 -6.898261815961197030e+00
1.609010321940995247e+00 -6.679052304202592438e+00
1.689460838038045143e+00 -6.604130966859680818e+00
1.769911354135094594e+00 -6.506673171488504437e+00
1.850361870232144490e+00 -6.417579749528955269e+00
1.930812386329194386e+00 -6.331051018382259699e+00
2.011262902426244281e+00 -6.282763655872074970e+00
2.091713418523294177e+00 -6.177597021734268168e+00
2.172163934620343628e+00 -6.098184061763153530e+00
2.252614450717393524e+00 -6.072762147302564806e+00
2.333064966814443419e+00 -6.091795999555768226e+00
2.413515482911492871e+00 -6.127057198396143711e+00
2.493965999008542767e+00 -6.206635964725250254e+00
2.574416515105592662e+00 -6.172524485476308165e+00
2.654867031202642558e+00 -6.153630000205991379e+00
2.735317547299692009e+00 -6.194160667857711466e+00
2.815768063396741905e+00 -6.250923094688897841e+00
2.896218579493791356e+00 -6.276677944826814404e+00
2.976669095590841252e+00 -6.252686620345298429e+00
3.057119611687890703e+00 -6.198403007641150708e+00
3.137570127784940599e+00 -6.171792954111080753e+00
3.218020643881990495e+00 -6.117623572174806235e+00
3.298471159979039946e+00 -6.074685050004507758e+00
3.378921676076090286e+00 -6.092021856126334178e+00
3.459372192173139737e+00 -6.190140064770010220e+00
3.539822708270189189e+00 -6.319231983200930713e+00
3.620273224367239528e+00 -6.394530142882421941e+00
3.700723740464288980e+00 -6.391599642138524828e+00
3.781174256561339320e+00 -6.284125370350855277e+00
3.861624772658388771e+00 -6.194954714817206387e+00
3.942075288755438223e+00 -6.152640626595228035e+00
4.022525804852488562e+00 -6.148189552695380478e+00
4.102976320949538014e+00 -6.190130601265185994e+00
4.183426837046588354e+00 -6.250540676561888276e+00
4.263877353143637805e+00 -6.282461201148794139e+00
4.344327869240687257e+00 -6.230310325514373915e+00
4.424778385337737596e+00 -6.170875878493627731e+00
4.505228901434787048e+00 -6.208101178780988327e+00
4.585679417531836499e+00 -6.233653771864678284e+00
4.666129933628886839e+00 -6.209180287420048572e+00
4.746580449725936290e+00 -6.188548934948920888e+00
4.827030965822985742e+00 -6.183728156348506033e+00
4.907481481920036082e+00 -6.182902648501953813e+00
4.987931998017085533e+00 -6.201602880779424787e+00
5.068382514114135873e+00 -6.227274312470697737e+00
5.148833030211185324e+00 -6.170496040556507467e+00
5.229283546308234776e+00 -6.154153821256704404e+00
5.309734062405285115e+00 -6.153069941562580247e+00
5.390184578502334567e+00 -6.192394430700010055e+00
5.470635094599384018e+00 -6.270763572292475274e+00
5.551085610696433470e+00 -6.357006927388071382e+00
5.631536126793483810e+00 -6.342699449204028284e+00
5.711986642890533261e+00 -6.327825188972096448e+00
5.792437158987582713e+00 -6.317685287768551206e+00
5.872887675084633052e+00 -6.248688597667343636e+00
5.953338191181682504e+00 -6.160416548115784430e+00
6.033788707278731955e+00 -6.221853841669862994e+00
6.114239223375781407e+00 -6.358677105989477774e+00
6.194689739472831747e+00 -6.410392711376514896e+00
6.275140255569881198e+00 -6.459754048259113368e+00
6.355590771666931538e+00 -6.465565528475664792e+00
6.436041287763980989e+00 -6.418230029571820872e+00
6.516491803861030441e+00 -6.409848592018122737e+00
6.596942319958079892e+00 -6.433664532103724021e+00
6.677392836055131120e+00 -6.476413189546659233e+00
6.757843352152180572e+00 -6.419034229725631313e+00
6.838293868249230023e+00 -6.382717992008421604e+00
6.918744384346279475e+00 -6.412404658236414257e+00
6.999194900443328926e+00 -6.462215042769584805e+00
7.079645416540378378e+00 -6.465650362221507130e+00
7.160095932637429605e+00 -6.469786125770167651e+00
7.240546448734479057e+00 -6.425049736255027177e+00
7.320996964831528508e+00 -6.343209793389407380e+00
7.401447480928577960e+00 -6.265218351286334197e+00
7.481897997025627411e+00 -6.234968019613350343e+00
7.562348513122678639e+00 -6.315308358017259316e+00
7.642799029219728091e+00 -6.411368835365431451e+00
7.723249545316777542e+00 -6.422919765229655020e+00
7.803700061413826994e+00 -6.453805281941736638e+00
7.884150577510876445e+00 -6.484719563425061395e+00
7.964601093607927673e+00 -6.484430380488826806e+00
8.045051609704977125e+00 -6.470272043344137636e+00
8.125502125802025688e+00 -6.454562997542461211e+00
8.205952641899076028e+00 -6.426921589847886196e+00
8.286403157996124591e+00 -6.436390589244073368e+00
8.366853674093176707e+00 -6.428250821626991574e+00
8.447304190190225270e+00 -6.416377078457483840e+00
8.527754706287275610e+00 -6.410371712836982816e+00
8.608205222384324173e+00 -6.491101115961389389e+00
8.688655738481374513e+00 -6.548173232229109963e+00
8.769106254578423076e+00 -6.566085855313122721e+00
8.849556770675475192e+00 -6.588148602252710262e+00
8.930007286772523756e+00 -6.650836920395381213e+00
9.010457802869574095e+00 -6.642937600697950806e+00
9.090908318966622659e+00 -6.581271506216586076e+00
9.171358835063672998e+00 -6.571894590097421940e+00
9.251809351160723338e+00 -6.555934486861118238e+00
9.332259867257773678e+00 -6.530961794701476641e+00
9.412710383354822241e+00 -6.500075813077652143e+00
9.493160899451872581e+00 -6.485889280830311243e+00
9.573611415548921144e+00 -6.541630578138481589e+00
9.654061931645971484e+00 -6.638530982000372838e+00
9.734512447743021823e+00 -6.637195677511198433e+00
9.814962963840072163e+00 -6.580780117581428890e+00
9.895413479937120727e+00 -6.586715785310675031e+00
9.975863996034171066e+00 -6.617387901223752422e+00
1.005631451213121963e+01 -6.668046530190734345e+00
1.013676502822827175e+01 -6.674313178032879712e+00
1.021721554432532031e+01 -6.691793566868871501e+00
1.029766606042237065e+01 -6.680467901429985034e+00
