0.000000000000000000e+00 -1.549019599857431873e-01
8.045051609704977069e-02 -1.845947600279658485e-01
1.609010321940995414e-01 -4.594669560035977152e-01
2.413515482911492982e-01 -1.017678302694332571e+00
3.218020643881990828e-01 -1.450843792842461788e+00
4.022525804852488118e-01 -1.961105343377877563e+00
4.827030965822985964e-01 -2.464921389001926588e+00
5.631536126793483810e-01 -2.787468702156576938e+00
6.436041287763981655e-01 -2.928895672680753126e+00
7.240546448734478391e-01 -3.029604758799331776e+00
8.045051609704976237e-01 -3.140003781254880444e+00
8.849556770675472972e-01 -3.306482273794124183e+00
9.654061931645971928e-01 -3.440494923483694567e+00
1.045856709261647088e+00 -3.504426891413647827e+00
1.126307225358696762e+00 -3.515757490404012309e+00
1.206757741455746435e+00 -3.504556324386264077e+00
1.287208257552796331e+00 -3.430109256303914833e+00
1.367658773649846005e+00 -3.380645435494460838e+00
1.448109289746895678e+00 -3.307810096012731904e+00
1.528559805843945352e+00 -3.214464038173224569e+00
1.609010321940995247e+00 -3.149659586595806360e+00
1.689460838038045143e+00 -3.112429320519157105e+00
1.769911354135094594e+00 -3.128044928731120056e+00
1.850361870232144490e+00 -3.137314988453152154e+00
1.930812386329194386e+00 -3.123209653234732208e+00
2.011262902426244281e+00 -3.068671829061857537e+00
2.091713418523294177e+00 -3.038456523675594934e+00
2.172163934620343628e+00 -3.027170167721954908e+00
2.252614450717393524e+00 -3.027344248405092308e+00
2.333064966814443419e+00 -3.013925102717672555e+00
2.413515482911492871e+00 -2.998035526334285716e+00
2.493965999008542767e+00 -3.012431168955998828e+00
2.574416515105592662e+00 -3.049780542467065203e+00
2.654867031202642558e+00 -3.101406276280746610e+00
2.735317547299692009e+00 -3.114974824779481288e+00
2.815768063396741905e+00 -3.117464644433609600e+00
2.896218579493791356e+00 -3.144597841864343657e+00
2.976669095590841252e+00 -3.195742279304810474e+00
3.057119611687890703e+00 -3.188700647984340275e+00
3.137570127784940599e+00 -3.164006901279001305e+00
3.218020643881990495e+00 -3.161988511480861685e+00
3.298471159979039946e+00 -3.182351035658768090e+00
3.378921676076090286e+00 -3.198145049581603061e+00
3.459372192173139737e+00 -3.179078626295429810e+00
3.539822708270189189e+00 -3.150495624207149348e+00
3.620273224367239528e+00 -3.128213912986992806e+00
3.700723740464288980e+00 -3.114536371129439374e+00
3.781174256561339320e+00 -3.112862958438174843e+00
3.861624772658388771e+00 -3.143410426094823240e+00
3.942075288755438223e+00 -3.196447592228722101e+00
4.022525804852488562e+00 -3.240619173282142995e+00
4.102976320949538014e+00 -3.230420810363940909e+00
4.183426837046588354e+00 -3.160583598306367925e+00
4.263877353143637805e+00 -3.094577800410149848e+00
4.344327869240687257e+00 -3.078068961209186494e+00
4.424778385337737596e+00 -3.119769671761500440e+00
4.505228901434787048e+00 -3.130111848182215439e+00
4.585679417531836499e+00 -3.131381332773186976e+00
4.666129933628886839e+00 -3.134178329667263174e+00
4.746580449725936290e+00 -3.145413545127868638e+00
4.827030965822985742e+00 -3.160105443480069720e+00
4.907481481920036082e+00 -3.164905676123492384e+00
4.987931998017085533e+00 -3.167716945140965912e+00
5.068382514114135873e+00 -3.181575205441409704e+00
5.148833030211185324e+00 -3.159063828933227569e+00
5.229283546308234776e+00 -3.127127115792574852e+00
5.309734062405285115e+00 -3.089734512951175738e+00
5.390184578502334567e+00 -3.098876598603675703e+00
5.470635094599384018e+00 -3.149747030829194383e+00
5.551085610696433470e+00 -3.192509366496619982e+00
5.631536126793483810e+00 -3.167447773533858424e+00
5.711986642890533261e+00 -3.127820520725304920e+00
5.792437158987582713e+00 -3.137270748742197135e+00
5.872887675084633052e+00 -3.182091365044016129e+00
5.953338191181682504e+00 -3.201730692470452500e+00
6.033788707278731955e+00 -3.179075088844238728e+00
6.114239223375781407e+00 -3.153242948756072028e+00
6.194689739472831747e+00 -3.177384773938487061e+00
6.275140255569881198e+00 -3.198793147822478478e+00
6.355590771666931538e+00 -3.185362488011520998e+00
6.436041287763980989e+00 -3.137321193490850479e+00
6.516491803861030441e+00 -3.109879221896466372e+00
6.596942319958079892e+00 -3.110270479701198632e+00
6.677392836055131120e+00 -3.122130585716417439e+00
6.757843352152180572e+00 -3.165746088826441706e+00
6.838293868249230023e+00 -3.213089251560412141e+00
6.918744384346279475e+00 -3.256009156501348034e+00
6.999194900443328926e+00 -3.276036231117729347e+00
7.079645416540378378e+00 -3.275313053321955437e+00
7.160095932637429605e+00 -3.254136505995820272e+00
7.240546448734479057e+00 -3.238360570655707260e+00
7.320996964831528508e+00 -3.233967565685806456e+00
7.401447480928577960e+00 -3.230438786215565905e+00
7.481897997025627411e+00 -3.218380978751267829e+00
7.562348513122678639e+00 -3.221469000489528334e+00
7.642799029219728091e+00 -3.236603196802937621e+00
7.723249545316777542e+00 -3.233603150172175145e+00
7.803700061413826994e+00 -3.214341627670652013e+00
7.884150577510876445e+00 -3.183735071003354289e+00
7.964601093607927673e+00 -3.177942219580681904e+00
8.045051609704977125e+00 -3.194182236530779928e+00
8.125502125802025688e+00 -3.211201229020355541e+00
8.205952641899076028e+00 -3.235215150119593375e+00
8.286403157996124591e+00 -3.264989859091371738e+00
8.366853674093176707e+00 -3.287078900340602239e+00
8.447304190190225270e+00 -3.279739279136891117e+00
8.527754706287275610e+00 -3.268463221606662916e+00
8.608205222384324173e+00 -3.266955747244347119e+00
8.688655738481374513e+00 -3.260292822352114595e+00
8.769106254578423076e+00 -3.259076275811358947e+00
8.849556770675475192e+00 -3.264068315408968246e+00
8.930007286772523756e+00 -3.261627160968165295e+00
9.010457802869574095e+00 -3.256697057185872879e+00
9.090908318966622659e+00 -3.264603975593830310e+00
9.171358835063672998e+00 -3.260461843248571245e+00
9.251809351160723338e+00 -3.239829244185640889e+00
9.332259867257773678e+00 -3.235700614909554407e+00
9.412710383354822241e+00 -3.251182163938972192e+00
9.493160899451872581e+00 -3.250239955281291948e+00
9.573611415548921144e+00 -3.249534645811899214e+00
9.654061931645971484e+00 -3.255990082051772205e+00
9.734512447743021823e+00 -3.280339925621490682e+00
9.814962963840072163e+00 -3.294831439821144237e+00
9.895413479937120727e+00 -3.315215748552921227e+00
9.975863996034171066e+00 -3.335717480005834013e+00
1.005631451213121963e+01 -3.331246104746148795e+00
1.013676502822827175e+01 -3.308788948044616429e+00
1.021721554432532031e+01 -3.309563518964433460e+00
1.029766606042237065e+01 -3.310068418364660925e+00
