0.000000000000000000e+00 -1.549019599857431873e-01
8.045051609704977069e-02 -1.989672962290073566e-01
1.609010321940995414e-01 -4.889742757500392112e-01
2.413515482911492982e-01 -1.022787830457661196e+00
3.218020643881990828e-01 -1.354350328655686164e+00
4.022525804852488118e-01 -1.993439900764778949e+00
4.827030965822985964e-01 -2.704004443542870728e+00
5.631536126793483810e-01 -3.027709825096026819e+00
6.436041287763981655e-01 -3.136967857179659092e+00
7.240546448734478391e-01 -3.246559311938121972e+00
8.045051609704976237e-01 -3.353125718998316351e+00
8.849556770675472972e-01 -3.422517913649459231e+00
9.654061931645971928e-01 -3.558523636921652411e+00
1.045856709261647088e+00 -3.648349797162653729e+00
1.126307225358696762e+00 -3.664107475629010402e+00
1.206757741455746435e+00 -3.746159594579516305e+00
1.287208257552796331e+00 -3.772274690574849654e+00
1.367658773649846005e+00 -3.673240509045355928e+00
1.448109289746895678e+00 -3.551176071261813227e+00
1.528559805843945352e+00 -3.438739390732137746e+00
1.609010321940995247e+00 -3.368335238796422715e+00
1.689460838038045143e+00 -3.331824584679044854e+00
1.769911354135094594e+00 -3.343723408063700386e+00
1.850361870232144490e+00 -3.309270257430756867e+00
1.930812386329194386e+00 -3.185221211791699591e+00
2.011262902426244281e+00 -3.065602233579663771e+00
2.091713418523294177e+00 -3.027394589561202665e+00
2.172163934620343628e+00 -2.978832713887624273e+00
2.252614450717393524e+00 -2.932626361938346360e+00
2.333064966814443419e+00 -2.926669104730295512e+00
2.413515482911492871e+00 -2.975331294672307170e+00
2.493965999008542767e+00 -3.037543575162990006e+00
2.574416515105592662e+00 -3.107587419158197584e+00
2.654867031202642558e+00 -3.147569717639706166e+00
2.735317547299692009e+00 -3.164681461775610494e+00
2.815768063396741905e+00 -3.169388474128131961e+00
2.896218579493791356e+00 -3.158959935897974081e+00
2.976669095590841252e+00 -3.137924122536764671e+00
3.057119611687890703e+00 -3.134060783120894644e+00
3.137570127784940599e+00 -3.140286432657790172e+00
3.218020643881990495e+00 -3.142635479195426740e+00
3.298471159979039946e+00 -3.121066680732830889e+00
3.378921676076090286e+00 -3.096026571410763317e+00
3.459372192173139737e+00 -3.084588306597390694e+00
3.539822708270189189e+00 -3.086169287396138383e+00
3.620273224367239528e+00 -3.115927082779828439e+00
3.700723740464288980e+00 -3.150881301648197574e+00
3.781174256561339320e+00 -3.198750110703683536e+00
3.861624772658388771e+00 -3.205224952564504903e+00
3.942075288755438223e+00 -3.177463119486946042e+00
4.022525804852488562e+00 -3.160851505975013076e+00
4.102976320949538014e+00 -3.147956739374433432e+00
4.183426837046588354e+00 -3.124542566252911158e+00
4.263877353143637805e+00 -3.106713958387364638e+00
4.344327869240687257e+00 -3.111198070535936111e+00
4.424778385337737596e+00 -3.162253355553882983e+00
4.505228901434787048e+00 -3.205792544509521225e+00
4.585679417531836499e+00 -3.219040838560815132e+00
4.666129933628886839e+00 -3.216344551335129420e+00
4.746580449725936290e+00 -3.204139482629339675e+00
4.827030965822985742e+00 -3.160506129107256257e+00
4.907481481920036082e+00 -3.103994316713328594e+00
4.987931998017085533e+00 -3.076470595905353989e+00
5.068382514114135873e+00 -3.069433335159201359e+00
5.148833030211185324e+00 -3.064985456160876698e+00
5.229283546308234776e+00 -3.083998777085557919e+00
5.309734062405285115e+00 -3.112394003661338893e+00
5.390184578502334567e+00 -3.141573342570101346e+00
5.470635094599384018e+00 -3.140658907417552825e+00
5.551085610696433470e+00 -3.104999353549122709e+00
5.631536126793483810e+00 -3.088194026573474638e+00
5.711986642890533261e+00 -3.093859762504802546e+00
5.792437158987582713e+00 -3.096853362074337479e+00
5.872887675084633052e+00 -3.092349649916631638e+00
5.953338191181682504e+00 -3.100715034425189476e+00
6.033788707278731955e+00 -3.124812365066148789e+00
6.114239223375781407e+00 -3.155931236210411495e+00
6.194689739472831747e+00 -3.179896043094736502e+00
6.275140255569881198e+00 -3.207050007443929207e+00
6.355590771666931538e+00 -3.212806280174340667e+00
6.436041287763980989e+00 -3.215861404835370863e+00
6.516491803861030441e+00 -3.220193647831349537e+00
6.596942319958079892e+00 -3.228684044148574017e+00
6.677392836055131120e+00 -3.229544576022803426e+00
6.757843352152180572e+00 -3.225587762854388973e+00
6.838293868249230023e+00 -3.217474721179030439e+00
6.918744384346279475e+00 -3.191246229575674054e+00
6.999194900443328926e+00 -3.159961451340301153e+00
7.079645416540378378e+00 -3.145077988054360674e+00
7.160095932637429605e+00 -3.159972659189091537e+00
7.240546448734479057e+00 -3.202135827445179661e+00
7.320996964831528508e+00 -3.210545310653082574e+00
7.401447480928577960e+00 -3.195160231965330500e+00
7.481897997025627411e+00 -3.182057038738780541e+00
7.562348513122678639e+00 -3.178842933185639819e+00
7.642799029219728091e+00 -3.189841117740088716e+00
7.723249545316777542e+00 -3.210230641216311742e+00
7.803700061413826994e+00 -3.247423378968577801e+00
7.884150577510876445e+00 -3.261527050144763962e+00
7.964601093607927673e+00 -3.247999960111403794e+00
8.045051609704977125e+00 -3.233182358880163587e+00
8.125502125802025688e+00 -3.251383753319312397e+00
8.205952641899076028e+00 -3.262838257996408586e+00
8.286403157996124591e+00 -3.240278838542172579e+00
8.366853674093176707e+00 -3.203992422014882990e+00
8.447304190190225270e+00 -3.190378538064566172e+00
8.527754706287275610e+00 -3.209191235949248711e+00
8.608205222384324173e+00 -3.246609221476330465e+00
8.688655738481374513e+00 -3.252642837978390489e+00
8.769106254578423076e+00 -3.243484405483270550e+00
8.849556770675475192e+00 -3.258358501463157086e+00
8.930007286772523756e+00 -3.256249846453927344e+00
9.010457802869574095e+00 -3.248763590414319946e+00
9.090908318966622659e+00 -3.260628742641972000e+00
9.171358835063672998e+00 -3.272732818822350342e+00
9.251809351160723338e+00 -3.267800488109896762e+00
9.332259867257773678e+00 -3.271163722353620074e+00
9.412710383354822241e+00 -3.293559743207362001e+00
9.493160899451872581e+00 -3.302169288392257762e+00
9.573611415548921144e+00 -3.283245298691907177e+00
9.654061931645971484e+00 -3.249870742937918333e+00
9.734512447743021823e+00 -3.258016804568426572e+00
9.814962963840072163e+00 -3.283040612284352289e+00
9.895413479937120727e+00 -3.314447967292174724e+00
9.975863996034171066e+00 -3.336073260962912013e+00
1.005631451213121963e+01 -3.337513239292431599e+00
1.013676502822827175e+01 -3.335990439480951419e+00
1.021721554432532031e+01 -3.348231012631348147e+00
1.029766606042237065e+01 -3.368699834875531263e+00
