0.000000000000000000e+00 -1.549019599857431873e-01
8.045051609704977069e-02 -1.888770520106586581e-01
1.609010321940995414e-01 -4.138900718646549848e-01
2.413515482911492982e-01 -8.514677130570679209e-01
3.218020643881990828e-01 -1.175355108899235335e+00
4.022525804852488118e-01 -1.734775747709835336e+00
4.827030965822985964e-01 -2.326750714904985973e+00
5.631536126793483810e-01 -2.692979962833143226e+00
6.436041287763981655e-01 -2.963333054377179199e+00
7.240546448734478391e-01 -3.057301219851040752e+00
8.045051609704976237e-01 -3.198402420846480521e+00
8.849556770675472972e-01 -3.342155873287982359e+00
9.654061931645971928e-01 -3.422063265599307513e+00
1.045856709261647088e+00 -3.451694661722454871e+00
1.126307225358696762e+00 -3.483471660403674175e+00
1.206757741455746435e+00 -3.520474178349279892e+00
1.287208257552796331e+00 -3.520128540873940448e+00
1.367658773649846005e+00 -3.523010700293783604e+00
1.448109289746895678e+00 -3.552545510576267329e+00
1.528559805843945352e+00 -3.585469938477328089e+00
1.609010321940995247e+00 -3.581088649194303031e+00
1.689460838038045143e+00 -3.545749879471903121e+00
1.769911354135094594e+00 -3.485120545048722818e+00
1.850361870232144490e+00 -3.433861523279730488e+00
1.930812386329194386e+00 -3.345638323880019360e+00
2.011262902426244281e+00 -3.239512258237597475e+00
2.091713418523294177e+00 -3.159029370041511076e+00
2.172163934620343628e+00 -3.107292024837926991e+00
2.252614450717393524e+00 -3.151915911088243316e+00
2.333064966814443419e+00 -3.221252706865813220e+00
2.413515482911492871e+00 -3.222796753001762049e+00
2.493965999008542767e+00 -3.154346299547839294e+00
2.574416515105592662e+00 -3.100667599215400028e+00
2.654867031202642558e+00 -3.077096314617381534e+00
2.735317547299692009e+00 -3.107452233849393064e+00
2.815768063396741905e+00 -3.183052981493393219e+00
2.896218579493791356e+00 -3.238831098645164719e+00
2.976669095590841252e+00 -3.241817124013292695e+00
3.057119611687890703e+00 -3.204610585549642732e+00
3.137570127784940599e+00 -3.191200954244267418e+00
3.218020643881990495e+00 -3.142309151869643102e+00
3.298471159979039946e+00 -3.084521973047494647e+00
3.378921676076090286e+00 -3.026517069145484129e+00
3.459372192173139737e+00 -2.991648789336688985e+00
3.539822708270189189e+00 -2.986651567283139297e+00
3.620273224367239528e+00 -3.030221943294924447e+00
3.700723740464288980e+00 -3.102597866673789007e+00
3.781174256561339320e+00 -3.170073361557837366e+00
3.861624772658388771e+00 -3.203469846034562973e+00
3.942075288755438223e+00 -3.195843921143141309e+00
4.022525804852488562e+00 -3.178850019349293898e+00
4.102976320949538014e+00 -3.177254197821075543e+00
4.183426837046588354e+00 -3.181004510968309162e+00
4.263877353143637805e+00 -3.169451736392949304e+00
4.344327869240687257e+00 -3.159406396251902560e+00
4.424778385337737596e+00 -3.134169591434297075e+00
4.505228901434787048e+00 -3.126241159421655702e+00
4.585679417531836499e+00 -3.143438620824799745e+00
4.666129933628886839e+00 -3.158760086458187288e+00
4.746580449725936290e+00 -3.172791815240892710e+00
4.827030965822985742e+00 -3.165076485003137652e+00
4.907481481920036082e+00 -3.146610902190811299e+00
4.987931998017085533e+00 -3.142949368418426204e+00
5.068382514114135873e+00 -3.164039502241305257e+00
5.148833030211185324e+00 -3.190626697728334626e+00
5.229283546308234776e+00 -3.176781011685143152e+00
5.309734062405285115e+00 -3.165118109866249529e+00
5.390184578502334567e+00 -3.133975637289564631e+00
5.470635094599384018e+00 -3.097711617092974379e+00
5.551085610696433470e+00 -3.088622552678000677e+00
5.631536126793483810e+00 -3.077084194531762407e+00
5.711986642890533261e+00 -3.072299210743457909e+00
5.792437158987582713e+00 -3.092992581061225099e+00
5.872887675084633052e+00 -3.137693213322359842e+00
5.953338191181682504e+00 -3.170759606582802093e+00
6.033788707278731955e+00 -3.170250956208620963e+00
6.114239223375781407e+00 -3.156440552196939642e+00
6.194689739472831747e+00 -3.156870382403571984e+00
6.275140255569881198e+00 -3.157498201131498927e+00
6.355590771666931538e+00 -3.144602206263703792e+00
6.436041287763980989e+00 -3.130156146984740317e+00
6.516491803861030441e+00 -3.140917932497956588e+00
6.596942319958079892e+00 -3.168477737836667529e+00
6.677392836055131120e+00 -3.178783896079702131e+00
6.757843352152180572e+00 -3.193222403561954081e+00
6.838293868249230023e+00 -3.203552677696550166e+00
6.918744384346279475e+00 -3.217759135157160610e+00
6.999194900443328926e+00 -3.213838509163866597e+00
7.079645416540378378e+00 -3.203641398709241805e+00
7.160095932637429605e+00 -3.192294822323439973e+00
7.240546448734479057e+00 -3.183576335244893585e+00
7.320996964831528508e+00 -3.178693432927585327e+00
7.401447480928577960e+00 -3.195524123734249322e+00
7.481897997025627411e+00 -3.220041904788286669e+00
7.562348513122678639e+00 -3.226677518288419755e+00
7.642799029219728091e+00 -3.224790666935870576e+00
7.723249545316777542e+00 -3.207492877266712838e+00
7.803700061413826994e+00 -3.189205315916368910e+00
7.884150577510876445e+00 -3.177772720027352893e+00
7.964601093607927673e+00 -3.177425280533050955e+00
8.045051609704977125e+00 -3.184752892587771722e+00
8.125502125802025688e+00 -3.210581681888333705e+00
8.205952641899076028e+00 -3.232605480401701481e+00
8.286403157996124591e+00 -3.265346881075218199e+00
8.366853674093176707e+00 -3.289372542254455745e+00
8.447304190190225270e+00 -3.306006627940719866e+00
8.527754706287275610e+00 -3.294560735475769331e+00
8.608205222384324173e+00 -3.265804943813448880e+00
8.688655738481374513e+00 -3.238223488352800938e+00
8.769106254578423076e+00 -3.240647828691806343e+00
8.849556770675475192e+00 -3.248595809894099684e+00
8.930007286772523756e+00 -3.228398778323057439e+00
9.010457802869574095e+00 -3.230799164011820768e+00
9.090908318966622659e+00 -3.248625790361271193e+00
9.171358835063672998e+00 -3.250342104522482511e+00
9.251809351160723338e+00 -3.238661052697611176e+00
9.332259867257773678e+00 -3.253955237759468933e+00
9.412710383354822241e+00 -3.289660022424109709e+00
9.493160899451872581e+00 -3.315050274300723299e+00
9.573611415548921144e+00 -3.318510742619571019e+00
9.654061931645971484e+00 -3.298158036886840172e+00
9.734512447743021823e+00 -3.282291775686350999e+00
9.814962963840072163e+00 -3.280862335671755226e+00
9.895413479937120727e+00 -3.285398487084188357e+00
9.975863996034171066e+00 -3.264622473806056746e+00
1.005631451213121963e+01 -3.246502054345742128e+00
1.013676502822827175e+01 -3.243088979382113379e+00
1.021721554432532031e+01 -3.260142750225149211e+00
1.029766606042237065e+01 -3.294997928486357086e+00
