0.000000000000000000e+00 -1.549019599857431873e-01
8.045051609704977069e-02 -1.820369941709274464e-01
1.609010321940995414e-01 -4.630643992347768245e-01
2.413515482911492982e-01 -1.052264979609502493e+00
3.218020643881990828e-01 -1.529920242460703905e+00
4.022525804852488118e-01 -2.018068778424933818e+00
4.827030965822985964e-01 -2.538495558303516919e+00
5.631536126793483810e-01 -2.803681462625340792e+00
6.436041287763981655e-01 -2.997390182649256829e+00
7.240546448734478391e-01 -3.105858673589655172e+00
8.045051609704976237e-01 -3.169961727107434957e+00
8.849556770675472972e-01 -3.311180628686102523e+00
9.654061931645971928e-01 -3.487834046764198614e+00
1.045856709261647088e+00 -3.603808903967510968e+00
1.126307225358696762e+00 -3.681390195992158443e+00
1.206757741455746435e+00 -3.718631387907775920e+00
1.287208257552796331e+00 -3.672587869897766311e+00
1.367658773649846005e+00 -3.623993663628115147e+00
1.448109289746895678e+00 -3.621524226017185377e+00
1.528559805843945352e+00 -3.576328976024069739e+00
1.609010321940995247e+00 -3.509016518493393022e+00
1.689460838038045143e+00 -3.495970726884792601e+00
1.769911354135094594e+00 -3.457406443426829235e+00
1.850361870232144490e+00 -3.357535896837521516e+00
1.930812386329194386e+00 -3.277472488990237576e+00
2.011262902426244281e+00 -3.193096426545350752e+00
2.091713418523294177e+00 -3.168196908129030209e+00
2.172163934620343628e+00 -3.163794977761134941e+00
2.252614450717393524e+00 -3.156079528053804761e+00
2.333064966814443419e+00 -3.150107914567077394e+00
2.413515482911492871e+00 -3.166629819571281867e+00
2.493965999008542767e+00 -3.172614158531435358e+00
2.574416515105592662e+00 -3.144798126339735322e+00
2.654867031202642558e+00 -3.135589727377896985e+00
2.735317547299692009e+00 -3.128015049268539904e+00
2.815768063396741905e+00 -3.107813019637881702e+00
2.896218579493791356e+00 -3.099529924220397081e+00
2.976669095590841252e+00 -3.119199078337405506e+00
3.057119611687890703e+00 -3.150802755260633692e+00
3.137570127784940599e+00 -3.176982197710658262e+00
3.218020643881990495e+00 -3.174111305264370575e+00
3.298471159979039946e+00 -3.153332342769984642e+00
3.378921676076090286e+00 -3.069690122377175978e+00
3.459372192173139737e+00 -3.024334688397641635e+00
3.539822708270189189e+00 -3.008203208155955544e+00
3.620273224367239528e+00 -2.999384211283084412e+00
3.700723740464288980e+00 -3.007554768151190494e+00
3.781174256561339320e+00 -3.014306888100065862e+00
3.861624772658388771e+00 -3.017748664264940484e+00
3.942075288755438223e+00 -3.040623928395724818e+00
4.022525804852488562e+00 -3.094516240510302829e+00
4.102976320949538014e+00 -3.169899939906159148e+00
4.183426837046588354e+00 -3.215886095975384773e+00
4.263877353143637805e+00 -3.191899726744466204e+00
4.344327869240687257e+00 -3.121495002130862062e+00
4.424778385337737596e+00 -3.093968224962296620e+00
4.505228901434787048e+00 -3.137549344253742767e+00
4.585679417531836499e+00 -3.139224038908769554e+00
4.666129933628886839e+00 -3.111065474654483687e+00
4.746580449725936290e+00 -3.123888449565380920e+00
4.827030965822985742e+00 -3.127183776611473842e+00
4.907481481920036082e+00 -3.130728683630486398e+00
4.987931998017085533e+00 -3.126204220125590627e+00
5.068382514114135873e+00 -3.121417590556367916e+00
5.148833030211185324e+00 -3.134454070509530954e+00
5.229283546308234776e+00 -3.141920803724394418e+00
5.309734062405285115e+00 -3.131674342536330702e+00
5.390184578502334567e+00 -3.124383036881058562e+00
5.470635094599384018e+00 -3.134240496087922878e+00
5.551085610696433470e+00 -3.130451832291953451e+00
5.631536126793483810e+00 -3.126610010093259895e+00
5.711986642890533261e+00 -3.153756698796945646e+00
5.792437158987582713e+00 -3.177737897235109799e+00
5.872887675084633052e+00 -3.224211416843853151e+00
5.953338191181682504e+00 -3.258019652119728882e+00
6.033788707278731955e+00 -3.251148918975872881e+00
6.114239223375781407e+00 -3.229184448504533123e+00
6.194689739472831747e+00 -3.208838030860675428e+00
6.275140255569881198e+00 -3.200896312983498415e+00
6.355590771666931538e+00 -3.192231355043536389e+00
6.436041287763980989e+00 -3.166358766470686259e+00
6.516491803861030441e+00 -3.156115252259134252e+00
6.596942319958079892e+00 -3.174088888186593405e+00
6.677392836055131120e+00 -3.182695177877837178e+00
6.757843352152180572e+00 -3.179509210598846725e+00
6.838293868249230023e+00 -3.172438487293859577e+00
6.918744384346279475e+00 -3.171665697055233046e+00
6.999194900443328926e+00 -3.181004304564679419e+00
7.079645416540378378e+00 -3.174601990906356086e+00
7.160095932637429605e+00 -3.202967818279406575e+00
7.240546448734479057e+00 -3.217297607032683526e+00
7.320996964831528508e+00 -3.191315210956839454e+00
7.401447480928577960e+00 -3.169617752263062194e+00
7.481897997025627411e+00 -3.155185908872315981e+00
7.562348513122678639e+00 -3.152074862683884149e+00
7.642799029219728091e+00 -3.155836446400311690e+00
7.723249545316777542e+00 -3.161166967572230035e+00
7.803700061413826994e+00 -3.141241157277196105e+00
7.884150577510876445e+00 -3.125937576831245845e+00
7.964601093607927673e+00 -3.115662404817543418e+00
8.045051609704977125e+00 -3.131500928812019691e+00
8.125502125802025688e+00 -3.167822364267119717e+00
8.205952641899076028e+00 -3.214703682303380550e+00
8.286403157996124591e+00 -3.249928409501782856e+00
8.366853674093176707e+00 -3.254102947103906018e+00
8.447304190190225270e+00 -3.231618388658914931e+00
8.527754706287275610e+00 -3.234689802059000474e+00
8.608205222384324173e+00 -3.260243790830996247e+00
8.688655738481374513e+00 -3.257245616193711779e+00
8.769106254578423076e+00 -3.250025826655137173e+00
8.849556770675475192e+00 -3.234005762078165258e+00
8.930007286772523756e+00 -3.222183900525694700e+00
9.010457802869574095e+00 -3.210171885066369857e+00
9.090908318966622659e+00 -3.205716761787197999e+00
9.171358835063672998e+00 -3.216384866394453201e+00
9.251809351160723338e+00 -3.228459853961276327e+00
9.332259867257773678e+00 -3.258993611418155023e+00
9.412710383354822241e+00 -3.284850449468042388e+00
9.493160899451872581e+00 -3.284767204718978650e+00
9.573611415548921144e+00 -3.274138809046331922e+00
9.654061931645971484e+00 -3.270554875551544782e+00
9.734512447743021823e+00 -3.262779159761199033e+00
9.814962963840072163e+00 -3.260227921421273933e+00
9.895413479937120727e+00 -3.259327255095950004e+00
9.975863996034171066e+00 -3.249686555678876321e+00
1.005631451213121963e+01 -3.256291119110735099e+00
1.013676502822827175e+01 -3.290864515083316899e+00
1.021721554432532031e+01 -3.318073178925159628e+00
1.029766606042237065e+01 -3.297965850282513767e+00
