0.000000000000000000e+00 -1.549019599857431873e-01
8.045051609704977069e-02 -1.990666698743358554e-01
1.609010321940995414e-01 -5.426162857542009554e-01
2.413515482911492982e-01 -1.171388154163548911e+00
3.218020643881990828e-01 -1.467715491031232222e+00
4.022525804852488118e-01 -2.042412008223952746e+00
4.827030965822985964e-01 -2.669698681425802356e+00
5.631536126793483810e-01 -2.886716036859317658e+00
6.436041287763981655e-01 -2.990801541946041198e+00
7.240546448734478391e-01 -3.137121519503467404e+00
8.045051609704976237e-01 -3.248711697619504957e+00
8.849556770675472972e-01 -3.344162534215299409e+00
9.654061931645971928e-01 -3.450138017542156099e+00
1.045856709261647088e+00 -3.532859434283068367e+00
1.126307225358696762e+00 -3.570802134728752630e+00
1.206757741455746435e+00 -3.525568683541584480e+00
1.287208257552796331e+00 -3.486089871850389876e+00
1.367658773649846005e+00 -3.558939347801408637e+00
1.448109289746895678e+00 -3.584485982168869267e+00
1.528559805843945352e+00 -3.416113266934442727e+00
1.609010321940995247e+00 -3.256559190992209807e+00
1.689460838038045143e+00 -3.206147210926363122e+00
1.769911354135094594e+00 -3.215008821595611188e+00
1.850361870232144490e+00 -3.207468810828328021e+00
1.930812386329194386e+00 -3.150042329378649697e+00
2.011262902426244281e+00 -3.059828712939564710e+00
2.091713418523294177e+00 -3.004529394960259392e+00
2.172163934620343628e+00 -2.988566170031008440e+00
2.252614450717393524e+00 -3.016844734286896923e+00
2.333064966814443419e+00 -3.015981712699306705e+00
2.413515482911492871e+00 -3.006861143129033298e+00
2.493965999008542767e+00 -2.986644076418144333e+00
2.574416515105592662e+00 -2.997558251038441757e+00
2.654867031202642558e+00 -3.025735716329610359e+00
2.735317547299692009e+00 -3.080292483359952538e+00
2.815768063396741905e+00 -3.109837887052400163e+00
2.896218579493791356e+00 -3.079777846788974927e+00
2.976669095590841252e+00 -3.053398605455400094e+00
3.057119611687890703e+00 -3.068165721086485220e+00
3.137570127784940599e+00 -3.101794125334609742e+00
3.218020643881990495e+00 -3.129693992950167036e+00
3.298471159979039946e+00 -3.127248384761732503e+00
3.378921676076090286e+00 -3.097642947124162216e+00
3.459372192173139737e+00 -3.077812929859257363e+00
3.539822708270189189e+00 -3.084851729867734260e+00
3.620273224367239528e+00 -3.097837097085731628e+00
3.700723740464288980e+00 -3.093399203186046442e+00
3.781174256561339320e+00 -3.099861046902080197e+00
3.861624772658388771e+00 -3.116266435430466331e+00
3.942075288755438223e+00 -3.122175947051600176e+00
4.022525804852488562e+00 -3.144532987133572099e+00
4.102976320949538014e+00 -3.117848106498668947e+00
4.183426837046588354e+00 -3.072071171192328976e+00
4.263877353143637805e+00 -3.066600870710422644e+00
4.344327869240687257e+00 -3.081839777848365269e+00
4.424778385337737596e+00 -3.046112032898836919e+00
4.505228901434787048e+00 -3.029008990634871168e+00
4.585679417531836499e+00 -3.051844026025095857e+00
4.666129933628886839e+00 -3.063197160604115510e+00
4.746580449725936290e+00 -3.051836061588501625e+00
4.827030965822985742e+00 -3.031880706370938761e+00
4.907481481920036082e+00 -3.060311507416499488e+00
4.987931998017085533e+00 -3.098935395159298611e+00
5.068382514114135873e+00 -3.114775551218040839e+00
5.148833030211185324e+00 -3.110361855812251441e+00
5.229283546308234776e+00 -3.117680954769296520e+00
5.309734062405285115e+00 -3.134339912241377313e+00
5.390184578502334567e+00 -3.159950877545930847e+00
5.470635094599384018e+00 -3.155942763817400465e+00
5.551085610696433470e+00 -3.123139723706354953e+00
5.631536126793483810e+00 -3.120802417940967466e+00
5.711986642890533261e+00 -3.146871121083808287e+00
5.792437158987582713e+00 -3.172236207275060949e+00
5.872887675084633052e+00 -3.173381891098932872e+00
5.953338191181682504e+00 -3.171583917240371253e+00
6.033788707278731955e+00 -3.159470693781641248e+00
6.114239223375781407e+00 -3.169602114971523221e+00
6.194689739472831747e+00 -3.191720506281392478e+00
6.275140255569881198e+00 -3.194635065260338802e+00
6.355590771666931538e+00 -3.170116111784023527e+00
6.436041287763980989e+00 -3.155471310985376476e+00
6.516491803861030441e+00 -3.156169960965983456e+00
6.596942319958079892e+00 -3.167699383716215511e+00
6.677392836055131120e+00 -3.190557809610945483e+00
6.757843352152180572e+00 -3.207669605542912361e+00
6.838293868249230023e+00 -3.192107179302136277e+00
6.918744384346279475e+00 -3.151164309785904560e+00
6.999194900443328926e+00 -3.133800717697177163e+00
7.079645416540378378e+00 -3.112233702057236595e+00
7.160095932637429605e+00 -3.123998734427368085e+00
7.240546448734479057e+00 -3.161576452082572875e+00
7.320996964831528508e+00 -3.202343430606153785e+00
7.401447480928577960e+00 -3.224885165559312039e+00
7.481897997025627411e+00 -3.255698461813051559e+00
7.562348513122678639e+00 -3.265878868099454380e+00
7.642799029219728091e+00 -3.255736542072406703e+00
7.723249545316777542e+00 -3.218326529524890400e+00
7.803700061413826994e+00 -3.200808027367728847e+00
7.884150577510876445e+00 -3.216463322465179964e+00
7.964601093607927673e+00 -3.234876488030099306e+00
8.045051609704977125e+00 -3.269956462400608110e+00
8.125502125802025688e+00 -3.310993415026903364e+00
8.205952641899076028e+00 -3.307003614603757580e+00
8.286403157996124591e+00 -3.267769975192184262e+00
8.366853674093176707e+00 -3.240613629748227531e+00
8.447304190190225270e+00 -3.226528532522120241e+00
8.527754706287275610e+00 -3.232923810465871295e+00
8.608205222384324173e+00 -3.233649167006377390e+00
8.688655738481374513e+00 -3.225197862428772044e+00
8.769106254578423076e+00 -3.227986003118536118e+00
8.849556770675475192e+00 -3.228657412294270390e+00
8.930007286772523756e+00 -3.229380971178845261e+00
9.010457802869574095e+00 -3.224935179771060589e+00
9.090908318966622659e+00 -3.219647502620397006e+00
9.171358835063672998e+00 -3.211500394880090870e+00
9.251809351160723338e+00 -3.224391288947261458e+00
9.332259867257773678e+00 -3.244485168521944907e+00
9.412710383354822241e+00 -3.266444257629543824e+00
9.493160899451872581e+00 -3.281016567235885528e+00
9.573611415548921144e+00 -3.293103085231895655e+00
9.654061931645971484e+00 -3.325729984029257125e+00
9.734512447743021823e+00 -3.337241146082527088e+00
9.814962963840072163e+00 -3.323607447555709360e+00
9.895413479937120727e+00 -3.293849669132304037e+00
9.975863996034171066e+00 -3.276160391605297040e+00
1.005631451213121963e+01 -3.283423018644683999e+00
1.013676502822827175e+01 -3.311485818541913151e+00
1.021721554432532031e+01 -3.313162205686638995e+00
1.029766606042237065e+01 -3.337316212464800369e+00
