0.000000000000000000e+00 -1.549019599857431873e-01
8.045051609704977069e-02 -1.854862596155308629e-01
1.609010321940995414e-01 -4.222854847977769999e-01
2.413515482911492982e-01 -8.746718261976355047e-01
3.218020643881990828e-01 -1.248598059233520630e+00
4.022525804852488118e-01 -1.866470492654256352e+00
4.827030965822985964e-01 -2.470399598164537025e+00
5.631536126793483810e-01 -2.786396644421860636e+00
6.436041287763981655e-01 -2.975209513556897445e+00
7.240546448734478391e-01 -2.987788329705420853e+00
8.045051609704976237e-01 -3.083641819247675109e+00
8.849556770675472972e-01 -3.207398469618760739e+00
9.654061931645971928e-01 -3.285570616890193474e+00
1.045856709261647088e+00 -3.378385873035421483e+00
1.126307225358696762e+00 -3.519890373575309539e+00
1.206757741455746435e+00 -3.589287976222714782e+00
1.287208257552796331e+00 -3.572017035779439187e+00
1.367658773649846005e+00 -3.509009601959550029e+00
1.448109289746895678e+00 -3.452521315259184487e+00
1.528559805843945352e+00 -3.429763665107210535e+00
1.609010321940995247e+00 -3.396278453414662835e+00
1.689460838038045143e+00 -3.336988772571112261e+00
1.769911354135094594e+00 -3.313147332197424078e+00
1.850361870232144490e+00 -3.327609327905334258e+00
1.930812386329194386e+00 -3.286378101214927128e+00
2.011262902426244281e+00 -3.220883027610633942e+00
2.091713418523294177e+00 -3.166446451248345895e+00
2.172163934620343628e+00 -3.148304684944894571e+00
2.252614450717393524e+00 -3.129625787751434185e+00
2.333064966814443419e+00 -3.087716471287150988e+00
2.413515482911492871e+00 -3.034628210887196254e+00
2.493965999008542767e+00 -3.037314992865654872e+00
2.574416515105592662e+00 -3.081044919925307379e+00
2.654867031202642558e+00 -3.138710038571032257e+00
2.735317547299692009e+00 -3.136455005830594889e+00
2.815768063396741905e+00 -3.150743990821128104e+00
2.896218579493791356e+00 -3.198550450349467500e+00
2.976669095590841252e+00 -3.191417205370737697e+00
3.057119611687890703e+00 -3.132420393907523248e+00
3.137570127784940599e+00 -3.112850964247708685e+00
3.218020643881990495e+00 -3.140308326964570185e+00
3.298471159979039946e+00 -3.159788967616901534e+00
3.378921676076090286e+00 -3.147815677143012802e+00
3.459372192173139737e+00 -3.114908660544404295e+00
3.539822708270189189e+00 -3.094301795876734040e+00
3.620273224367239528e+00 -3.099955120327649638e+00
3.700723740464288980e+00 -3.117081612743303420e+00
3.781174256561339320e+00 -3.108558255997220243e+00
3.861624772658388771e+00 -3.093887045497853538e+00
3.942075288755438223e+00 -3.122854018367079654e+00
4.022525804852488562e+00 -3.140561918745095937e+00
4.102976320949538014e+00 -3.128458718759961510e+00
4.183426837046588354e+00 -3.163568604349702440e+00
4.263877353143637805e+00 -3.196487645631455710e+00
4.344327869240687257e+00 -3.166271198207804893e+00
4.424778385337737596e+00 -3.110557395281629223e+00
4.505228901434787048e+00 -3.100342712753575203e+00
4.585679417531836499e+00 -3.115733498264559476e+00
4.666129933628886839e+00 -3.130091352356450418e+00
4.746580449725936290e+00 -3.121714476457464915e+00
4.827030965822985742e+00 -3.118610607359410647e+00
4.907481481920036082e+00 -3.123184764782084066e+00
4.987931998017085533e+00 -3.144462236180087356e+00
5.068382514114135873e+00 -3.140321700422142648e+00
5.148833030211185324e+00 -3.126742931605658526e+00
5.229283546308234776e+00 -3.104895905685639335e+00
5.309734062405285115e+00 -3.092893185513717391e+00
5.390184578502334567e+00 -3.083884308147841313e+00
5.470635094599384018e+00 -3.092439649630716048e+00
5.551085610696433470e+00 -3.098003213422273472e+00
5.631536126793483810e+00 -3.102444402796468381e+00
5.711986642890533261e+00 -3.114886545955029451e+00
5.792437158987582713e+00 -3.116292821634151888e+00
5.872887675084633052e+00 -3.132120448548950442e+00
5.953338191181682504e+00 -3.140701068097237592e+00
6.033788707278731955e+00 -3.156510354074500313e+00
6.114239223375781407e+00 -3.144096819409528898e+00
6.194689739472831747e+00 -3.142063072728602524e+00
6.275140255569881198e+00 -3.151507464558866101e+00
6.355590771666931538e+00 -3.170073712494047236e+00
6.436041287763980989e+00 -3.173845453893502366e+00
6.516491803861030441e+00 -3.175098773968252353e+00
6.596942319958079892e+00 -3.181960704425023767e+00
6.677392836055131120e+00 -3.182186577973661556e+00
6.757843352152180572e+00 -3.158599750968057673e+00
6.838293868249230023e+00 -3.145666166746537318e+00
6.918744384346279475e+00 -3.160726862203933063e+00
6.999194900443328926e+00 -3.176206641304796019e+00
7.079645416540378378e+00 -3.184218474422152223e+00
7.160095932637429605e+00 -3.209473710234075128e+00
7.240546448734479057e+00 -3.245294648818719541e+00
7.320996964831528508e+00 -3.261978839095235116e+00
7.401447480928577960e+00 -3.257513018426361207e+00
7.481897997025627411e+00 -3.217708219607727127e+00
7.562348513122678639e+00 -3.192169479280356992e+00
7.642799029219728091e+00 -3.160179905393220245e+00
7.723249545316777542e+00 -3.138202501378907439e+00
7.803700061413826994e+00 -3.152172018466659953e+00
7.884150577510876445e+00 -3.176525941642634354e+00
7.964601093607927673e+00 -3.197922579256449627e+00
8.045051609704977125e+00 -3.204542386049119340e+00
8.125502125802025688e+00 -3.189747655258894810e+00
8.205952641899076028e+00 -3.181649500308478373e+00
8.286403157996124591e+00 -3.205856170593770038e+00
8.366853674093176707e+00 -3.228358935422174891e+00
8.447304190190225270e+00 -3.243821477849676782e+00
8.527754706287275610e+00 -3.266251491445017585e+00
8.608205222384324173e+00 -3.276840400976587464e+00
8.688655738481374513e+00 -3.273884827187850455e+00
8.769106254578423076e+00 -3.273587862000651771e+00
8.849556770675475192e+00 -3.265366682801251308e+00
8.930007286772523756e+00 -3.242768621478328672e+00
9.010457802869574095e+00 -3.246423111388337723e+00
9.090908318966622659e+00 -3.240047762443472479e+00
9.171358835063672998e+00 -3.228203260878443448e+00
9.251809351160723338e+00 -3.232947473770281910e+00
9.332259867257773678e+00 -3.247450794485966519e+00
9.412710383354822241e+00 -3.256306248370869572e+00
9.493160899451872581e+00 -3.265590338288875127e+00
9.573611415548921144e+00 -3.267724767917396633e+00
9.654061931645971484e+00 -3.270752860395265138e+00
9.734512447743021823e+00 -3.292357442393723854e+00
9.814962963840072163e+00 -3.301786924090440944e+00
9.895413479937120727e+00 -3.300357073693461096e+00
9.975863996034171066e+00 -3.299436033482522568e+00
1.005631451213121963e+01 -3.302133883187004404e+00
1.013676502822827175e+01 -3.309513994868893416e+00
1.021721554432532031e+01 -3.318123594631087414e+00
1.029766606042237065e+01 -3.318531178122214431e+00
