0.000000000000000000e+00 -1.549019599857431873e-01
8.045051609704977069e-02 -1.847775613997097999e-01
1.609010321940995414e-01 -4.672548093275656900e-01
2.413515482911492982e-01 -1.080708463367225924e+00
3.218020643881990828e-01 -1.441352988879570196e+00
4.022525804852488118e-01 -1.780951158577857463e+00
4.827030965822985964e-01 -2.248210674984607138e+00
5.631536126793483810e-01 -2.715306474073257537e+00
6.436041287763981655e-01 -2.805738070279022889e+00
7.240546448734478391e-01 -2.874408672966253686e+00
8.045051609704976237e-01 -2.947037238535470394e+00
8.849556770675472972e-01 -3.119180181801002316e+00
9.654061931645971928e-01 -3.333242464100510283e+00
1.045856709261647088e+00 -3.516643786650611503e+00
1.126307225358696762e+00 -3.528763922224191329e+00
1.206757741455746435e+00 -3.499224691728735070e+00
1.287208257552796331e+00 -3.483470835792957576e+00
1.367658773649846005e+00 -3.531895506452336964e+00
1.448109289746895678e+00 -3.600972909948098266e+00
1.528559805843945352e+00 -3.588401445425382086e+00
1.609010321940995247e+00 -3.528717384445361205e+00
1.689460838038045143e+00 -3.440921805068824835e+00
1.769911354135094594e+00 -3.396113417676502433e+00
1.850361870232144490e+00 -3.340832831922142532e+00
1.930812386329194386e+00 -3.212742900364622844e+00
2.011262902426244281e+00 -3.163032041970272878e+00
2.091713418523294177e+00 -3.136983825003334392e+00
2.172163934620343628e+00 -3.078841581976817565e+00
2.252614450717393524e+00 -3.017532494157006084e+00
2.333064966814443419e+00 -2.988089711215451860e+00
2.413515482911492871e+00 -2.967206305907247543e+00
2.493965999008542767e+00 -2.951457580905161748e+00
2.574416515105592662e+00 -2.960819537791651523e+00
2.654867031202642558e+00 -3.037701278668162974e+00
2.735317547299692009e+00 -3.109836423556552987e+00
2.815768063396741905e+00 -3.160561000261048914e+00
2.896218579493791356e+00 -3.184224527637521174e+00
2.976669095590841252e+00 -3.203591423429124951e+00
3.057119611687890703e+00 -3.197370247739413696e+00
3.137570127784940599e+00 -3.192206909527476100e+00
3.218020643881990495e+00 -3.179026296310720312e+00
3.298471159979039946e+00 -3.186795736267580725e+00
3.378921676076090286e+00 -3.223136112824722233e+00
3.459372192173139737e+00 -3.208226154342457725e+00
3.539822708270189189e+00 -3.145418854128086750e+00
3.620273224367239528e+00 -3.121298661818037168e+00
3.700723740464288980e+00 -3.135453279678495075e+00
3.781174256561339320e+00 -3.139864228476316299e+00
3.861624772658388771e+00 -3.116925442537781255e+00
3.942075288755438223e+00 -3.093182598532349559e+00
4.022525804852488562e+00 -3.123065288592147493e+00
4.102976320949538014e+00 -3.189868469016052810e+00
4.183426837046588354e+00 -3.222297172967875323e+00
4.263877353143637805e+00 -3.183024864069807780e+00
4.344327869240687257e+00 -3.115186148546148281e+00
4.424778385337737596e+00 -3.093183722460163487e+00
4.505228901434787048e+00 -3.101987036470153392e+00
4.585679417531836499e+00 -3.127210321199805687e+00
4.666129933628886839e+00 -3.148811503562505276e+00
4.746580449725936290e+00 -3.161094152627455856e+00
4.827030965822985742e+00 -3.139973191012001674e+00
4.907481481920036082e+00 -3.129128169934608739e+00
4.987931998017085533e+00 -3.137811425308512536e+00
5.068382514114135873e+00 -3.148519947135523189e+00
5.148833030211185324e+00 -3.168420010240152962e+00
5.229283546308234776e+00 -3.193753234823568654e+00
5.309734062405285115e+00 -3.202573461058143334e+00
5.390184578502334567e+00 -3.171422316511978146e+00
5.470635094599384018e+00 -3.143490328623707697e+00
5.551085610696433470e+00 -3.138386002917699980e+00
5.631536126793483810e+00 -3.103501921934754826e+00
5.711986642890533261e+00 -3.106669673637641349e+00
5.792437158987582713e+00 -3.166467792459644492e+00
5.872887675084633052e+00 -3.203856675747719596e+00
5.953338191181682504e+00 -3.180422366144481483e+00
6.033788707278731955e+00 -3.149245738464237832e+00
6.114239223375781407e+00 -3.154155748290258909e+00
6.194689739472831747e+00 -3.186479782996431087e+00
6.275140255569881198e+00 -3.189428112306570195e+00
6.355590771666931538e+00 -3.152582267597403565e+00
6.436041287763980989e+00 -3.130476427576875054e+00
6.516491803861030441e+00 -3.141713510836265932e+00
6.596942319958079892e+00 -3.150303776282581847e+00
6.677392836055131120e+00 -3.166972958790338133e+00
6.757843352152180572e+00 -3.200176757250448922e+00
6.838293868249230023e+00 -3.234399378903022537e+00
6.918744384346279475e+00 -3.241864457969777735e+00
6.999194900443328926e+00 -3.233887781159318742e+00
7.079645416540378378e+00 -3.211816283020350049e+00
7.160095932637429605e+00 -3.196073422551652943e+00
7.240546448734479057e+00 -3.189662202375870059e+00
7.320996964831528508e+00 -3.212205316902653873e+00
7.401447480928577960e+00 -3.209356938809596382e+00
7.481897997025627411e+00 -3.190704762084211055e+00
7.562348513122678639e+00 -3.202886502312073613e+00
7.642799029219728091e+00 -3.214344681614750510e+00
7.723249545316777542e+00 -3.212606420023338849e+00
7.803700061413826994e+00 -3.191678605680265068e+00
7.884150577510876445e+00 -3.193351383553626910e+00
7.964601093607927673e+00 -3.240577544873533444e+00
8.045051609704977125e+00 -3.243969158835017019e+00
8.125502125802025688e+00 -3.210743373655617017e+00
8.205952641899076028e+00 -3.206589491450058560e+00
8.286403157996124591e+00 -3.239127754667740611e+00
8.366853674093176707e+00 -3.266399366740555532e+00
8.447304190190225270e+00 -3.241032198080206594e+00
8.527754706287275610e+00 -3.210174790255049704e+00
8.608205222384324173e+00 -3.204647518739014878e+00
8.688655738481374513e+00 -3.212337851713440440e+00
8.769106254578423076e+00 -3.236776668232652199e+00
8.849556770675475192e+00 -3.255856679790304131e+00
8.930007286772523756e+00 -3.258399001598984768e+00
9.010457802869574095e+00 -3.259539713534939320e+00
9.090908318966622659e+00 -3.272793769183724333e+00
9.171358835063672998e+00 -3.274401510945752491e+00
9.251809351160723338e+00 -3.257264066688540627e+00
9.332259867257773678e+00 -3.240793490102416463e+00
9.412710383354822241e+00 -3.233128137085432119e+00
9.493160899451872581e+00 -3.234728409450632558e+00
9.573611415548921144e+00 -3.239612706512181362e+00
9.654061931645971484e+00 -3.248380076150840789e+00
9.734512447743021823e+00 -3.270104994512010421e+00
9.814962963840072163e+00 -3.294764770518862740e+00
9.895413479937120727e+00 -3.306717684473384988e+00
9.975863996034171066e+00 -3.289905711247455233e+00
1.005631451213121963e+01 -3.266916062177230184e+00
1.013676502822827175e+01 -3.254649172816306280e+00
1.021721554432532031e+01 -3.254877488733378676e+00
1.029766606042237065e+01 -3.266086710640116131e+00
