0.000000000000000000e+00 -1.549019599857431873e-01
8.045051609704977069e-02 -1.965059120724088892e-01
1.609010321940995414e-01 -5.272490113052952232e-01
2.413515482911492982e-01 -1.128632300181088510e+00
3.218020643881990828e-01 -1.483996765970690745e+00
4.022525804852488118e-01 -2.122263366000165963e+00
4.827030965822985964e-01 -2.710163219127460721e+00
5.631536126793483810e-01 -2.977127572271790701e+00
6.436041287763981655e-01 -3.122914302692352262e+00
7.240546448734478391e-01 -3.280093377617403494e+00
8.045051609704976237e-01 -3.382386680861259265e+00
8.849556770675472972e-01 -3.483934935181404402e+00
9.654061931645971928e-01 -3.624577984994653335e+00
1.045856709261647088e+00 -3.705919942236652442e+00
1.126307225358696762e+00 -3.684649626975297299e+00
1.206757741455746435e+00 -3.604107865961521995e+00
1.287208257552796331e+00 -3.522311531090264847e+00
1.367658773649846005e+00 -3.503773972959012273e+00
1.448109289746895678e+00 -3.501804490686468707e+00
1.528559805843945352e+00 -3.468414183873965495e+00
1.609010321940995247e+00 -3.433545151346677926e+00
1.689460838038045143e+00 -3.429027722368548137e+00
1.769911354135094594e+00 -3.432468679797048061e+00
1.850361870232144490e+00 -3.365068675710634061e+00
1.930812386329194386e+00 -3.309284323277276840e+00
2.011262902426244281e+00 -3.277361563513830678e+00
2.091713418523294177e+00 -3.233439715300467476e+00
2.172163934620343628e+00 -3.183198587707959604e+00
2.252614450717393524e+00 -3.110810707348136805e+00
2.333064966814443419e+00 -3.043719411293352106e+00
2.413515482911492871e+00 -3.036015928103487749e+00
2.493965999008542767e+00 -3.076668839180461301e+00
2.574416515105592662e+00 -3.114312519640793031e+00
2.654867031202642558e+00 -3.141670492217067068e+00
2.735317547299692009e+00 -3.184429721077208342e+00
2.815768063396741905e+00 -3.181940667333901018e+00
2.896218579493791356e+00 -3.139806122572547320e+00
2.976669095590841252e+00 -3.113551802561477455e+00
3.057119611687890703e+00 -3.112289355562690929e+00
3.137570127784940599e+00 -3.152624794819597120e+00
3.218020643881990495e+00 -3.161942798440240399e+00
3.298471159979039946e+00 -3.140091046021181942e+00
3.378921676076090286e+00 -3.106951949228516252e+00
3.459372192173139737e+00 -3.087589308196500237e+00
3.539822708270189189e+00 -3.083490525615884881e+00
3.620273224367239528e+00 -3.096650031150355087e+00
3.700723740464288980e+00 -3.103946368917578358e+00
3.781174256561339320e+00 -3.086285753604622872e+00
3.861624772658388771e+00 -3.060547211216464891e+00
3.942075288755438223e+00 -3.074166593691897376e+00
4.022525804852488562e+00 -3.089608466443018564e+00
4.102976320949538014e+00 -3.094198937055289367e+00
4.183426837046588354e+00 -3.108040823713424050e+00
4.263877353143637805e+00 -3.139790766224264118e+00
4.344327869240687257e+00 -3.134750922634157000e+00
4.424778385337737596e+00 -3.102185938041045699e+00
4.505228901434787048e+00 -3.105965909316541040e+00
4.585679417531836499e+00 -3.127536815002978976e+00
4.666129933628886839e+00 -3.114568573442946242e+00
4.746580449725936290e+00 -3.115718026873978808e+00
4.827030965822985742e+00 -3.120804197094293464e+00
4.907481481920036082e+00 -3.131213203499677800e+00
4.987931998017085533e+00 -3.153506548774659191e+00
5.068382514114135873e+00 -3.126072648332792969e+00
5.148833030211185324e+00 -3.113335092629783141e+00
5.229283546308234776e+00 -3.130956735753165798e+00
5.309734062405285115e+00 -3.183955019074472759e+00
5.390184578502334567e+00 -3.198727319414060855e+00
5.470635094599384018e+00 -3.182476306848765368e+00
5.551085610696433470e+00 -3.161796550799353511e+00
5.631536126793483810e+00 -3.142293934293990620e+00
5.711986642890533261e+00 -3.130586885004582154e+00
5.792437158987582713e+00 -3.134437417084078081e+00
5.872887675084633052e+00 -3.127760293250299473e+00
5.953338191181682504e+00 -3.136683959886463757e+00
6.033788707278731955e+00 -3.146346465214012511e+00
6.114239223375781407e+00 -3.153398170718007432e+00
6.194689739472831747e+00 -3.175813647465402845e+00
6.275140255569881198e+00 -3.182596158282789744e+00
6.355590771666931538e+00 -3.189122506611281604e+00
6.436041287763980989e+00 -3.182580175882573137e+00
6.516491803861030441e+00 -3.177361391223398446e+00
6.596942319958079892e+00 -3.141852515906317755e+00
6.677392836055131120e+00 -3.130151841854967643e+00
6.757843352152180572e+00 -3.137036746524155539e+00
6.838293868249230023e+00 -3.174173857080538230e+00
6.918744384346279475e+00 -3.212647801892195787e+00
6.999194900443328926e+00 -3.212609893234033009e+00
7.079645416540378378e+00 -3.208025294386940729e+00
7.160095932637429605e+00 -3.208057168059320841e+00
7.240546448734479057e+00 -3.194390920206394036e+00
7.320996964831528508e+00 -3.177615357160150200e+00
7.401447480928577960e+00 -3.187560303227431557e+00
7.481897997025627411e+00 -3.202882073620191949e+00
7.562348513122678639e+00 -3.225806851639560602e+00
7.642799029219728091e+00 -3.239408835528297281e+00
7.723249545316777542e+00 -3.236219272364070143e+00
7.803700061413826994e+00 -3.211098545426633866e+00
7.884150577510876445e+00 -3.217800031479773892e+00
7.964601093607927673e+00 -3.253378638246578358e+00
8.045051609704977125e+00 -3.256336486471831382e+00
8.125502125802025688e+00 -3.253657156984187449e+00
8.205952641899076028e+00 -3.275926176225517406e+00
8.286403157996124591e+00 -3.296868700595855017e+00
8.366853674093176707e+00 -3.249719147400079056e+00
8.447304190190225270e+00 -3.215693043030300124e+00
8.527754706287275610e+00 -3.228144267325782302e+00
8.608205222384324173e+00 -3.267485366916261569e+00
8.688655738481374513e+00 -3.273483435914233297e+00
8.769106254578423076e+00 -3.252041889873724223e+00
8.849556770675475192e+00 -3.245346375447158316e+00
8.930007286772523756e+00 -3.268553698537477459e+00
9.010457802869574095e+00 -3.265385693656834398e+00
9.090908318966622659e+00 -3.255358486137079677e+00
9.171358835063672998e+00 -3.242614030033259098e+00
9.251809351160723338e+00 -3.255343287256241336e+00
9.332259867257773678e+00 -3.288136863304157664e+00
9.412710383354822241e+00 -3.301346473412187787e+00
9.493160899451872581e+00 -3.285737697816059733e+00
9.573611415548921144e+00 -3.282095587128888603e+00
9.654061931645971484e+00 -3.304754540488431314e+00
9.734512447743021823e+00 -3.323001660381412314e+00
9.814962963840072163e+00 -3.318389821891902791e+00
9.895413479937120727e+00 -3.305096509378688374e+00
9.975863996034171066e+00 -3.297513237952656162e+00
1.005631451213121963e+01 -3.309050882042277042e+00
1.013676502822827175e+01 -3.339954373440617186e+00
1.021721554432532031e+01 -3.354115059567790880e+00
1.029766606042237065e+01 -3.363463223764112886e+00
