0.000000000000000000e+00 -1.549019599857431873e-01
8.045051609704977069e-02 -2.118106911117246527e-01
1.609010321940995414e-01 -6.025735215197975947e-01
2.413515482911492982e-01 -1.993707014287671164e+00
3.218020643881990828e-01 -2.130629590584025568e+00
4.022525804852488118e-01 -2.137178930716765457e+00
4.827030965822985964e-01 -2.397586699821395495e+00
5.631536126793483810e-01 -2.850556100232556123e+00
6.436041287763981655e-01 -3.064157574096384451e+00
7.240546448734478391e-01 -3.229884974279130017e+00
8.045051609704976237e-01 -3.388552581579623801e+00
8.849556770675472972e-01 -3.497851106794767517e+00
9.654061931645971928e-01 -3.569746809986416025e+00
1.045856709261647088e+00 -3.593782033078954274e+00
1.126307225358696762e+00 -3.598043701784016779e+00
1.206757741455746435e+00 -3.587149705131682964e+00
1.287208257552796331e+00 -3.592783864948272399e+00
1.367658773649846005e+00 -3.593002278389685777e+00
1.448109289746895678e+00 -3.509685954302737887e+00
1.528559805843945352e+00 -3.348242160911017340e+00
1.609010321940995247e+00 -3.234158810987203481e+00
1.689460838038045143e+00 -3.157193162125949915e+00
1.769911354135094594e+00 -3.092420800604525954e+00
1.850361870232144490e+00 -3.034020771433972197e+00
1.930812386329194386e+00 -3.002718838995495965e+00
2.011262902426244281e+00 -2.984802957109192967e+00
2.091713418523294177e+00 -2.962067031894682678e+00
2.172163934620343628e+00 -2.933581755254910828e+00
2.252614450717393524e+00 -2.980695567092521703e+00
2.333064966814443419e+00 -3.092703631810774123e+00
2.413515482911492871e+00 -3.223641079806212950e+00
2.493965999008542767e+00 -3.304230054681995377e+00
2.574416515105592662e+00 -3.362258764008034806e+00
2.654867031202642558e+00 -3.384532965420507189e+00
2.735317547299692009e+00 -3.408902740837176815e+00
2.815768063396741905e+00 -3.408380671526492822e+00
2.896218579493791356e+00 -3.402950832522876112e+00
2.976669095590841252e+00 -3.381813315229460937e+00
3.057119611687890703e+00 -3.421025534246497468e+00
3.137570127784940599e+00 -3.492603287779637355e+00
3.218020643881990495e+00 -3.507754789507471216e+00
3.298471159979039946e+00 -3.441209409746792680e+00
3.378921676076090286e+00 -3.361109631309399770e+00
3.459372192173139737e+00 -3.312518849167521040e+00
3.539822708270189189e+00 -3.297759546757061511e+00
3.620273224367239528e+00 -3.293053681063084159e+00
3.700723740464288980e+00 -3.311368410418227715e+00
3.781174256561339320e+00 -3.362177208379777849e+00
3.861624772658388771e+00 -3.361386343618787187e+00
3.942075288755438223e+00 -3.334476523866049646e+00
4.022525804852488562e+00 -3.325960229642559884e+00
4.102976320949538014e+00 -3.366887585868610255e+00
4.183426837046588354e+00 -3.391744703307904452e+00
4.263877353143637805e+00 -3.346545019286276013e+00
4.344327869240687257e+00 -3.318092567770829948e+00
4.424778385337737596e+00 -3.335711177184676135e+00
4.505228901434787048e+00 -3.360371507602269769e+00
4.585679417531836499e+00 -3.395971399616621422e+00
4.666129933628886839e+00 -3.414010731883793337e+00
4.746580449725936290e+00 -3.408009516223050372e+00
4.827030965822985742e+00 -3.397214535107790923e+00
4.907481481920036082e+00 -3.415372629510852853e+00
4.987931998017085533e+00 -3.427051302154264789e+00
5.068382514114135873e+00 -3.446528269141354350e+00
5.148833030211185324e+00 -3.441176011486395403e+00
5.229283546308234776e+00 -3.424522442534693401e+00
5.309734062405285115e+00 -3.396023979839990936e+00
5.390184578502334567e+00 -3.355590867291177393e+00
5.470635094599384018e+00 -3.334545085746962734e+00
5.551085610696433470e+00 -3.348456363690423210e+00
5.631536126793483810e+00 -3.354116349388670315e+00
5.711986642890533261e+00 -3.343195319248250197e+00
5.792437158987582713e+00 -3.336483653615438083e+00
5.872887675084633052e+00 -3.361535233481845353e+00
5.953338191181682504e+00 -3.397900577317629178e+00
6.033788707278731955e+00 -3.428994271062313359e+00
6.114239223375781407e+00 -3.444199817491788718e+00
6.194689739472831747e+00 -3.437972212963185115e+00
6.275140255569881198e+00 -3.418330848633263308e+00
6.355590771666931538e+00 -3.380065723525019106e+00
6.436041287763980989e+00 -3.379641045232953278e+00
6.516491803861030441e+00 -3.408916340269368295e+00
6.596942319958079892e+00 -3.420038792093103464e+00
6.677392836055131120e+00 -3.408503237340172465e+00
6.757843352152180572e+00 -3.400321353592106188e+00
6.838293868249230023e+00 -3.400123282989993889e+00
6.918744384346279475e+00 -3.383047319708909040e+00
6.999194900443328926e+00 -3.367280356431451960e+00
7.079645416540378378e+00 -3.396243140243667913e+00
7.160095932637429605e+00 -3.433502990796906573e+00
7.240546448734479057e+00 -3.446041832072385791e+00
7.320996964831528508e+00 -3.442691192109352816e+00
7.401447480928577960e+00 -3.443020560368806660e+00
7.481897997025627411e+00 -3.433267451593622344e+00
7.562348513122678639e+00 -3.428444133565489604e+00
7.642799029219728091e+00 -3.441244540229623450e+00
7.723249545316777542e+00 -3.456135808968427092e+00
7.803700061413826994e+00 -3.471697404556476130e+00
7.884150577510876445e+00 -3.499564543055824206e+00
7.964601093607927673e+00 -3.495839338700057475e+00
8.045051609704977125e+00 -3.466634723032236742e+00
8.125502125802025688e+00 -3.458902888779934237e+00
8.205952641899076028e+00 -3.428795211172805502e+00
8.286403157996124591e+00 -3.392218139983060432e+00
8.366853674093176707e+00 -3.391302040440852927e+00
8.447304190190225270e+00 -3.412426322162121384e+00
8.527754706287275610e+00 -3.464930068748728331e+00
8.608205222384324173e+00 -3.509366296510084915e+00
8.688655738481374513e+00 -3.527748505886100450e+00
8.769106254578423076e+00 -3.531709006572425036e+00
8.849556770675475192e+00 -3.540839506513745238e+00
8.930007286772523756e+00 -3.523539130288057208e+00
9.010457802869574095e+00 -3.488961696656861733e+00
9.090908318966622659e+00 -3.485779863789862265e+00
9.171358835063672998e+00 -3.509528991271303244e+00
9.251809351160723338e+00 -3.521275767563991632e+00
9.332259867257773678e+00 -3.520742125352344321e+00
9.412710383354822241e+00 -3.512186204325092209e+00
9.493160899451872581e+00 -3.497374929625050033e+00
9.573611415548921144e+00 -3.479906704248354465e+00
9.654061931645971484e+00 -3.481631114341901867e+00
9.734512447743021823e+00 -3.497276806707583674e+00
9.814962963840072163e+00 -3.504784650459592310e+00
9.895413479937120727e+00 -3.516057851566110504e+00
9.975863996034171066e+00 -3.529357530911289675e+00
1.005631451213121963e+01 -3.526384143715352693e+00
1.013676502822827175e+01 -3.520927020899683235e+00
1.021721554432532031e+01 -3.526365016425668131e+00
1.029766606042237065e+01 -3.537095059917615636e+00
