0.000000000000000000e+00 -1.549019599857431873e-01
8.045051609704977069e-02 -2.050163044531474743e-01
1.609010321940995414e-01 -5.368105228615605018e-01
2.413515482911492982e-01 -1.612366625911246798e+00
3.218020643881990828e-01 -2.195448319371559709e+00
4.022525804852488118e-01 -2.209574730159110878e+00
4.827030965822985964e-01 -2.443556979677178997e+00
5.631536126793483810e-01 -2.849410736455156634e+00
6.436041287763981655e-01 -3.301347323807025447e+00
7.240546448734478391e-01 -3.559511253928426378e+00
8.045051609704976237e-01 -3.653885902847979317e+00
8.849556770675472972e-01 -3.549954532367330273e+00
9.654061931645971928e-01 -3.440159444216236651e+00
1.045856709261647088e+00 -3.474727266277136017e+00
1.126307225358696762e+00 -3.576477380269809991e+00
1.206757741455746435e+00 -3.651921900774153684e+00
1.287208257552796331e+00 -3.642134268096286931e+00
1.367658773649846005e+00 -3.583916918173573496e+00
1.448109289746895678e+00 -3.525755148055361499e+00
1.528559805843945352e+00 -3.455402630666124075e+00
1.609010321940995247e+00 -3.333527814872667250e+00
1.689460838038045143e+00 -3.215665246982498449e+00
1.769911354135094594e+00 -3.111421211774316742e+00
1.850361870232144490e+00 -3.075894960085569174e+00
1.930812386329194386e+00 -3.013491866145530551e+00
2.011262902426244281e+00 -2.957493060261283446e+00
2.091713418523294177e+00 -2.946438995823826623e+00
2.172163934620343628e+00 -2.976232202731386778e+00
2.252614450717393524e+00 -3.051982348591435468e+00
2.333064966814443419e+00 -3.157235042135316139e+00
2.413515482911492871e+00 -3.247506818623260294e+00
2.493965999008542767e+00 -3.276742389871787342e+00
2.574416515105592662e+00 -3.282261924556692190e+00
2.654867031202642558e+00 -3.294191089936270522e+00
2.735317547299692009e+00 -3.305990755072168774e+00
2.815768063396741905e+00 -3.266483790724999281e+00
2.896218579493791356e+00 -3.253816221547805476e+00
2.976669095590841252e+00 -3.303293000250715483e+00
3.057119611687890703e+00 -3.338812369382170964e+00
3.137570127784940599e+00 -3.338152271375152580e+00
3.218020643881990495e+00 -3.360325369491564018e+00
3.298471159979039946e+00 -3.417103778129511049e+00
3.378921676076090286e+00 -3.467357670764824817e+00
3.459372192173139737e+00 -3.430059458350447343e+00
3.539822708270189189e+00 -3.354419477565433461e+00
3.620273224367239528e+00 -3.303365532021995232e+00
3.700723740464288980e+00 -3.286936620217108640e+00
3.781174256561339320e+00 -3.291830164510163748e+00
3.861624772658388771e+00 -3.335892895225905708e+00
3.942075288755438223e+00 -3.360421534831969925e+00
4.022525804852488562e+00 -3.342715692368602109e+00
4.102976320949538014e+00 -3.331034547811283275e+00
4.183426837046588354e+00 -3.358756361497671428e+00
4.263877353143637805e+00 -3.397798089859861648e+00
4.344327869240687257e+00 -3.421607476201782294e+00
4.424778385337737596e+00 -3.403171022271748392e+00
4.505228901434787048e+00 -3.372876434728906414e+00
4.585679417531836499e+00 -3.364373642368142736e+00
4.666129933628886839e+00 -3.337939758929124867e+00
4.746580449725936290e+00 -3.337216494187454252e+00
4.827030965822985742e+00 -3.325290954281835631e+00
4.907481481920036082e+00 -3.312466089877352360e+00
4.987931998017085533e+00 -3.281954376066685164e+00
5.068382514114135873e+00 -3.295650831099155020e+00
5.148833030211185324e+00 -3.335435395392940539e+00
5.229283546308234776e+00 -3.385652421740921181e+00
5.309734062405285115e+00 -3.412639025275704618e+00
5.390184578502334567e+00 -3.371790387441002235e+00
5.470635094599384018e+00 -3.324745327728791722e+00
5.551085610696433470e+00 -3.296021308748659173e+00
5.631536126793483810e+00 -3.288222386926351604e+00
5.711986642890533261e+00 -3.306172230933281053e+00
5.792437158987582713e+00 -3.342452470174558599e+00
5.872887675084633052e+00 -3.382711700098548935e+00
5.953338191181682504e+00 -3.386918917936714291e+00
6.033788707278731955e+00 -3.388112992940409018e+00
6.114239223375781407e+00 -3.399782624746475967e+00
6.194689739472831747e+00 -3.404269698559158286e+00
6.275140255569881198e+00 -3.388895782324630623e+00
6.355590771666931538e+00 -3.394650615505663716e+00
6.436041287763980989e+00 -3.414201129980272587e+00
6.516491803861030441e+00 -3.412313686311125860e+00
6.596942319958079892e+00 -3.405203438971619256e+00
6.677392836055131120e+00 -3.385909394886470469e+00
6.757843352152180572e+00 -3.368790129354338081e+00
6.838293868249230023e+00 -3.378214795690678507e+00
6.918744384346279475e+00 -3.413586607154189156e+00
6.999194900443328926e+00 -3.442168721455455938e+00
7.079645416540378378e+00 -3.435584536476761208e+00
7.160095932637429605e+00 -3.412927220104251091e+00
7.240546448734479057e+00 -3.415360510400764937e+00
7.320996964831528508e+00 -3.421908325003708118e+00
7.401447480928577960e+00 -3.397692781439654475e+00
7.481897997025627411e+00 -3.388212276196748363e+00
7.562348513122678639e+00 -3.384564577127600060e+00
7.642799029219728091e+00 -3.389487958534830980e+00
7.723249545316777542e+00 -3.399442399175132579e+00
7.803700061413826994e+00 -3.409849141430784325e+00
7.884150577510876445e+00 -3.421769507308443536e+00
7.964601093607927673e+00 -3.451771102044442152e+00
8.045051609704977125e+00 -3.485992769748897935e+00
8.125502125802025688e+00 -3.495700251113425416e+00
8.205952641899076028e+00 -3.478342791275332413e+00
8.286403157996124591e+00 -3.486154966489023899e+00
8.366853674093176707e+00 -3.471974862964072095e+00
8.447304190190225270e+00 -3.457453434425946437e+00
8.527754706287275610e+00 -3.470264903761956621e+00
8.608205222384324173e+00 -3.484873666840493378e+00
8.688655738481374513e+00 -3.477174035139078079e+00
8.769106254578423076e+00 -3.449827144486314001e+00
8.849556770675475192e+00 -3.454605070395262434e+00
8.930007286772523756e+00 -3.475892363008963315e+00
9.010457802869574095e+00 -3.477308268821035053e+00
9.090908318966622659e+00 -3.477182869166703938e+00
9.171358835063672998e+00 -3.466822327933618553e+00
9.251809351160723338e+00 -3.468604361823762083e+00
9.332259867257773678e+00 -3.489648462107493465e+00
9.412710383354822241e+00 -3.506819365247106024e+00
9.493160899451872581e+00 -3.501054858661572844e+00
9.573611415548921144e+00 -3.490910240167222955e+00
9.654061931645971484e+00 -3.492919541549143414e+00
9.734512447743021823e+00 -3.492215895685832461e+00
9.814962963840072163e+00 -3.473966994844618572e+00
9.895413479937120727e+00 -3.471779425803947827e+00
9.975863996034171066e+00 -3.485178658502466664e+00
1.005631451213121963e+01 -3.496096997815545837e+00
1.013676502822827175e+01 -3.508095119252403027e+00
1.021721554432532031e+01 -3.523783324744882872e+00
1.029766606042237065e+01 -3.524701506201487700e+00
