0.000000000000000000e+00 -1.549019599857431873e-01
8.045051609704977069e-02 -1.989714400470642408e-01
1.609010321940995414e-01 -5.627905082219405442e-01
2.413515482911492982e-01 -1.952589597605936422e+00
3.218020643881990828e-01 -2.466681180391831152e+00
4.022525804852488118e-01 -2.313734450406982557e+00
4.827030965822985964e-01 -2.452581871798861890e+00
5.631536126793483810e-01 -2.812365713454297644e+00
6.436041287763981655e-01 -3.145744313326583441e+00
7.240546448734478391e-01 -3.362245605504031953e+00
8.045051609704976237e-01 -3.581201176822202736e+00
8.849556770675472972e-01 -3.729256193011012410e+00
9.654061931645971928e-01 -3.731941575007175604e+00
1.045856709261647088e+00 -3.632212539115623695e+00
1.126307225358696762e+00 -3.589040764442147147e+00
1.206757741455746435e+00 -3.604834884320795130e+00
1.287208257552796331e+00 -3.631444577016539998e+00
1.367658773649846005e+00 -3.584586440487555592e+00
1.448109289746895678e+00 -3.493502296905173221e+00
1.528559805843945352e+00 -3.425971742923640928e+00
1.609010321940995247e+00 -3.323720577110321983e+00
1.689460838038045143e+00 -3.181095197837508604e+00
1.769911354135094594e+00 -3.047520988589894841e+00
1.850361870232144490e+00 -2.990003883895102188e+00
1.930812386329194386e+00 -2.943956999823119869e+00
2.011262902426244281e+00 -2.930125386195891579e+00
2.091713418523294177e+00 -2.932346223730300405e+00
2.172163934620343628e+00 -2.959887465033200105e+00
2.252614450717393524e+00 -3.026968495643834967e+00
2.333064966814443419e+00 -3.107889905842966982e+00
2.413515482911492871e+00 -3.178141157419712037e+00
2.493965999008542767e+00 -3.245170907715657194e+00
2.574416515105592662e+00 -3.296437436198138560e+00
2.654867031202642558e+00 -3.343208032258855322e+00
2.735317547299692009e+00 -3.375407218390644282e+00
2.815768063396741905e+00 -3.362875511246361082e+00
2.896218579493791356e+00 -3.381820388283696133e+00
2.976669095590841252e+00 -3.389235739870985586e+00
3.057119611687890703e+00 -3.377747353852030621e+00
3.137570127784940599e+00 -3.375053872392800969e+00
3.218020643881990495e+00 -3.403747516719775490e+00
3.298471159979039946e+00 -3.426933601489844161e+00
3.378921676076090286e+00 -3.392247321260879911e+00
3.459372192173139737e+00 -3.387746972062096074e+00
3.539822708270189189e+00 -3.392943787927097166e+00
3.620273224367239528e+00 -3.394364676204721487e+00
3.700723740464288980e+00 -3.362616938298768954e+00
3.781174256561339320e+00 -3.342636480084106410e+00
3.861624772658388771e+00 -3.348557321679482168e+00
3.942075288755438223e+00 -3.366165404133591110e+00
4.022525804852488562e+00 -3.348089693016532920e+00
4.102976320949538014e+00 -3.324704035262123991e+00
4.183426837046588354e+00 -3.342911700178341050e+00
4.263877353143637805e+00 -3.360916559546323068e+00
4.344327869240687257e+00 -3.337094396500469795e+00
4.424778385337737596e+00 -3.286356948150853441e+00
4.505228901434787048e+00 -3.280092640733814235e+00
4.585679417531836499e+00 -3.325523804572471320e+00
4.666129933628886839e+00 -3.386991278684747808e+00
4.746580449725936290e+00 -3.428100423230923344e+00
4.827030965822985742e+00 -3.451470663486848611e+00
4.907481481920036082e+00 -3.424588924772447029e+00
4.987931998017085533e+00 -3.389257595878291340e+00
5.068382514114135873e+00 -3.385516062762419676e+00
5.148833030211185324e+00 -3.391667453652263742e+00
5.229283546308234776e+00 -3.383791023493754935e+00
5.309734062405285115e+00 -3.378664685869267270e+00
5.390184578502334567e+00 -3.342452311369989104e+00
5.470635094599384018e+00 -3.294007170655471217e+00
5.551085610696433470e+00 -3.298030412025325653e+00
5.631536126793483810e+00 -3.335961121203235624e+00
5.711986642890533261e+00 -3.338874799300724838e+00
5.792437158987582713e+00 -3.302632484494656406e+00
5.872887675084633052e+00 -3.299733180781458941e+00
5.953338191181682504e+00 -3.338017914408036191e+00
6.033788707278731955e+00 -3.389930763149003656e+00
6.114239223375781407e+00 -3.430510575704821541e+00
6.194689739472831747e+00 -3.413556899744405015e+00
6.275140255569881198e+00 -3.344181471655113924e+00
6.355590771666931538e+00 -3.267921351685309617e+00
6.436041287763980989e+00 -3.241640366198410561e+00
6.516491803861030441e+00 -3.260815389998345637e+00
6.596942319958079892e+00 -3.288300761514400872e+00
6.677392836055131120e+00 -3.303882007406151899e+00
6.757843352152180572e+00 -3.337126877223963284e+00
6.838293868249230023e+00 -3.372598810305236228e+00
6.918744384346279475e+00 -3.389577876454779926e+00
6.999194900443328926e+00 -3.374563195118613468e+00
7.079645416540378378e+00 -3.344291410412572052e+00
7.160095932637429605e+00 -3.331390373226010837e+00
7.240546448734479057e+00 -3.367186053490500708e+00
7.320996964831528508e+00 -3.418954265181859853e+00
7.401447480928577960e+00 -3.444657607145005684e+00
7.481897997025627411e+00 -3.434159442384403516e+00
7.562348513122678639e+00 -3.445336642456160448e+00
7.642799029219728091e+00 -3.436698776388504406e+00
7.723249545316777542e+00 -3.413424171539841012e+00
7.803700061413826994e+00 -3.393434842898889414e+00
7.884150577510876445e+00 -3.375567666682773638e+00
7.964601093607927673e+00 -3.395678753438450048e+00
8.045051609704977125e+00 -3.435830389175713151e+00
8.125502125802025688e+00 -3.455154936109402275e+00
8.205952641899076028e+00 -3.435088959328020941e+00
8.286403157996124591e+00 -3.407872505751646131e+00
8.366853674093176707e+00 -3.397065118347160517e+00
8.447304190190225270e+00 -3.403720186397173109e+00
8.527754706287275610e+00 -3.415126405091176487e+00
8.608205222384324173e+00 -3.424957320916095949e+00
8.688655738481374513e+00 -3.451862638526661087e+00
8.769106254578423076e+00 -3.479325377034269806e+00
8.849556770675475192e+00 -3.487197587589021985e+00
8.930007286772523756e+00 -3.485895334854081540e+00
9.010457802869574095e+00 -3.488412182788961147e+00
9.090908318966622659e+00 -3.491389564687196856e+00
9.171358835063672998e+00 -3.476831369801685057e+00
9.251809351160723338e+00 -3.470530442697379314e+00
9.332259867257773678e+00 -3.465223503638793279e+00
9.412710383354822241e+00 -3.462804326415730660e+00
9.493160899451872581e+00 -3.491075597753727333e+00
9.573611415548921144e+00 -3.526963391301444872e+00
9.654061931645971484e+00 -3.533948219311104033e+00
9.734512447743021823e+00 -3.514774682847947584e+00
9.814962963840072163e+00 -3.499585949185656908e+00
9.895413479937120727e+00 -3.512243180487048644e+00
9.975863996034171066e+00 -3.530666051026514207e+00
1.005631451213121963e+01 -3.523450302035354920e+00
1.013676502822827175e+01 -3.529843712648380816e+00
1.021721554432532031e+01 -3.542407070984513240e+00
1.029766606042237065e+01 -3.564749317661674244e+00
