0.000000000000000000e+00 -1.549019599857431873e-01
8.045051609704977069e-02 -1.969861228828087840e-01
1.609010321940995414e-01 -5.836329011219421048e-01
2.413515482911492982e-01 -1.874384449437136446e+00
3.218020643881990828e-01 -2.222277695357910865e+00
4.022525804852488118e-01 -2.210673186771259235e+00
4.827030965822985964e-01 -2.460917156615885837e+00
5.631536126793483810e-01 -2.883184894926514641e+00
6.436041287763981655e-01 -3.249193317961985628e+00
7.240546448734478391e-01 -3.532046223576268407e+00
8.045051609704976237e-01 -3.675851311420917700e+00
8.849556770675472972e-01 -3.769049538651069398e+00
9.654061931645971928e-01 -3.833314641035778791e+00
1.045856709261647088e+00 -3.886527918678345017e+00
1.126307225358696762e+00 -3.846820903729742280e+00
1.206757741455746435e+00 -3.763869742648274119e+00
1.287208257552796331e+00 -3.610638664963174538e+00
1.367658773649846005e+00 -3.463862574515417236e+00
1.448109289746895678e+00 -3.367865656783400219e+00
1.528559805843945352e+00 -3.296341298409598775e+00
1.609010321940995247e+00 -3.186511806297236404e+00
1.689460838038045143e+00 -3.054477635585011619e+00
1.769911354135094594e+00 -2.986445902388091600e+00
1.850361870232144490e+00 -2.951560542523317121e+00
1.930812386329194386e+00 -2.898319291829645650e+00
2.011262902426244281e+00 -2.874921482851450438e+00
2.091713418523294177e+00 -2.879928731578618173e+00
2.172163934620343628e+00 -2.965955608299770674e+00
2.252614450717393524e+00 -3.073883478365044386e+00
2.333064966814443419e+00 -3.099138805430346810e+00
2.413515482911492871e+00 -3.090715502142297400e+00
2.493965999008542767e+00 -3.115315085031567399e+00
2.574416515105592662e+00 -3.205650558993557109e+00
2.654867031202642558e+00 -3.277194656150982599e+00
2.735317547299692009e+00 -3.310824567056608991e+00
2.815768063396741905e+00 -3.368310795341076247e+00
2.896218579493791356e+00 -3.418650395593037405e+00
2.976669095590841252e+00 -3.462995312984505247e+00
3.057119611687890703e+00 -3.453022406182999937e+00
3.137570127784940599e+00 -3.406021983992637114e+00
3.218020643881990495e+00 -3.408913445076912740e+00
3.298471159979039946e+00 -3.414055609340785669e+00
3.378921676076090286e+00 -3.376298856471823040e+00
3.459372192173139737e+00 -3.349880447742783929e+00
3.539822708270189189e+00 -3.363260947032829851e+00
3.620273224367239528e+00 -3.348451180405532135e+00
3.700723740464288980e+00 -3.315455628423400469e+00
3.781174256561339320e+00 -3.310746924282721881e+00
3.861624772658388771e+00 -3.318157378714905459e+00
3.942075288755438223e+00 -3.345375271173895104e+00
4.022525804852488562e+00 -3.380305395634004118e+00
4.102976320949538014e+00 -3.371584878007098940e+00
4.183426837046588354e+00 -3.325156765061884290e+00
4.263877353143637805e+00 -3.305431452020531680e+00
4.344327869240687257e+00 -3.328801786499217652e+00
4.424778385337737596e+00 -3.396271196773944734e+00
4.505228901434787048e+00 -3.428898478067754496e+00
4.585679417531836499e+00 -3.424119598682649368e+00
4.666129933628886839e+00 -3.417373188361876757e+00
4.746580449725936290e+00 -3.399481689309224119e+00
4.827030965822985742e+00 -3.391474529824912043e+00
4.907481481920036082e+00 -3.373101875194885579e+00
4.987931998017085533e+00 -3.353878669984335481e+00
5.068382514114135873e+00 -3.378273907465429549e+00
5.148833030211185324e+00 -3.422870809328168562e+00
5.229283546308234776e+00 -3.431409981047031099e+00
5.309734062405285115e+00 -3.406413951916919647e+00
5.390184578502334567e+00 -3.393141615941889455e+00
5.470635094599384018e+00 -3.358806937715189456e+00
5.551085610696433470e+00 -3.316611475487012850e+00
5.631536126793483810e+00 -3.314093506264259581e+00
5.711986642890533261e+00 -3.347997704746490832e+00
5.792437158987582713e+00 -3.353967463579165642e+00
5.872887675084633052e+00 -3.331303707789488477e+00
5.953338191181682504e+00 -3.345206698243506693e+00
6.033788707278731955e+00 -3.382613746358738016e+00
6.114239223375781407e+00 -3.426409473653958759e+00
6.194689739472831747e+00 -3.433256939438298794e+00
6.275140255569881198e+00 -3.406504366079477819e+00
6.355590771666931538e+00 -3.371523437746561935e+00
6.436041287763980989e+00 -3.358472052710463895e+00
6.516491803861030441e+00 -3.370981719786545927e+00
6.596942319958079892e+00 -3.380708461499898565e+00
6.677392836055131120e+00 -3.384635527196647065e+00
6.757843352152180572e+00 -3.390342902649444490e+00
6.838293868249230023e+00 -3.409750185003911138e+00
6.918744384346279475e+00 -3.411612788484668091e+00
6.999194900443328926e+00 -3.376199024068677890e+00
7.079645416540378378e+00 -3.358984132827988134e+00
7.160095932637429605e+00 -3.374565658359424791e+00
7.240546448734479057e+00 -3.372410415380752813e+00
7.320996964831528508e+00 -3.351844742181723458e+00
7.401447480928577960e+00 -3.356897319357887710e+00
7.481897997025627411e+00 -3.358921509889047474e+00
7.562348513122678639e+00 -3.381963511351624430e+00
7.642799029219728091e+00 -3.415093501494487871e+00
7.723249545316777542e+00 -3.429736566087580485e+00
7.803700061413826994e+00 -3.390903860796362412e+00
7.884150577510876445e+00 -3.354625581934771450e+00
7.964601093607927673e+00 -3.368473994162956231e+00
8.045051609704977125e+00 -3.413854884032075265e+00
8.125502125802025688e+00 -3.439087746384521083e+00
8.205952641899076028e+00 -3.408866669920791903e+00
8.286403157996124591e+00 -3.386217969972026509e+00
8.366853674093176707e+00 -3.397833912400777479e+00
8.447304190190225270e+00 -3.430184805717573671e+00
8.527754706287275610e+00 -3.455252030145383735e+00
8.608205222384324173e+00 -3.456060631195137844e+00
8.688655738481374513e+00 -3.445787880223591948e+00
8.769106254578423076e+00 -3.434796861245684951e+00
8.849556770675475192e+00 -3.433077840661726832e+00
8.930007286772523756e+00 -3.424770601782859636e+00
9.010457802869574095e+00 -3.439864383136318704e+00
9.090908318966622659e+00 -3.465588974902675368e+00
9.171358835063672998e+00 -3.489789951316978556e+00
9.251809351160723338e+00 -3.497631415921864662e+00
9.332259867257773678e+00 -3.504241949660067412e+00
9.412710383354822241e+00 -3.515239369149455673e+00
9.493160899451872581e+00 -3.505890630915806216e+00
9.573611415548921144e+00 -3.482970535806708234e+00
9.654061931645971484e+00 -3.482510373947561799e+00
9.734512447743021823e+00 -3.494016029201380213e+00
9.814962963840072163e+00 -3.483080792112620117e+00
9.895413479937120727e+00 -3.436414076982166499e+00
9.975863996034171066e+00 -3.431984250459855001e+00
1.005631451213121963e+01 -3.482388454817061607e+00
1.013676502822827175e+01 -3.525227613197943199e+00
1.021721554432532031e+01 -3.528505269545195056e+00
1.029766606042237065e+01 -3.519381129045832779e+00
