0.000000000000000000e+00 -1.549019599857431873e-01
8.045051609704977069e-02 -2.119597903889790247e-01
1.609010321940995414e-01 -6.417130299837852103e-01
2.413515482911492982e-01 -1.769230616407176271e+00
3.218020643881990828e-01 -1.778879266974962459e+00
4.022525804852488118e-01 -1.795232131724193048e+00
4.827030965822985964e-01 -2.162178916725751243e+00
5.631536126793483810e-01 -2.873888024987178103e+00
6.436041287763981655e-01 -3.288013847231920472e+00
7.240546448734478391e-01 -3.438384139123126459e+00
8.045051609704976237e-01 -3.605345749769900188e+00
8.849556770675472972e-01 -3.677906718633300098e+00
9.654061931645971928e-01 -3.612376591371817103e+00
1.045856709261647088e+00 -3.544855207403875941e+00
1.126307225358696762e+00 -3.471222086485143521e+00
1.206757741455746435e+00 -3.447829301904320243e+00
1.287208257552796331e+00 -3.470488268832712553e+00
1.367658773649846005e+00 -3.482574415604460683e+00
1.448109289746895678e+00 -3.421321892804618070e+00
1.528559805843945352e+00 -3.351220659786632527e+00
1.609010321940995247e+00 -3.319007187090225131e+00
1.689460838038045143e+00 -3.257604110374246353e+00
1.769911354135094594e+00 -3.079080914442039241e+00
1.850361870232144490e+00 -2.933018451269116422e+00
1.930812386329194386e+00 -2.915926976345290633e+00
2.011262902426244281e+00 -3.002164662502338377e+00
2.091713418523294177e+00 -3.041921750897787824e+00
2.172163934620343628e+00 -3.056176829775643977e+00
2.252614450717393524e+00 -3.079114559808466378e+00
2.333064966814443419e+00 -3.154644490053869266e+00
2.413515482911492871e+00 -3.194938202434526531e+00
2.493965999008542767e+00 -3.205209038429426283e+00
2.574416515105592662e+00 -3.201031938486909922e+00
2.654867031202642558e+00 -3.209686516569978831e+00
2.735317547299692009e+00 -3.264288801456963096e+00
2.815768063396741905e+00 -3.340150835623667103e+00
2.896218579493791356e+00 -3.390952515262959821e+00
2.976669095590841252e+00 -3.409330765438089994e+00
3.057119611687890703e+00 -3.423253679562900498e+00
3.137570127784940599e+00 -3.438700890836456914e+00
3.218020643881990495e+00 -3.415998262577927935e+00
3.298471159979039946e+00 -3.381590673841578187e+00
3.378921676076090286e+00 -3.361118315120014355e+00
3.459372192173139737e+00 -3.321088914028102579e+00
3.539822708270189189e+00 -3.251869534554230334e+00
3.620273224367239528e+00 -3.225618265289638575e+00
3.700723740464288980e+00 -3.256658962111552036e+00
3.781174256561339320e+00 -3.343223457960726286e+00
3.861624772658388771e+00 -3.386645269282446691e+00
3.942075288755438223e+00 -3.373931609193100645e+00
4.022525804852488562e+00 -3.378062630382382192e+00
4.102976320949538014e+00 -3.422237449706308166e+00
4.183426837046588354e+00 -3.479683801520040198e+00
4.263877353143637805e+00 -3.490389088266390605e+00
4.344327869240687257e+00 -3.447808981400403816e+00
4.424778385337737596e+00 -3.400928010025092263e+00
4.505228901434787048e+00 -3.367057323587619777e+00
4.585679417531836499e+00 -3.383948962912059599e+00
4.666129933628886839e+00 -3.418638513971057780e+00
4.746580449725936290e+00 -3.429392158378996136e+00
4.827030965822985742e+00 -3.399103637211761786e+00
4.907481481920036082e+00 -3.374782436243334516e+00
4.987931998017085533e+00 -3.377120723510683931e+00
5.068382514114135873e+00 -3.425265780718958375e+00
5.148833030211185324e+00 -3.445811441557387944e+00
5.229283546308234776e+00 -3.421427125785248435e+00
5.309734062405285115e+00 -3.376239470501165574e+00
5.390184578502334567e+00 -3.367184928474403094e+00
5.470635094599384018e+00 -3.393787068113485628e+00
5.551085610696433470e+00 -3.404182249430404372e+00
5.631536126793483810e+00 -3.397423755161852021e+00
5.711986642890533261e+00 -3.400012245831103730e+00
5.792437158987582713e+00 -3.403363058176895883e+00
5.872887675084633052e+00 -3.382281809074795920e+00
5.953338191181682504e+00 -3.348725028665497039e+00
6.033788707278731955e+00 -3.351424287746799013e+00
6.114239223375781407e+00 -3.377676342915939323e+00
6.194689739472831747e+00 -3.389167001618363706e+00
6.275140255569881198e+00 -3.385310017042307162e+00
6.355590771666931538e+00 -3.383172948839094474e+00
6.436041287763980989e+00 -3.375210343828974668e+00
6.516491803861030441e+00 -3.366309616554134188e+00
6.596942319958079892e+00 -3.355023978097648740e+00
6.677392836055131120e+00 -3.376018541014807361e+00
6.757843352152180572e+00 -3.381839829080666604e+00
6.838293868249230023e+00 -3.375045167182064265e+00
6.918744384346279475e+00 -3.370469523214145724e+00
6.999194900443328926e+00 -3.399978177776061816e+00
7.079645416540378378e+00 -3.393442889261155671e+00
7.160095932637429605e+00 -3.379109784250871940e+00
7.240546448734479057e+00 -3.406556873504659411e+00
7.320996964831528508e+00 -3.444846111526348675e+00
7.401447480928577960e+00 -3.454927943162583226e+00
7.481897997025627411e+00 -3.442276150899185705e+00
7.562348513122678639e+00 -3.449440742952838868e+00
7.642799029219728091e+00 -3.465233394171711279e+00
7.723249545316777542e+00 -3.454418716246497212e+00
7.803700061413826994e+00 -3.449016819122023403e+00
7.884150577510876445e+00 -3.470693629545326786e+00
7.964601093607927673e+00 -3.466755506315490454e+00
8.045051609704977125e+00 -3.441457872626772385e+00
8.125502125802025688e+00 -3.445550913867832410e+00
8.205952641899076028e+00 -3.459955548474273446e+00
8.286403157996124591e+00 -3.479652723036219086e+00
8.366853674093176707e+00 -3.479892285302446098e+00
8.447304190190225270e+00 -3.483056530987964639e+00
8.527754706287275610e+00 -3.476231576619788655e+00
8.608205222384324173e+00 -3.470031482178107307e+00
8.688655738481374513e+00 -3.469059900913964878e+00
8.769106254578423076e+00 -3.456453362754273506e+00
8.849556770675475192e+00 -3.448591321139969246e+00
8.930007286772523756e+00 -3.459782948153404813e+00
9.010457802869574095e+00 -3.477967146272373355e+00
9.090908318966622659e+00 -3.481071615659252938e+00
9.171358835063672998e+00 -3.489625246875344367e+00
9.251809351160723338e+00 -3.515528268156842717e+00
9.332259867257773678e+00 -3.527612527560165745e+00
9.412710383354822241e+00 -3.521010755931480052e+00
9.493160899451872581e+00 -3.522955279045275834e+00
9.573611415548921144e+00 -3.537056537420675273e+00
9.654061931645971484e+00 -3.558532098530594823e+00
9.734512447743021823e+00 -3.563324863654978802e+00
9.814962963840072163e+00 -3.569101007097774669e+00
9.895413479937120727e+00 -3.570288519305383712e+00
9.975863996034171066e+00 -3.569450869180571306e+00
1.005631451213121963e+01 -3.548307425630213618e+00
1.013676502822827175e+01 -3.543253114412459936e+00
1.021721554432532031e+01 -3.540613838997836993e+00
1.029766606042237065e+01 -3.549729369821558844e+00
