0.000000000000000000e+00 -1.549019599857431873e-01
8.045051609704977069e-02 -1.930198729147126757e-01
1.609010321940995414e-01 -5.498580136524172657e-01
2.413515482911492982e-01 -1.551010735473463686e+00
3.218020643881990828e-01 -2.059597043354391754e+00
4.022525804852488118e-01 -2.218336800807802156e+00
4.827030965822985964e-01 -2.566340770555861628e+00
5.631536126793483810e-01 -3.083586289470281461e+00
6.436041287763981655e-01 -3.326783368122761431e+00
7.240546448734478391e-01 -3.537338627556121828e+00
8.045051609704976237e-01 -3.743785855521705841e+00
8.849556770675472972e-01 -3.865822367919998559e+00
9.654061931645971928e-01 -3.779556317360270423e+00
1.045856709261647088e+00 -3.678508988036815808e+00
1.126307225358696762e+00 -3.609717480857277838e+00
1.206757741455746435e+00 -3.604766750803996000e+00
1.287208257552796331e+00 -3.598965976060645833e+00
1.367658773649846005e+00 -3.570096549903159833e+00
1.448109289746895678e+00 -3.536965050425274981e+00
1.528559805843945352e+00 -3.500937641206133932e+00
1.609010321940995247e+00 -3.405560166900038155e+00
1.689460838038045143e+00 -3.286087245104477805e+00
1.769911354135094594e+00 -3.125103277858406692e+00
1.850361870232144490e+00 -2.992431158783675826e+00
1.930812386329194386e+00 -2.917746970799661277e+00
2.011262902426244281e+00 -2.899580253387681772e+00
2.091713418523294177e+00 -2.923968465499445113e+00
2.172163934620343628e+00 -2.955579398488017873e+00
2.252614450717393524e+00 -2.979488764496189823e+00
2.333064966814443419e+00 -3.026218091794960152e+00
2.413515482911492871e+00 -3.074300189923598658e+00
2.493965999008542767e+00 -3.125492312338373324e+00
2.574416515105592662e+00 -3.159478622137291026e+00
2.654867031202642558e+00 -3.224342999139498289e+00
2.735317547299692009e+00 -3.305568240668365299e+00
2.815768063396741905e+00 -3.370466239276056708e+00
2.896218579493791356e+00 -3.400820467370813560e+00
2.976669095590841252e+00 -3.366173615168230437e+00
3.057119611687890703e+00 -3.339769668947932590e+00
3.137570127784940599e+00 -3.357746931795849044e+00
3.218020643881990495e+00 -3.416937097617278152e+00
3.298471159979039946e+00 -3.443530215816281270e+00
3.378921676076090286e+00 -3.449626744789320743e+00
3.459372192173139737e+00 -3.441214088665655702e+00
3.539822708270189189e+00 -3.417505267317628714e+00
3.620273224367239528e+00 -3.373506640717237381e+00
3.700723740464288980e+00 -3.314502057562250581e+00
3.781174256561339320e+00 -3.292925124856767471e+00
3.861624772658388771e+00 -3.300468499375662113e+00
3.942075288755438223e+00 -3.323293581179314060e+00
4.022525804852488562e+00 -3.333527610709421829e+00
4.102976320949538014e+00 -3.343756673750468256e+00
4.183426837046588354e+00 -3.357217974268841942e+00
4.263877353143637805e+00 -3.372258214286687927e+00
4.344327869240687257e+00 -3.362788351365280981e+00
4.424778385337737596e+00 -3.342758631601631336e+00
4.505228901434787048e+00 -3.322219838717813012e+00
4.585679417531836499e+00 -3.302857498890826360e+00
4.666129933628886839e+00 -3.299851477866784677e+00
4.746580449725936290e+00 -3.322106067461695567e+00
4.827030965822985742e+00 -3.312120494013429450e+00
4.907481481920036082e+00 -3.312500071541928826e+00
4.987931998017085533e+00 -3.340253603928852844e+00
5.068382514114135873e+00 -3.381935298563770509e+00
5.148833030211185324e+00 -3.409477217697824081e+00
5.229283546308234776e+00 -3.416131861649871038e+00
5.309734062405285115e+00 -3.402152083509454528e+00
5.390184578502334567e+00 -3.380654126969747431e+00
5.470635094599384018e+00 -3.374038522210069502e+00
5.551085610696433470e+00 -3.366914810602994912e+00
5.631536126793483810e+00 -3.342193972310991246e+00
5.711986642890533261e+00 -3.331075499193838496e+00
5.792437158987582713e+00 -3.336917701747951437e+00
5.872887675084633052e+00 -3.354598531318672361e+00
5.953338191181682504e+00 -3.374089731250913271e+00
6.033788707278731955e+00 -3.368808575339832689e+00
6.114239223375781407e+00 -3.386668296348771090e+00
6.194689739472831747e+00 -3.411502152881356498e+00
6.275140255569881198e+00 -3.382967216910771402e+00
6.355590771666931538e+00 -3.337033476689447387e+00
6.436041287763980989e+00 -3.334412109133871649e+00
6.516491803861030441e+00 -3.333195284994538543e+00
6.596942319958079892e+00 -3.322782621662773384e+00
6.677392836055131120e+00 -3.324712494497503279e+00
6.757843352152180572e+00 -3.347491630100515092e+00
6.838293868249230023e+00 -3.383436403611359555e+00
6.918744384346279475e+00 -3.411712236809074206e+00
6.999194900443328926e+00 -3.389225713575604093e+00
7.079645416540378378e+00 -3.366121737641595502e+00
7.160095932637429605e+00 -3.356112889309923908e+00
7.240546448734479057e+00 -3.347791798662981044e+00
7.320996964831528508e+00 -3.335389466695098726e+00
7.401447480928577960e+00 -3.341797995020947099e+00
7.481897997025627411e+00 -3.389766884465809316e+00
7.562348513122678639e+00 -3.430210155983609344e+00
7.642799029219728091e+00 -3.422786583330445609e+00
7.723249545316777542e+00 -3.388967267503761427e+00
7.803700061413826994e+00 -3.383316044464137029e+00
7.884150577510876445e+00 -3.398834762073855043e+00
7.964601093607927673e+00 -3.409737281936696895e+00
8.045051609704977125e+00 -3.418978990535160634e+00
8.125502125802025688e+00 -3.445905689869111832e+00
8.205952641899076028e+00 -3.448288314582397707e+00
8.286403157996124591e+00 -3.433563702862372224e+00
8.366853674093176707e+00 -3.419148401017952477e+00
8.447304190190225270e+00 -3.438050533644810614e+00
8.527754706287275610e+00 -3.433372558124299534e+00
8.608205222384324173e+00 -3.424064325937997921e+00
8.688655738481374513e+00 -3.429359843777355810e+00
8.769106254578423076e+00 -3.444388073398404249e+00
8.849556770675475192e+00 -3.454259494169195310e+00
8.930007286772523756e+00 -3.476698181811358257e+00
9.010457802869574095e+00 -3.472932964530555111e+00
9.090908318966622659e+00 -3.472203437520980263e+00
9.171358835063672998e+00 -3.480285072918125611e+00
9.251809351160723338e+00 -3.498638561548550463e+00
9.332259867257773678e+00 -3.513595177854073714e+00
9.412710383354822241e+00 -3.505801575976414508e+00
9.493160899451872581e+00 -3.492212655684783229e+00
9.573611415548921144e+00 -3.492727430301687086e+00
9.654061931645971484e+00 -3.477738855677576346e+00
9.734512447743021823e+00 -3.460716532612365448e+00
9.814962963840072163e+00 -3.465386675075461387e+00
9.895413479937120727e+00 -3.493660507494912526e+00
9.975863996034171066e+00 -3.483816700217189588e+00
1.005631451213121963e+01 -3.478733666641001143e+00
1.013676502822827175e+01 -3.504920685848491146e+00
1.021721554432532031e+01 -3.522676152899539392e+00
1.029766606042237065e+01 -3.512378366407556740e+00
