0.000000000000000000e+00 -1.549019599857431873e-01
8.045051609704977069e-02 -3.949640366041234363e-01
1.609010321940995414e-01 -1.271953378480779717e+00
2.413515482911492982e-01 -3.794800183404515082e+00
3.218020643881990828e-01 -4.195996228696115438e+00
4.022525804852488118e-01 -4.478639843949843602e+00
4.827030965822985964e-01 -5.234394316522100077e+00
5.631536126793483810e-01 -6.252924598146071489e+00
6.436041287763981655e-01 -6.653218229999402489e+00
7.240546448734478391e-01 -6.659680803141606376e+00
8.045051609704976237e-01 -6.718991628737398969e+00
8.849556770675472972e-01 -6.918742765242201997e+00
9.654061931645971928e-01 -7.253429321549123898e+00
1.045856709261647088e+00 -7.375201703035123124e+00
1.126307225358696762e+00 -7.276420245830857780e+00
1.206757741455746435e+00 -7.177901447387165845e+00
1.287208257552796331e+00 -7.143813089374582148e+00
1.367658773649846005e+00 -7.012378729269007849e+00
1.448109289746895678e+00 -6.772355653557173838e+00
1.528559805843945352e+00 -6.673010575759888319e+00
1.609010321940995247e+00 -6.679568277388881370e+00
1.689460838038045143e+00 -6.633004931284754768e+00
1.769911354135094594e+00 -6.362849262456251154e+00
1.850361870232144490e+00 -6.125993838668257752e+00
1.930812386329194386e+00 -5.965685299558516341e+00
2.011262902426244281e+00 -5.828485749402394056e+00
2.091713418523294177e+00 -5.725970640820344570e+00
2.172163934620343628e+00 -5.813184919011628260e+00
2.252614450717393524e+00 -5.998421804594690876e+00
2.333064966814443419e+00 -6.173336413374681086e+00
2.413515482911492871e+00 -6.346112395060644396e+00
2.493965999008542767e+00 -6.452995404134964197e+00
2.574416515105592662e+00 -6.591565610389310770e+00
2.654867031202642558e+00 -6.699090942630076206e+00
2.735317547299692009e+00 -6.708088737327932982e+00
2.815768063396741905e+00 -6.731370894071257105e+00
2.896218579493791356e+00 -6.750630522931132305e+00
2.976669095590841252e+00 -6.790340729518741902e+00
3.057119611687890703e+00 -6.892124781847837056e+00
3.137570127784940599e+00 -6.993328865100018277e+00
3.218020643881990495e+00 -6.953002608334112544e+00
3.298471159979039946e+00 -6.837225953309269855e+00
3.378921676076090286e+00 -6.769867484301498983e+00
3.459372192173139737e+00 -6.707535063498223593e+00
3.539822708270189189e+00 -6.602231236560355043e+00
3.620273224367239528e+00 -6.571516625528512456e+00
3.700723740464288980e+00 -6.618577941222246963e+00
3.781174256561339320e+00 -6.715530996051577439e+00
3.861624772658388771e+00 -6.680279454396716332e+00
3.942075288755438223e+00 -6.647727516654861724e+00
4.022525804852488562e+00 -6.651841752779089845e+00
4.102976320949538014e+00 -6.653371666281071128e+00
4.183426837046588354e+00 -6.644732791522501181e+00
4.263877353143637805e+00 -6.661670482263492232e+00
4.344327869240687257e+00 -6.704154552540785517e+00
4.424778385337737596e+00 -6.646240930586530204e+00
4.505228901434787048e+00 -6.602684570186101887e+00
4.585679417531836499e+00 -6.651113745416868284e+00
4.666129933628886839e+00 -6.714286683842265901e+00
4.746580449725936290e+00 -6.771168134192977028e+00
4.827030965822985742e+00 -6.867418387426392989e+00
4.907481481920036082e+00 -6.863535340040099797e+00
4.987931998017085533e+00 -6.774211597752820779e+00
5.068382514114135873e+00 -6.716852401507994230e+00
5.148833030211185324e+00 -6.752605268362583679e+00
5.229283546308234776e+00 -6.746293399288019188e+00
5.309734062405285115e+00 -6.735156465656977787e+00
5.390184578502334567e+00 -6.724942814753235965e+00
5.470635094599384018e+00 -6.691498673198874592e+00
5.551085610696433470e+00 -6.748172557062514620e+00
5.631536126793483810e+00 -6.772836093049289019e+00
5.711986642890533261e+00 -6.818207846968000752e+00
5.792437158987582713e+00 -6.872048820124835977e+00
5.872887675084633052e+00 -6.864626820108053806e+00
5.953338191181682504e+00 -6.888709000498759671e+00
6.033788707278731955e+00 -6.881164626913323978e+00
6.114239223375781407e+00 -6.850610208807243140e+00
6.194689739472831747e+00 -6.822555328579880118e+00
6.275140255569881198e+00 -6.806327675926865162e+00
6.355590771666931538e+00 -6.764217458742317390e+00
6.436041287763980989e+00 -6.706554726941100775e+00
6.516491803861030441e+00 -6.688043102217188007e+00
6.596942319958079892e+00 -6.643574923461225801e+00
6.677392836055131120e+00 -6.699906564661024078e+00
6.757843352152180572e+00 -6.741261846358117538e+00
6.838293868249230023e+00 -6.743407065775651965e+00
6.918744384346279475e+00 -6.724722468740571557e+00
6.999194900443328926e+00 -6.720498171486627648e+00
7.079645416540378378e+00 -6.696503437857074914e+00
7.160095932637429605e+00 -6.736277304341917294e+00
7.240546448734479057e+00 -6.794059202982972501e+00
7.320996964831528508e+00 -6.825466547685933527e+00
7.401447480928577960e+00 -6.820711484081921405e+00
7.481897997025627411e+00 -6.825248452880709138e+00
7.562348513122678639e+00 -6.853785086073078681e+00
7.642799029219728091e+00 -6.915720851378963197e+00
7.723249545316777542e+00 -6.922109481603950343e+00
7.803700061413826994e+00 -6.876038012107863473e+00
7.884150577510876445e+00 -6.846079906482605004e+00
7.964601093607927673e+00 -6.874460465940654075e+00
8.045051609704977125e+00 -6.931536441640089308e+00
8.125502125802025688e+00 -6.940432249727897407e+00
8.205952641899076028e+00 -6.907446556728824127e+00
8.286403157996124591e+00 -6.908339078075527162e+00
8.366853674093176707e+00 -6.893802073272731867e+00
8.447304190190225270e+00 -6.813317116326811806e+00
8.527754706287275610e+00 -6.755146003834101798e+00
8.608205222384324173e+00 -6.870556556205497323e+00
8.688655738481374513e+00 -6.954933747148537293e+00
8.769106254578423076e+00 -6.945756570684242348e+00
8.849556770675475192e+00 -6.870849775116767866e+00
8.930007286772523756e+00 -6.862869855900095573e+00
9.010457802869574095e+00 -6.915494697941972468e+00
9.090908318966622659e+00 -6.945673211833921279e+00
9.171358835063672998e+00 -6.947210932971556119e+00
9.251809351160723338e+00 -6.959243135759449750e+00
9.332259867257773678e+00 -7.007751337456448404e+00
9.412710383354822241e+00 -7.066878877752798438e+00
9.493160899451872581e+00 -7.058739506945742370e+00
9.573611415548921144e+00 -6.961182848745746554e+00
9.654061931645971484e+00 -6.882915117761364776e+00
9.734512447743021823e+00 -6.893833170215619255e+00
9.814962963840072163e+00 -6.930539938574170833e+00
9.895413479937120727e+00 -7.005451315813532531e+00
9.975863996034171066e+00 -7.080122314601235978e+00
1.005631451213121963e+01 -7.124982573454081702e+00
1.013676502822827175e+01 -7.074319523212986738e+00
1.021721554432532031e+01 -7.051718155946083755e+00
1.029766606042237065e+01 -7.070083886552805730e+00
