0.000000000000000000e+00 -1.549019599857431873e-01
8.045051609704977069e-02 -1.860347341516508379e-01
1.609010321940995414e-01 -4.985310638918171167e-01
2.413515482911492982e-01 -1.566359739875757828e+00
3.218020643881990828e-01 -2.198722160773044276e+00
4.022525804852488118e-01 -2.386647628760859785e+00
4.827030965822985964e-01 -2.601777236389874570e+00
5.631536126793483810e-01 -2.918902385582517134e+00
6.436041287763981655e-01 -3.291593023906265625e+00
7.240546448734478391e-01 -3.392568419314029526e+00
8.045051609704976237e-01 -3.403954656999466533e+00
8.849556770675472972e-01 -3.490427878869858169e+00
9.654061931645971928e-01 -3.556483276126656268e+00
1.045856709261647088e+00 -3.518886814470691959e+00
1.126307225358696762e+00 -3.487679999665556529e+00
1.206757741455746435e+00 -3.461630154582846508e+00
1.287208257552796331e+00 -3.421394296636648846e+00
1.367658773649846005e+00 -3.398131738777924404e+00
1.448109289746895678e+00 -3.416197184971963896e+00
1.528559805843945352e+00 -3.442378454476112015e+00
1.609010321940995247e+00 -3.406119888495215520e+00
1.689460838038045143e+00 -3.279282717379581324e+00
1.769911354135094594e+00 -3.170021548204823514e+00
1.850361870232144490e+00 -3.087228614121736658e+00
1.930812386329194386e+00 -3.034849424252390904e+00
2.011262902426244281e+00 -2.994616694368923415e+00
2.091713418523294177e+00 -2.985601653775120212e+00
2.172163934620343628e+00 -2.999737480591675887e+00
2.252614450717393524e+00 -3.049581966009848433e+00
2.333064966814443419e+00 -3.054714693907678136e+00
2.413515482911492871e+00 -3.091545783598230734e+00
2.493965999008542767e+00 -3.139573103031843893e+00
2.574416515105592662e+00 -3.212133507490017692e+00
2.654867031202642558e+00 -3.269141887812807568e+00
2.735317547299692009e+00 -3.328760131625419838e+00
2.815768063396741905e+00 -3.355642575434296226e+00
2.896218579493791356e+00 -3.327202729224020494e+00
2.976669095590841252e+00 -3.319608294572168550e+00
3.057119611687890703e+00 -3.334025790203176243e+00
3.137570127784940599e+00 -3.383724405595445184e+00
3.218020643881990495e+00 -3.418847191588584966e+00
3.298471159979039946e+00 -3.453111921636781378e+00
3.378921676076090286e+00 -3.439547327106274199e+00
3.459372192173139737e+00 -3.433635809423768226e+00
3.539822708270189189e+00 -3.397674636381565527e+00
3.620273224367239528e+00 -3.373978544740441343e+00
3.700723740464288980e+00 -3.358417005292163360e+00
3.781174256561339320e+00 -3.338776473860711302e+00
3.861624772658388771e+00 -3.345507408770443725e+00
3.942075288755438223e+00 -3.372157861689393243e+00
4.022525804852488562e+00 -3.380624120563765267e+00
4.102976320949538014e+00 -3.363308992305686473e+00
4.183426837046588354e+00 -3.346567299326962619e+00
4.263877353143637805e+00 -3.351986572313519375e+00
4.344327869240687257e+00 -3.367776699731353851e+00
4.424778385337737596e+00 -3.358931016237217904e+00
4.505228901434787048e+00 -3.349462989328967577e+00
4.585679417531836499e+00 -3.375510406918656781e+00
4.666129933628886839e+00 -3.374383349749974670e+00
4.746580449725936290e+00 -3.366077561817780950e+00
4.827030965822985742e+00 -3.396665159433490899e+00
4.907481481920036082e+00 -3.427134081105001062e+00
4.987931998017085533e+00 -3.413754613539041305e+00
5.068382514114135873e+00 -3.367921412801847758e+00
5.148833030211185324e+00 -3.347206289743012153e+00
5.229283546308234776e+00 -3.360819881126143382e+00
5.309734062405285115e+00 -3.416929819724864092e+00
5.390184578502334567e+00 -3.449396504289725662e+00
5.470635094599384018e+00 -3.424369037204406219e+00
5.551085610696433470e+00 -3.388384763220961382e+00
5.631536126793483810e+00 -3.353480157370239301e+00
5.711986642890533261e+00 -3.327930638777157224e+00
5.792437158987582713e+00 -3.333886907521093512e+00
5.872887675084633052e+00 -3.377048800274161433e+00
5.953338191181682504e+00 -3.365154252457224437e+00
6.033788707278731955e+00 -3.346559284824771829e+00
6.114239223375781407e+00 -3.361991316407543007e+00
6.194689739472831747e+00 -3.392996862525655910e+00
6.275140255569881198e+00 -3.410911377242941800e+00
6.355590771666931538e+00 -3.422533353659527044e+00
6.436041287763980989e+00 -3.437469321633534136e+00
6.516491803861030441e+00 -3.424086555721658875e+00
6.596942319958079892e+00 -3.411983262570635667e+00
6.677392836055131120e+00 -3.401423595654296417e+00
6.757843352152180572e+00 -3.417915335366831897e+00
6.838293868249230023e+00 -3.422750698645118828e+00
6.918744384346279475e+00 -3.411521092045087578e+00
6.999194900443328926e+00 -3.406805252759190328e+00
7.079645416540378378e+00 -3.424561182897694955e+00
7.160095932637429605e+00 -3.442879123124230389e+00
7.240546448734479057e+00 -3.429445378181076531e+00
7.320996964831528508e+00 -3.423871545274476347e+00
7.401447480928577960e+00 -3.426189683741839520e+00
7.481897997025627411e+00 -3.409070134551064335e+00
7.562348513122678639e+00 -3.382813040287434792e+00
7.642799029219728091e+00 -3.358849250189506197e+00
7.723249545316777542e+00 -3.360493439195203269e+00
7.803700061413826994e+00 -3.361854830836388253e+00
7.884150577510876445e+00 -3.366352052142620455e+00
7.964601093607927673e+00 -3.392461017449240224e+00
8.045051609704977125e+00 -3.437410397493901204e+00
8.125502125802025688e+00 -3.460410807619770601e+00
8.205952641899076028e+00 -3.471877033200699181e+00
8.286403157996124591e+00 -3.472856877418392774e+00
8.366853674093176707e+00 -3.470482083067729207e+00
8.447304190190225270e+00 -3.460308915190961176e+00
8.527754706287275610e+00 -3.459559483779834910e+00
8.608205222384324173e+00 -3.484642699331024662e+00
8.688655738481374513e+00 -3.469225525378182962e+00
8.769106254578423076e+00 -3.425012480791926883e+00
8.849556770675475192e+00 -3.399974058948845634e+00
8.930007286772523756e+00 -3.403799483236934709e+00
9.010457802869574095e+00 -3.419220143127851053e+00
9.090908318966622659e+00 -3.438873075258913836e+00
9.171358835063672998e+00 -3.438187805676724551e+00
9.251809351160723338e+00 -3.425079932013770367e+00
9.332259867257773678e+00 -3.448019933503065459e+00
9.412710383354822241e+00 -3.493128360042229819e+00
9.493160899451872581e+00 -3.515890073345879774e+00
9.573611415548921144e+00 -3.497933515106350200e+00
9.654061931645971484e+00 -3.485087113659171454e+00
9.734512447743021823e+00 -3.496312250270363187e+00
9.814962963840072163e+00 -3.488929059715600633e+00
9.895413479937120727e+00 -3.471620074252690813e+00
9.975863996034171066e+00 -3.448835373210339839e+00
1.005631451213121963e+01 -3.411694331338773534e+00
1.013676502822827175e+01 -3.406498288964483923e+00
1.021721554432532031e+01 -3.453979006645030214e+00
1.029766606042237065e+01 -3.487341407349870526e+00
