0.000000000000000000e+00 -1.549019599857431873e-01
8.045051609704977069e-02 -2.048747369496318749e-01
1.609010321940995414e-01 -6.303079359942378446e-01
2.413515482911492982e-01 -2.089793097703954494e+00
3.218020643881990828e-01 -2.171787650379577439e+00
4.022525804852488118e-01 -2.111079961077235279e+00
4.827030965822985964e-01 -2.348350589005297806e+00
5.631536126793483810e-01 -2.821217590039310608e+00
6.436041287763981655e-01 -3.137241800136212344e+00
7.240546448734478391e-01 -3.243240671788031992e+00
8.045051609704976237e-01 -3.269471995810832698e+00
8.849556770675472972e-01 -3.273882758145852723e+00
9.654061931645971928e-01 -3.315451981905811252e+00
1.045856709261647088e+00 -3.400865017027452364e+00
1.126307225358696762e+00 -3.457480593710157812e+00
1.206757741455746435e+00 -3.510578903214232493e+00
1.287208257552796331e+00 -3.535988340493803506e+00
1.367658773649846005e+00 -3.504871570765649480e+00
1.448109289746895678e+00 -3.441095217870850043e+00
1.528559805843945352e+00 -3.401001424610504920e+00
1.609010321940995247e+00 -3.347317957167007307e+00
1.689460838038045143e+00 -3.254225102457043217e+00
1.769911354135094594e+00 -3.116305573780196347e+00
1.850361870232144490e+00 -2.956809033378850149e+00
1.930812386329194386e+00 -2.851453127101460705e+00
2.011262902426244281e+00 -2.842554838146400087e+00
2.091713418523294177e+00 -2.919531750607364806e+00
2.172163934620343628e+00 -2.992535297420651830e+00
2.252614450717393524e+00 -3.071524069789572486e+00
2.333064966814443419e+00 -3.153252299001722214e+00
2.413515482911492871e+00 -3.240734817750024810e+00
2.493965999008542767e+00 -3.303508479095521366e+00
2.574416515105592662e+00 -3.280757444156035874e+00
2.654867031202642558e+00 -3.224393710238007582e+00
2.735317547299692009e+00 -3.236969920444678017e+00
2.815768063396741905e+00 -3.303700423800134178e+00
2.896218579493791356e+00 -3.353089755466037936e+00
2.976669095590841252e+00 -3.352597054598028148e+00
3.057119611687890703e+00 -3.354771493539795646e+00
3.137570127784940599e+00 -3.382115529651300800e+00
3.218020643881990495e+00 -3.350178636721324210e+00
3.298471159979039946e+00 -3.283131478869458331e+00
3.378921676076090286e+00 -3.281958109580955352e+00
3.459372192173139737e+00 -3.298601005175925138e+00
3.539822708270189189e+00 -3.298758554843290725e+00
3.620273224367239528e+00 -3.282975136073424505e+00
3.700723740464288980e+00 -3.293801322438723922e+00
3.781174256561339320e+00 -3.311505316363301255e+00
3.861624772658388771e+00 -3.363130782885901837e+00
3.942075288755438223e+00 -3.403747061086364045e+00
4.022525804852488562e+00 -3.352699762464116606e+00
4.102976320949538014e+00 -3.304361981163379980e+00
4.183426837046588354e+00 -3.332490738183049306e+00
4.263877353143637805e+00 -3.362775308855968426e+00
4.344327869240687257e+00 -3.387328381921318243e+00
4.424778385337737596e+00 -3.389915276699649649e+00
4.505228901434787048e+00 -3.391229911657251961e+00
4.585679417531836499e+00 -3.376222589033065713e+00
4.666129933628886839e+00 -3.349553927557656685e+00
4.746580449725936290e+00 -3.359007477489270421e+00
4.827030965822985742e+00 -3.365531845803821476e+00
4.907481481920036082e+00 -3.362975125773930429e+00
4.987931998017085533e+00 -3.360143666379395100e+00
5.068382514114135873e+00 -3.370244156487192111e+00
5.148833030211185324e+00 -3.373683285866931225e+00
5.229283546308234776e+00 -3.379132304335112913e+00
5.309734062405285115e+00 -3.403330942257885905e+00
5.390184578502334567e+00 -3.429166138569430533e+00
5.470635094599384018e+00 -3.431107702119161829e+00
5.551085610696433470e+00 -3.412214263922022983e+00
5.631536126793483810e+00 -3.406389387947348801e+00
5.711986642890533261e+00 -3.405565955096618413e+00
5.792437158987582713e+00 -3.373124602881202971e+00
5.872887675084633052e+00 -3.347005080857029746e+00
5.953338191181682504e+00 -3.348446889208027688e+00
6.033788707278731955e+00 -3.378965355258660264e+00
6.114239223375781407e+00 -3.397308568537313889e+00
6.194689739472831747e+00 -3.413124918618509085e+00
6.275140255569881198e+00 -3.417683817145595881e+00
6.355590771666931538e+00 -3.408017193800838118e+00
6.436041287763980989e+00 -3.406263946474218152e+00
6.516491803861030441e+00 -3.402036588942427109e+00
6.596942319958079892e+00 -3.372140143192904560e+00
6.677392836055131120e+00 -3.371422691814121464e+00
6.757843352152180572e+00 -3.402865400841837307e+00
6.838293868249230023e+00 -3.417260921466208412e+00
6.918744384346279475e+00 -3.403232008241237061e+00
6.999194900443328926e+00 -3.400245412841209625e+00
7.079645416540378378e+00 -3.409960453455211482e+00
7.160095932637429605e+00 -3.415316416539467159e+00
7.240546448734479057e+00 -3.400464987103745784e+00
7.320996964831528508e+00 -3.408659000868661249e+00
7.401447480928577960e+00 -3.438621695618055085e+00
7.481897997025627411e+00 -3.449015054057352980e+00
7.562348513122678639e+00 -3.427198072087445091e+00
7.642799029219728091e+00 -3.399317997496800192e+00
7.723249545316777542e+00 -3.392935187107177786e+00
7.803700061413826994e+00 -3.409087361504230529e+00
7.884150577510876445e+00 -3.440424552823832638e+00
7.964601093607927673e+00 -3.464976629156425680e+00
8.045051609704977125e+00 -3.458500074726547080e+00
8.125502125802025688e+00 -3.438753557279454309e+00
8.205952641899076028e+00 -3.434179909263803232e+00
8.286403157996124591e+00 -3.453185926301155728e+00
8.366853674093176707e+00 -3.466876697260547591e+00
8.447304190190225270e+00 -3.452541097946103754e+00
8.527754706287275610e+00 -3.449592862304263097e+00
8.608205222384324173e+00 -3.457682919531348986e+00
8.688655738481374513e+00 -3.458297820272314471e+00
8.769106254578423076e+00 -3.476152127557157190e+00
8.849556770675475192e+00 -3.491141857042650454e+00
8.930007286772523756e+00 -3.487316338769633539e+00
9.010457802869574095e+00 -3.492180162214591821e+00
9.090908318966622659e+00 -3.496546849277236912e+00
9.171358835063672998e+00 -3.495011466860024285e+00
9.251809351160723338e+00 -3.521261538382241874e+00
9.332259867257773678e+00 -3.537856404583993086e+00
9.412710383354822241e+00 -3.526242020662087917e+00
9.493160899451872581e+00 -3.516257182553914618e+00
9.573611415548921144e+00 -3.516393775979908209e+00
9.654061931645971484e+00 -3.506014723772008068e+00
9.734512447743021823e+00 -3.492882140682441516e+00
9.814962963840072163e+00 -3.505711001212507671e+00
9.895413479937120727e+00 -3.538685501458961102e+00
9.975863996034171066e+00 -3.555026732104350717e+00
1.005631451213121963e+01 -3.532623633399325502e+00
1.013676502822827175e+01 -3.515979660846240140e+00
1.021721554432532031e+01 -3.523501877928481907e+00
1.029766606042237065e+01 -3.520837984212704885e+00
