0.000000000000000000e+00 -1.549019599857431873e-01
8.045051609704977069e-02 -2.101621898345766015e-01
1.609010321940995414e-01 -6.510209628713352625e-01
2.413515482911492982e-01 -2.266789430625329338e+00
3.218020643881990828e-01 -2.162265705952640893e+00
4.022525804852488118e-01 -2.014672716813669773e+00
4.827030965822985964e-01 -2.245066938310683824e+00
5.631536126793483810e-01 -2.855305438186266365e+00
6.436041287763981655e-01 -3.163683701767953771e+00
7.240546448734478391e-01 -3.307739801551270009e+00
8.045051609704976237e-01 -3.474318560670599521e+00
8.849556770675472972e-01 -3.473644883394457317e+00
9.654061931645971928e-01 -3.370544421048562445e+00
1.045856709261647088e+00 -3.328290970035096663e+00
1.126307225358696762e+00 -3.364080125749732364e+00
1.206757741455746435e+00 -3.394398775817987435e+00
1.287208257552796331e+00 -3.378129340385104040e+00
1.367658773649846005e+00 -3.333583108105550696e+00
1.448109289746895678e+00 -3.316610397888083650e+00
1.528559805843945352e+00 -3.333173371152410525e+00
1.609010321940995247e+00 -3.327327352275563754e+00
1.689460838038045143e+00 -3.255878613134951749e+00
1.769911354135094594e+00 -3.127816016780593955e+00
1.850361870232144490e+00 -3.032363217933167654e+00
1.930812386329194386e+00 -2.956016716377469766e+00
2.011262902426244281e+00 -2.908061637103562358e+00
2.091713418523294177e+00 -2.903771909225032921e+00
2.172163934620343628e+00 -2.962724102287054073e+00
2.252614450717393524e+00 -3.034423270584359678e+00
2.333064966814443419e+00 -3.075811616951617200e+00
2.413515482911492871e+00 -3.083434589285935612e+00
2.493965999008542767e+00 -3.140460332428704149e+00
2.574416515105592662e+00 -3.247089528652386203e+00
2.654867031202642558e+00 -3.322517790737934185e+00
2.735317547299692009e+00 -3.333431433269162358e+00
2.815768063396741905e+00 -3.358857134000866385e+00
2.896218579493791356e+00 -3.426469012685956272e+00
2.976669095590841252e+00 -3.422319758831492198e+00
3.057119611687890703e+00 -3.355696999037589556e+00
3.137570127784940599e+00 -3.323532438477430961e+00
3.218020643881990495e+00 -3.353969334622604048e+00
3.298471159979039946e+00 -3.401739945380326979e+00
3.378921676076090286e+00 -3.434476110297700391e+00
3.459372192173139737e+00 -3.418022649539494306e+00
3.539822708270189189e+00 -3.355123502437260541e+00
3.620273224367239528e+00 -3.341522260993522675e+00
3.700723740464288980e+00 -3.385158366537468488e+00
3.781174256561339320e+00 -3.398396397736012542e+00
3.861624772658388771e+00 -3.366306657054475515e+00
3.942075288755438223e+00 -3.340760316978591771e+00
4.022525804852488562e+00 -3.351338183605732102e+00
4.102976320949538014e+00 -3.390487685624791414e+00
4.183426837046588354e+00 -3.412914478172384580e+00
4.263877353143637805e+00 -3.399706968899663284e+00
4.344327869240687257e+00 -3.405560617288767133e+00
4.424778385337737596e+00 -3.413967297144822055e+00
4.505228901434787048e+00 -3.428272526199434456e+00
4.585679417531836499e+00 -3.418371890017611658e+00
4.666129933628886839e+00 -3.421072215552513729e+00
4.746580449725936290e+00 -3.417961188295496111e+00
4.827030965822985742e+00 -3.397702466405404742e+00
4.907481481920036082e+00 -3.377457181570442390e+00
4.987931998017085533e+00 -3.386206581248028424e+00
5.068382514114135873e+00 -3.411271704567293117e+00
5.148833030211185324e+00 -3.415716461315292829e+00
5.229283546308234776e+00 -3.378852072467684931e+00
5.309734062405285115e+00 -3.364182737461864026e+00
5.390184578502334567e+00 -3.364372729675367601e+00
5.470635094599384018e+00 -3.367652808879766368e+00
5.551085610696433470e+00 -3.352521165172050566e+00
5.631536126793483810e+00 -3.350292723109980830e+00
5.711986642890533261e+00 -3.394023899773487507e+00
5.792437158987582713e+00 -3.427408545616271951e+00
5.872887675084633052e+00 -3.390259745480197484e+00
5.953338191181682504e+00 -3.356638466505187157e+00
6.033788707278731955e+00 -3.346101162076562385e+00
6.114239223375781407e+00 -3.361759855633604133e+00
6.194689739472831747e+00 -3.393304678618128456e+00
6.275140255569881198e+00 -3.388562688850300209e+00
6.355590771666931538e+00 -3.389415293678283536e+00
6.436041287763980989e+00 -3.381866800105218118e+00
6.516491803861030441e+00 -3.364471090503462936e+00
6.596942319958079892e+00 -3.366767708625331146e+00
6.677392836055131120e+00 -3.362918097500510406e+00
6.757843352152180572e+00 -3.361922681624412323e+00
6.838293868249230023e+00 -3.380032023080572934e+00
6.918744384346279475e+00 -3.387805977277249525e+00
6.999194900443328926e+00 -3.397099600290481192e+00
7.079645416540378378e+00 -3.417870930622042280e+00
7.160095932637429605e+00 -3.407549428298272787e+00
7.240546448734479057e+00 -3.384316271411716315e+00
7.320996964831528508e+00 -3.366278165016171720e+00
7.401447480928577960e+00 -3.362968972114212640e+00
7.481897997025627411e+00 -3.375546386138356336e+00
7.562348513122678639e+00 -3.399591134112927460e+00
7.642799029219728091e+00 -3.418499792306693763e+00
7.723249545316777542e+00 -3.407591639642641557e+00
7.803700061413826994e+00 -3.380275725357023475e+00
7.884150577510876445e+00 -3.374091489913594977e+00
7.964601093607927673e+00 -3.395116479790933006e+00
8.045051609704977125e+00 -3.425681266999662355e+00
8.125502125802025688e+00 -3.456107435642912229e+00
8.205952641899076028e+00 -3.474168542070005028e+00
8.286403157996124591e+00 -3.467419684625726362e+00
8.366853674093176707e+00 -3.433442329877591792e+00
8.447304190190225270e+00 -3.428777376738636473e+00
8.527754706287275610e+00 -3.451175306509734586e+00
8.608205222384324173e+00 -3.463336154600822336e+00
8.688655738481374513e+00 -3.454722243879633226e+00
8.769106254578423076e+00 -3.452622756056791697e+00
8.849556770675475192e+00 -3.453107158950318389e+00
8.930007286772523756e+00 -3.473355414657229634e+00
9.010457802869574095e+00 -3.501803395780376249e+00
9.090908318966622659e+00 -3.528973967042462245e+00
9.171358835063672998e+00 -3.514519077010897163e+00
9.251809351160723338e+00 -3.483486762726895059e+00
9.332259867257773678e+00 -3.465972307401965047e+00
9.412710383354822241e+00 -3.497448219135335101e+00
9.493160899451872581e+00 -3.538458459907559917e+00
9.573611415548921144e+00 -3.563479255762781239e+00
9.654061931645971484e+00 -3.572507325162881386e+00
9.734512447743021823e+00 -3.548130172038601593e+00
9.814962963840072163e+00 -3.519882127054711596e+00
9.895413479937120727e+00 -3.505468850230142319e+00
9.975863996034171066e+00 -3.507522327752815361e+00
1.005631451213121963e+01 -3.524180337596658941e+00
1.013676502822827175e+01 -3.532482114564606590e+00
1.021721554432532031e+01 -3.512787983297328775e+00
1.029766606042237065e+01 -3.496879326904252405e+00
