0.000000000000000000e+00 -1.549019599857431873e-01
8.045051609704977069e-02 -2.094625832494108053e-01
1.609010321940995414e-01 -6.397344725048909053e-01
2.413515482911492982e-01 -1.558385160732170149e+00
3.218020643881990828e-01 -1.417076255428839859e+00
4.022525804852488118e-01 -1.238693321398971481e+00
4.827030965822985964e-01 -1.352891000102214525e+00
5.631536126793483810e-01 -1.705173465127240773e+00
6.436041287763981655e-01 -1.986358938442516209e+00
7.240546448734478391e-01 -2.146502819647095439e+00
8.045051609704976237e-01 -2.315054831108834588e+00
8.849556770675472972e-01 -2.497223487115621143e+00
9.654061931645971928e-01 -2.558170937687813673e+00
1.045856709261647088e+00 -2.653900140401349805e+00
1.126307225358696762e+00 -2.745033173669394699e+00
1.206757741455746435e+00 -2.771346291736286549e+00
1.287208257552796331e+00 -2.722744486589470991e+00
1.367658773649846005e+00 -2.616389220103338964e+00
1.448109289746895678e+00 -2.568711986361645216e+00
1.528559805843945352e+00 -2.578291918427132234e+00
1.609010321940995247e+00 -2.613203456947001513e+00
1.689460838038045143e+00 -2.654313803144403128e+00
1.769911354135094594e+00 -2.594805533274606724e+00
1.850361870232144490e+00 -2.574563839206663651e+00
1.930812386329194386e+00 -2.607470927033485708e+00
2.011262902426244281e+00 -2.623668043350047441e+00
2.091713418523294177e+00 -2.636569102603898873e+00
2.172163934620343628e+00 -2.622261900710569194e+00
2.252614450717393524e+00 -2.587010979003451894e+00
2.333064966814443419e+00 -2.532222462902415483e+00
2.413515482911492871e+00 -2.531314195614227103e+00
2.493965999008542767e+00 -2.583722356199157133e+00
2.574416515105592662e+00 -2.639279835635561788e+00
2.654867031202642558e+00 -2.685159577321299729e+00
2.735317547299692009e+00 -2.684929559708778335e+00
2.815768063396741905e+00 -2.673896991596512951e+00
2.896218579493791356e+00 -2.666675079106970880e+00
2.976669095590841252e+00 -2.663926997238606376e+00
3.057119611687890703e+00 -2.633779559347801058e+00
3.137570127784940599e+00 -2.645178252525030693e+00
3.218020643881990495e+00 -2.635021878593918565e+00
3.298471159979039946e+00 -2.611964173035734138e+00
3.378921676076090286e+00 -2.560641867570518482e+00
3.459372192173139737e+00 -2.529501440016287628e+00
3.539822708270189189e+00 -2.543130063131976648e+00
3.620273224367239528e+00 -2.581857734632141632e+00
3.700723740464288980e+00 -2.612396034714441040e+00
3.781174256561339320e+00 -2.629677384381662986e+00
3.861624772658388771e+00 -2.621008893766170633e+00
3.942075288755438223e+00 -2.619670346224157953e+00
4.022525804852488562e+00 -2.613756599770533207e+00
4.102976320949538014e+00 -2.613317473757174714e+00
4.183426837046588354e+00 -2.636835125964347437e+00
4.263877353143637805e+00 -2.663794607794341296e+00
4.344327869240687257e+00 -2.689146331407980206e+00
4.424778385337737596e+00 -2.663512875630473342e+00
4.505228901434787048e+00 -2.653788203255826428e+00
4.585679417531836499e+00 -2.661261455581140467e+00
4.666129933628886839e+00 -2.683115219159172504e+00
4.746580449725936290e+00 -2.674431618456651893e+00
4.827030965822985742e+00 -2.631405384511264600e+00
4.907481481920036082e+00 -2.580060653149665040e+00
4.987931998017085533e+00 -2.587785068071235095e+00
5.068382514114135873e+00 -2.609436294679677193e+00
5.148833030211185324e+00 -2.599919362214374363e+00
5.229283546308234776e+00 -2.597133166852457098e+00
5.309734062405285115e+00 -2.602760934716678687e+00
5.390184578502334567e+00 -2.584020646540582167e+00
5.470635094599384018e+00 -2.596468246378018652e+00
5.551085610696433470e+00 -2.622272537610683241e+00
5.631536126793483810e+00 -2.648262700072351539e+00
5.711986642890533261e+00 -2.654208632618384911e+00
5.792437158987582713e+00 -2.669968769624216254e+00
5.872887675084633052e+00 -2.691986963201135730e+00
5.953338191181682504e+00 -2.694793609247362554e+00
6.033788707278731955e+00 -2.682223693667429298e+00
6.114239223375781407e+00 -2.668650572657757181e+00
6.194689739472831747e+00 -2.669747180276756282e+00
6.275140255569881198e+00 -2.690225578586221022e+00
6.355590771666931538e+00 -2.696052686890409333e+00
6.436041287763980989e+00 -2.705044494832203217e+00
6.516491803861030441e+00 -2.700808703627151974e+00
6.596942319958079892e+00 -2.715762488753597825e+00
6.677392836055131120e+00 -2.722780663537892831e+00
6.757843352152180572e+00 -2.696040112746927342e+00
6.838293868249230023e+00 -2.694789993195380262e+00
6.918744384346279475e+00 -2.703140471567235359e+00
6.999194900443328926e+00 -2.691900246114674822e+00
7.079645416540378378e+00 -2.700176984895930499e+00
7.160095932637429605e+00 -2.715296531679643355e+00
7.240546448734479057e+00 -2.728313452289118146e+00
7.320996964831528508e+00 -2.717691370112639504e+00
7.401447480928577960e+00 -2.710508757006620861e+00
7.481897997025627411e+00 -2.705848329770816907e+00
7.562348513122678639e+00 -2.690024393349826237e+00
7.642799029219728091e+00 -2.682230837497479481e+00
7.723249545316777542e+00 -2.697148509484367906e+00
7.803700061413826994e+00 -2.711245142208817516e+00
7.884150577510876445e+00 -2.726831899591186659e+00
7.964601093607927673e+00 -2.748960205217437114e+00
8.045051609704977125e+00 -2.776017371991170712e+00
8.125502125802025688e+00 -2.794685258987762211e+00
8.205952641899076028e+00 -2.807845555730803966e+00
8.286403157996124591e+00 -2.794714819206702838e+00
8.366853674093176707e+00 -2.769054803764560369e+00
8.447304190190225270e+00 -2.746320064497327351e+00
8.527754706287275610e+00 -2.745409711702819777e+00
8.608205222384324173e+00 -2.762406033695713692e+00
8.688655738481374513e+00 -2.759082751062332584e+00
8.769106254578423076e+00 -2.757904753963138500e+00
8.849556770675475192e+00 -2.767809896938818071e+00
8.930007286772523756e+00 -2.756131348605250775e+00
9.010457802869574095e+00 -2.728326557438625954e+00
9.090908318966622659e+00 -2.754007663347735058e+00
9.171358835063672998e+00 -2.789463833182538544e+00
9.251809351160723338e+00 -2.825501205786311587e+00
9.332259867257773678e+00 -2.808238727540231849e+00
9.412710383354822241e+00 -2.799325736005069398e+00
9.493160899451872581e+00 -2.815170259746191395e+00
9.573611415548921144e+00 -2.814149604967555174e+00
9.654061931645971484e+00 -2.806363255310458715e+00
9.734512447743021823e+00 -2.820612321088076691e+00
9.814962963840072163e+00 -2.840610295499129467e+00
9.895413479937120727e+00 -2.856175085964387517e+00
9.975863996034171066e+00 -2.841350593078376452e+00
1.005631451213121963e+01 -2.846049381406603906e+00
1.013676502822827175e+01 -2.860457811704198328e+00
1.021721554432532031e+01 -2.846927794109921805e+00
1.029766606042237065e+01 -2.833942383558130995e+00
