0.000000000000000000e+00 -1.549019599857431873e-01
8.045051609704977069e-02 -3.939146599488501099e-01
1.609010321940995414e-01 -1.245325431513210512e+00
2.413515482911492982e-01 -3.196833755922360076e+00
3.218020643881990828e-01 -3.244527327358256663e+00
4.022525804852488118e-01 -2.910418396988669887e+00
4.827030965822985964e-01 -3.085254538393021218e+00
5.631536126793483810e-01 -3.606112417455898722e+00
6.436041287763981655e-01 -4.117064435354451213e+00
7.240546448734478391e-01 -4.475193990336591376e+00
8.045051609704976237e-01 -4.750063353043189274e+00
8.849556770675472972e-01 -5.069239665625263846e+00
9.654061931645971928e-01 -5.420525325668354100e+00
1.045856709261647088e+00 -5.625717640652812435e+00
1.126307225358696762e+00 -5.763155723187674440e+00
1.206757741455746435e+00 -5.769109771803236697e+00
1.287208257552796331e+00 -5.633768334324078531e+00
1.367658773649846005e+00 -5.477189653618875553e+00
1.448109289746895678e+00 -5.409925256358045331e+00
1.528559805843945352e+00 -5.384969367501300397e+00
1.609010321940995247e+00 -5.298763788444205147e+00
1.689460838038045143e+00 -5.202875436259907005e+00
1.769911354135094594e+00 -5.197352876318422688e+00
1.850361870232144490e+00 -5.300425780580613200e+00
1.930812386329194386e+00 -5.377477494372029376e+00
2.011262902426244281e+00 -5.389887769500322001e+00
2.091713418523294177e+00 -5.413462948207885539e+00
2.172163934620343628e+00 -5.429969243439857429e+00
2.252614450717393524e+00 -5.384083793968810205e+00
2.333064966814443419e+00 -5.363437436005032311e+00
2.413515482911492871e+00 -5.341347645501354435e+00
2.493965999008542767e+00 -5.330014727568213928e+00
2.574416515105592662e+00 -5.244456869751277672e+00
2.654867031202642558e+00 -5.220930941723692875e+00
2.735317547299692009e+00 -5.257458434643747403e+00
2.815768063396741905e+00 -5.288535674268995734e+00
2.896218579493791356e+00 -5.230446935445059786e+00
2.976669095590841252e+00 -5.247338395553611257e+00
3.057119611687890703e+00 -5.293034176065796181e+00
3.137570127784940599e+00 -5.236981001013591097e+00
3.218020643881990495e+00 -5.195339250659303687e+00
3.298471159979039946e+00 -5.265011816935436073e+00
3.378921676076090286e+00 -5.322078126361695638e+00
3.459372192173139737e+00 -5.250597045924196848e+00
3.539822708270189189e+00 -5.190713502065996465e+00
3.620273224367239528e+00 -5.200441000293047011e+00
3.700723740464288980e+00 -5.246720537592513445e+00
3.781174256561339320e+00 -5.239657528336696402e+00
3.861624772658388771e+00 -5.238081902459867933e+00
3.942075288755438223e+00 -5.203305521856921523e+00
4.022525804852488562e+00 -5.151112995095762592e+00
4.102976320949538014e+00 -5.200679173105665853e+00
4.183426837046588354e+00 -5.333690023592080998e+00
4.263877353143637805e+00 -5.345589914033967993e+00
4.344327869240687257e+00 -5.273041170173832448e+00
4.424778385337737596e+00 -5.242149845121348406e+00
4.505228901434787048e+00 -5.256612709433517772e+00
4.585679417531836499e+00 -5.244871900207392024e+00
4.666129933628886839e+00 -5.256195952365270152e+00
4.746580449725936290e+00 -5.253445912896712144e+00
4.827030965822985742e+00 -5.226534298711194459e+00
4.907481481920036082e+00 -5.207592191239425183e+00
4.987931998017085533e+00 -5.195016088396207543e+00
5.068382514114135873e+00 -5.285971886372005102e+00
5.148833030211185324e+00 -5.372726747816328086e+00
5.229283546308234776e+00 -5.412830462512716601e+00
5.309734062405285115e+00 -5.362248257509011573e+00
5.390184578502334567e+00 -5.272369370907294517e+00
5.470635094599384018e+00 -5.205858529895543541e+00
5.551085610696433470e+00 -5.240138138617532526e+00
5.631536126793483810e+00 -5.323519081375445161e+00
5.711986642890533261e+00 -5.401683203433135461e+00
5.792437158987582713e+00 -5.419770341168441696e+00
5.872887675084633052e+00 -5.384518216527700574e+00
5.953338191181682504e+00 -5.363356780434560989e+00
6.033788707278731955e+00 -5.321396425474990366e+00
6.114239223375781407e+00 -5.299389773645843071e+00
6.194689739472831747e+00 -5.320045508841930726e+00
6.275140255569881198e+00 -5.309676058157019263e+00
6.355590771666931538e+00 -5.286122666118108882e+00
6.436041287763980989e+00 -5.324781586360933794e+00
6.516491803861030441e+00 -5.392157555850896067e+00
6.596942319958079892e+00 -5.383736315334917144e+00
6.677392836055131120e+00 -5.332032718132913018e+00
6.757843352152180572e+00 -5.337042841029460583e+00
6.838293868249230023e+00 -5.350237276124958363e+00
6.918744384346279475e+00 -5.357250856507149273e+00
6.999194900443328926e+00 -5.405977810532305305e+00
7.079645416540378378e+00 -5.426337196768251658e+00
7.160095932637429605e+00 -5.417656293467613793e+00
7.240546448734479057e+00 -5.378510842277512083e+00
7.320996964831528508e+00 -5.399744793610274485e+00
7.401447480928577960e+00 -5.457152403000529617e+00
7.481897997025627411e+00 -5.475336777775855701e+00
7.562348513122678639e+00 -5.456979138295784182e+00
7.642799029219728091e+00 -5.435332056940917589e+00
7.723249545316777542e+00 -5.456988321552425525e+00
7.803700061413826994e+00 -5.442791955667320991e+00
7.884150577510876445e+00 -5.421194453474744712e+00
7.964601093607927673e+00 -5.451256242211686143e+00
8.045051609704977125e+00 -5.464930510736702551e+00
8.125502125802025688e+00 -5.473516702298026892e+00
8.205952641899076028e+00 -5.494619222477729714e+00
8.286403157996124591e+00 -5.569243407950650315e+00
8.366853674093176707e+00 -5.626224070761896456e+00
8.447304190190225270e+00 -5.645505380601735013e+00
8.527754706287275610e+00 -5.595676782013168982e+00
8.608205222384324173e+00 -5.553219628256937490e+00
8.688655738481374513e+00 -5.507377674391014999e+00
8.769106254578423076e+00 -5.513616096398946453e+00
8.849556770675475192e+00 -5.560190578092766955e+00
8.930007286772523756e+00 -5.552964159977545222e+00
9.010457802869574095e+00 -5.542790296109536108e+00
9.090908318966622659e+00 -5.533455936591027857e+00
9.171358835063672998e+00 -5.553927345525379700e+00
9.251809351160723338e+00 -5.589213492993643229e+00
9.332259867257773678e+00 -5.609036880743756726e+00
9.412710383354822241e+00 -5.569309913659401090e+00
9.493160899451872581e+00 -5.562055543938265068e+00
9.573611415548921144e+00 -5.602039756576174589e+00
9.654061931645971484e+00 -5.660264040324761936e+00
9.734512447743021823e+00 -5.673838862432430297e+00
9.814962963840072163e+00 -5.640367005823789803e+00
9.895413479937120727e+00 -5.620944491692635658e+00
9.975863996034171066e+00 -5.604173900923970386e+00
1.005631451213121963e+01 -5.596660333767434103e+00
1.013676502822827175e+01 -5.630113901112519414e+00
1.021721554432532031e+01 -5.713832606806423797e+00
1.029766606042237065e+01 -5.750386916485686228e+00
