0.000000000000000000e+00 -1.549019599857431873e-01
8.045051609704977069e-02 -1.963715149526601145e-01
1.609010321940995414e-01 -5.710370168677565417e-01
2.413515482911492982e-01 -1.572708822264946349e+00
3.218020643881990828e-01 -1.740772062143462806e+00
4.022525804852488118e-01 -1.584014155855908657e+00
4.827030965822985964e-01 -1.579310784773788834e+00
5.631536126793483810e-01 -1.670262207541883148e+00
6.436041287763981655e-01 -1.833023663711902396e+00
7.240546448734478391e-01 -2.096542906755422209e+00
8.045051609704976237e-01 -2.370513112960274338e+00
8.849556770675472972e-01 -2.581046749836767962e+00
9.654061931645971928e-01 -2.618921586006132340e+00
1.045856709261647088e+00 -2.664626486133358618e+00
1.126307225358696762e+00 -2.761722990571068959e+00
1.206757741455746435e+00 -2.798778371303021206e+00
1.287208257552796331e+00 -2.749867696971939779e+00
1.367658773649846005e+00 -2.699216696559500139e+00
1.448109289746895678e+00 -2.662979741515470788e+00
1.528559805843945352e+00 -2.673738151432438759e+00
1.609010321940995247e+00 -2.696187193136658777e+00
1.689460838038045143e+00 -2.693702113384835783e+00
1.769911354135094594e+00 -2.693896502176295282e+00
1.850361870232144490e+00 -2.682901986496472713e+00
1.930812386329194386e+00 -2.675377358034101594e+00
2.011262902426244281e+00 -2.673667239164531750e+00
2.091713418523294177e+00 -2.666677073404476239e+00
2.172163934620343628e+00 -2.661478071834799231e+00
2.252614450717393524e+00 -2.619701673272309961e+00
2.333064966814443419e+00 -2.583891466917521029e+00
2.413515482911492871e+00 -2.596360831243881506e+00
2.493965999008542767e+00 -2.605535260129043795e+00
2.574416515105592662e+00 -2.563824890410201451e+00
2.654867031202642558e+00 -2.560072607801641364e+00
2.735317547299692009e+00 -2.606891014310690480e+00
2.815768063396741905e+00 -2.634642562595565618e+00
2.896218579493791356e+00 -2.625144918860088161e+00
2.976669095590841252e+00 -2.660462019797972921e+00
3.057119611687890703e+00 -2.666336593002468724e+00
3.137570127784940599e+00 -2.631889834799550076e+00
3.218020643881990495e+00 -2.588429216390135679e+00
3.298471159979039946e+00 -2.569067361171326613e+00
3.378921676076090286e+00 -2.582876741749157823e+00
3.459372192173139737e+00 -2.592237385947545381e+00
3.539822708270189189e+00 -2.595188736954464392e+00
3.620273224367239528e+00 -2.632776076020436395e+00
3.700723740464288980e+00 -2.652902371727122954e+00
3.781174256561339320e+00 -2.663797594092608634e+00
3.861624772658388771e+00 -2.704636116504990806e+00
3.942075288755438223e+00 -2.714813302748789070e+00
4.022525804852488562e+00 -2.716430198033294996e+00
4.102976320949538014e+00 -2.695759058619761728e+00
4.183426837046588354e+00 -2.676624665593832830e+00
4.263877353143637805e+00 -2.674021541974855865e+00
4.344327869240687257e+00 -2.681702915118886921e+00
4.424778385337737596e+00 -2.660478510168163613e+00
4.505228901434787048e+00 -2.645397837373862693e+00
4.585679417531836499e+00 -2.652669433694363033e+00
4.666129933628886839e+00 -2.660236972760616325e+00
4.746580449725936290e+00 -2.632539208348631199e+00
4.827030965822985742e+00 -2.607559616484698140e+00
4.907481481920036082e+00 -2.630015488908044485e+00
4.987931998017085533e+00 -2.652072999682131726e+00
5.068382514114135873e+00 -2.632904533284472937e+00
5.148833030211185324e+00 -2.601983166057413754e+00
5.229283546308234776e+00 -2.602511046317165011e+00
5.309734062405285115e+00 -2.611771718491707972e+00
5.390184578502334567e+00 -2.640514815418234740e+00
5.470635094599384018e+00 -2.670005084434796672e+00
5.551085610696433470e+00 -2.679688571373429085e+00
5.631536126793483810e+00 -2.687518656083074386e+00
5.711986642890533261e+00 -2.682831528668897292e+00
5.792437158987582713e+00 -2.662093900210847686e+00
5.872887675084633052e+00 -2.642069962498978963e+00
5.953338191181682504e+00 -2.645901351860979744e+00
6.033788707278731955e+00 -2.668596803827557817e+00
6.114239223375781407e+00 -2.665882109358460372e+00
6.194689739472831747e+00 -2.654999409303892666e+00
6.275140255569881198e+00 -2.660685052835224162e+00
6.355590771666931538e+00 -2.665403186424626814e+00
6.436041287763980989e+00 -2.668941206949301037e+00
6.516491803861030441e+00 -2.686599576842928272e+00
6.596942319958079892e+00 -2.700922491201891873e+00
6.677392836055131120e+00 -2.690057404685147091e+00
6.757843352152180572e+00 -2.680695062938450501e+00
6.838293868249230023e+00 -2.697934627550296671e+00
6.918744384346279475e+00 -2.720644749817588970e+00
6.999194900443328926e+00 -2.714384832237249690e+00
7.079645416540378378e+00 -2.705056023043489688e+00
7.160095932637429605e+00 -2.691398285496358955e+00
7.240546448734479057e+00 -2.690987578788729628e+00
7.320996964831528508e+00 -2.709325248123603203e+00
7.401447480928577960e+00 -2.717117624235569906e+00
7.481897997025627411e+00 -2.714346045690628095e+00
7.562348513122678639e+00 -2.691398365667987402e+00
7.642799029219728091e+00 -2.674588269384215788e+00
7.723249545316777542e+00 -2.689658146691410234e+00
7.803700061413826994e+00 -2.717806514897802117e+00
7.884150577510876445e+00 -2.736991943254306392e+00
7.964601093607927673e+00 -2.718284082003603608e+00
8.045051609704977125e+00 -2.691016352964020086e+00
8.125502125802025688e+00 -2.694248709478807680e+00
8.205952641899076028e+00 -2.696894448142458156e+00
8.286403157996124591e+00 -2.712735911145018441e+00
8.366853674093176707e+00 -2.751216376837439359e+00
8.447304190190225270e+00 -2.772095475244739760e+00
8.527754706287275610e+00 -2.764777892868951703e+00
8.608205222384324173e+00 -2.729303243641438836e+00
8.688655738481374513e+00 -2.717061743010257047e+00
8.769106254578423076e+00 -2.726949698980032810e+00
8.849556770675475192e+00 -2.753997727895128200e+00
8.930007286772523756e+00 -2.776483621858223838e+00
9.010457802869574095e+00 -2.780427126339434007e+00
9.090908318966622659e+00 -2.765797665977657083e+00
9.171358835063672998e+00 -2.773293512949420059e+00
9.251809351160723338e+00 -2.788349632372442599e+00
9.332259867257773678e+00 -2.790350505542854354e+00
9.412710383354822241e+00 -2.785957229716387928e+00
9.493160899451872581e+00 -2.785516902670821082e+00
9.573611415548921144e+00 -2.796441328683981098e+00
9.654061931645971484e+00 -2.794563475544717956e+00
9.734512447743021823e+00 -2.768620010287103472e+00
9.814962963840072163e+00 -2.778265469403096599e+00
9.895413479937120727e+00 -2.796385369711467117e+00
9.975863996034171066e+00 -2.821694712066388000e+00
1.005631451213121963e+01 -2.838601498842791226e+00
1.013676502822827175e+01 -2.844557661623114964e+00
1.021721554432532031e+01 -2.826787830256148659e+00
1.029766606042237065e+01 -2.810442683049118706e+00
