0.000000000000000000e+00 -1.549019599857431873e-01
8.045051609704977069e-02 -2.109576128076382506e-01
1.609010321940995414e-01 -5.944505002240634273e-01
2.413515482911492982e-01 -1.426567403783459254e+00
3.218020643881990828e-01 -1.465922146183893604e+00
4.022525804852488118e-01 -1.333664990886656465e+00
4.827030965822985964e-01 -1.439287717459198257e+00
5.631536126793483810e-01 -1.740922657795955342e+00
6.436041287763981655e-01 -2.025197648589674326e+00
7.240546448734478391e-01 -2.147842134941294390e+00
8.045051609704976237e-01 -2.273323098107793427e+00
8.849556770675472972e-01 -2.416701157989748161e+00
9.654061931645971928e-01 -2.516207949451185311e+00
1.045856709261647088e+00 -2.607924085443163786e+00
1.126307225358696762e+00 -2.742122882675030571e+00
1.206757741455746435e+00 -2.833868967471496969e+00
1.287208257552796331e+00 -2.869814521228014392e+00
1.367658773649846005e+00 -2.816212530388263691e+00
1.448109289746895678e+00 -2.784206283407847593e+00
1.528559805843945352e+00 -2.800972000216900071e+00
1.609010321940995247e+00 -2.788352597516084330e+00
1.689460838038045143e+00 -2.727805502948332794e+00
1.769911354135094594e+00 -2.663534617415744599e+00
1.850361870232144490e+00 -2.622238019180985535e+00
1.930812386329194386e+00 -2.612255094912242281e+00
2.011262902426244281e+00 -2.611514796499509128e+00
2.091713418523294177e+00 -2.621217268261136102e+00
2.172163934620343628e+00 -2.625847375197230882e+00
2.252614450717393524e+00 -2.625405737265063877e+00
2.333064966814443419e+00 -2.612714015940776680e+00
2.413515482911492871e+00 -2.620333621439057570e+00
2.493965999008542767e+00 -2.667717295051478033e+00
2.574416515105592662e+00 -2.686559329183072720e+00
2.654867031202642558e+00 -2.669194866649612141e+00
2.735317547299692009e+00 -2.661751133310924722e+00
2.815768063396741905e+00 -2.676952745408464729e+00
2.896218579493791356e+00 -2.660313806724738939e+00
2.976669095590841252e+00 -2.621783734908627039e+00
3.057119611687890703e+00 -2.621698346229790477e+00
3.137570127784940599e+00 -2.655214875441779920e+00
3.218020643881990495e+00 -2.684685527469768740e+00
3.298471159979039946e+00 -2.661807230655904188e+00
3.378921676076090286e+00 -2.593831025872483043e+00
3.459372192173139737e+00 -2.580534665074203815e+00
3.539822708270189189e+00 -2.607531302628545156e+00
3.620273224367239528e+00 -2.567424409632637960e+00
3.700723740464288980e+00 -2.543253982454293016e+00
3.781174256561339320e+00 -2.578471649550832634e+00
3.861624772658388771e+00 -2.637965182851758961e+00
3.942075288755438223e+00 -2.651185031723467755e+00
4.022525804852488562e+00 -2.674368663987290340e+00
4.102976320949538014e+00 -2.718868982663549261e+00
4.183426837046588354e+00 -2.735425492637940881e+00
4.263877353143637805e+00 -2.747350236981413119e+00
4.344327869240687257e+00 -2.760171178442974771e+00
4.424778385337737596e+00 -2.750120699355135478e+00
4.505228901434787048e+00 -2.728239505550622557e+00
4.585679417531836499e+00 -2.712925971930373326e+00
4.666129933628886839e+00 -2.703899732492721419e+00
4.746580449725936290e+00 -2.686318485609099138e+00
4.827030965822985742e+00 -2.707021658433992783e+00
4.907481481920036082e+00 -2.746514364206974701e+00
4.987931998017085533e+00 -2.748493533574539960e+00
5.068382514114135873e+00 -2.720940197876366096e+00
5.148833030211185324e+00 -2.714561801143122288e+00
5.229283546308234776e+00 -2.711828990351844215e+00
5.309734062405285115e+00 -2.702639216776648645e+00
5.390184578502334567e+00 -2.673282428982512116e+00
5.470635094599384018e+00 -2.651362052753365450e+00
5.551085610696433470e+00 -2.638363000214468013e+00
5.631536126793483810e+00 -2.655504384481386371e+00
5.711986642890533261e+00 -2.672256699634991683e+00
5.792437158987582713e+00 -2.676998264646720305e+00
5.872887675084633052e+00 -2.661877476722111169e+00
5.953338191181682504e+00 -2.674570808063435834e+00
6.033788707278731955e+00 -2.711792368864360814e+00
6.114239223375781407e+00 -2.723728539522462189e+00
6.194689739472831747e+00 -2.701799482772254457e+00
6.275140255569881198e+00 -2.684926089725934606e+00
6.355590771666931538e+00 -2.658167719317134470e+00
6.436041287763980989e+00 -2.643926748029914897e+00
6.516491803861030441e+00 -2.668666217544634289e+00
6.596942319958079892e+00 -2.719562583423347668e+00
6.677392836055131120e+00 -2.748580800512475886e+00
6.757843352152180572e+00 -2.764944042355512721e+00
6.838293868249230023e+00 -2.755272422587767611e+00
6.918744384346279475e+00 -2.729963246019892598e+00
6.999194900443328926e+00 -2.721468061653237847e+00
7.079645416540378378e+00 -2.723679261360159476e+00
7.160095932637429605e+00 -2.703389164082485863e+00
7.240546448734479057e+00 -2.678400176043326475e+00
7.320996964831528508e+00 -2.667652540908108882e+00
7.401447480928577960e+00 -2.695022920243688613e+00
7.481897997025627411e+00 -2.714465412305929526e+00
7.562348513122678639e+00 -2.705313202057015864e+00
7.642799029219728091e+00 -2.685785626598053533e+00
7.723249545316777542e+00 -2.689169581625030503e+00
7.803700061413826994e+00 -2.709554849618263095e+00
7.884150577510876445e+00 -2.731432754616319958e+00
7.964601093607927673e+00 -2.740122502299889629e+00
8.045051609704977125e+00 -2.748115949690292048e+00
8.125502125802025688e+00 -2.783708050845369986e+00
8.205952641899076028e+00 -2.787920546315723946e+00
8.286403157996124591e+00 -2.765965448116568748e+00
8.366853674093176707e+00 -2.737926444351072686e+00
8.447304190190225270e+00 -2.732555414071232924e+00
8.527754706287275610e+00 -2.728936928570492970e+00
8.608205222384324173e+00 -2.739731692795055018e+00
8.688655738481374513e+00 -2.750095927771899262e+00
8.769106254578423076e+00 -2.747528983208081144e+00
8.849556770675475192e+00 -2.743499100843383331e+00
8.930007286772523756e+00 -2.729222571768332273e+00
9.010457802869574095e+00 -2.728427570967509208e+00
9.090908318966622659e+00 -2.748519431868222895e+00
9.171358835063672998e+00 -2.804330668544986693e+00
9.251809351160723338e+00 -2.788909018966989173e+00
9.332259867257773678e+00 -2.744415751704454287e+00
9.412710383354822241e+00 -2.736690499571496904e+00
9.493160899451872581e+00 -2.766273196072571494e+00
9.573611415548921144e+00 -2.800173262531004958e+00
9.654061931645971484e+00 -2.817541529972337866e+00
9.734512447743021823e+00 -2.827687656521524762e+00
9.814962963840072163e+00 -2.835631402791003453e+00
9.895413479937120727e+00 -2.848885348551528196e+00
9.975863996034171066e+00 -2.845693193432683898e+00
1.005631451213121963e+01 -2.829916683178499870e+00
1.013676502822827175e+01 -2.816154445658418215e+00
1.021721554432532031e+01 -2.822909704861254809e+00
1.029766606042237065e+01 -2.818383885120568255e+00
