0.000000000000000000e+00 -1.549019599857431873e-01
8.045051609704977069e-02 -2.112662057949001027e-01
1.609010321940995414e-01 -6.353814791731886569e-01
2.413515482911492982e-01 -1.709676963115657644e+00
3.218020643881990828e-01 -1.612211079541209902e+00
4.022525804852488118e-01 -1.515771459849630354e+00
4.827030965822985964e-01 -1.600979689368435599e+00
5.631536126793483810e-01 -1.794942453590272491e+00
6.436041287763981655e-01 -2.033843066223855800e+00
7.240546448734478391e-01 -2.232477480330444575e+00
8.045051609704976237e-01 -2.309578021313982266e+00
8.849556770675472972e-01 -2.404876884109505397e+00
9.654061931645971928e-01 -2.513903041718999365e+00
1.045856709261647088e+00 -2.566696337514506876e+00
1.126307225358696762e+00 -2.651610570386778942e+00
1.206757741455746435e+00 -2.758590281347101492e+00
1.287208257552796331e+00 -2.751534109155160390e+00
1.367658773649846005e+00 -2.711854724119671989e+00
1.448109289746895678e+00 -2.729193690160640617e+00
1.528559805843945352e+00 -2.771841207498907611e+00
1.609010321940995247e+00 -2.731384112828724398e+00
1.689460838038045143e+00 -2.685583824302732125e+00
1.769911354135094594e+00 -2.655162757681917451e+00
1.850361870232144490e+00 -2.668361206561523424e+00
1.930812386329194386e+00 -2.704451147081179396e+00
2.011262902426244281e+00 -2.725152345595930115e+00
2.091713418523294177e+00 -2.758898320298055040e+00
2.172163934620343628e+00 -2.774996478281581691e+00
2.252614450717393524e+00 -2.745167957212205412e+00
2.333064966814443419e+00 -2.684292736253579559e+00
2.413515482911492871e+00 -2.628563882021882847e+00
2.493965999008542767e+00 -2.613455156188119410e+00
2.574416515105592662e+00 -2.631028648208048271e+00
2.654867031202642558e+00 -2.654279658259909525e+00
2.735317547299692009e+00 -2.641240438363787302e+00
2.815768063396741905e+00 -2.623185808257126883e+00
2.896218579493791356e+00 -2.610109135309060413e+00
2.976669095590841252e+00 -2.660699563866430584e+00
3.057119611687890703e+00 -2.670866939192815703e+00
3.137570127784940599e+00 -2.646978623848649903e+00
3.218020643881990495e+00 -2.655700555307014543e+00
3.298471159979039946e+00 -2.702430976220143055e+00
3.378921676076090286e+00 -2.707000414298811108e+00
3.459372192173139737e+00 -2.688801751286834296e+00
3.539822708270189189e+00 -2.686730557837414324e+00
3.620273224367239528e+00 -2.717601891636342692e+00
3.700723740464288980e+00 -2.700078367477349861e+00
3.781174256561339320e+00 -2.668543039910062475e+00
3.861624772658388771e+00 -2.702774752644191203e+00
3.942075288755438223e+00 -2.736026453238861844e+00
4.022525804852488562e+00 -2.700926035519575219e+00
4.102976320949538014e+00 -2.635923192035954266e+00
4.183426837046588354e+00 -2.586802083127834884e+00
4.263877353143637805e+00 -2.565999785219569507e+00
4.344327869240687257e+00 -2.575952814828173398e+00
4.424778385337737596e+00 -2.592954145492885942e+00
4.505228901434787048e+00 -2.573504059784868847e+00
4.585679417531836499e+00 -2.573730578379666678e+00
4.666129933628886839e+00 -2.600272323368323590e+00
4.746580449725936290e+00 -2.636465495211956611e+00
4.827030965822985742e+00 -2.620738413499523300e+00
4.907481481920036082e+00 -2.594027827754607163e+00
4.987931998017085533e+00 -2.598402977166678340e+00
5.068382514114135873e+00 -2.625615259837212001e+00
5.148833030211185324e+00 -2.607493065315988012e+00
5.229283546308234776e+00 -2.617383561587637075e+00
5.309734062405285115e+00 -2.640273087865424806e+00
5.390184578502334567e+00 -2.636873605121497377e+00
5.470635094599384018e+00 -2.644182334283700531e+00
5.551085610696433470e+00 -2.677256969400841236e+00
5.631536126793483810e+00 -2.691913647375668184e+00
5.711986642890533261e+00 -2.654376679549239171e+00
5.792437158987582713e+00 -2.621122737025781912e+00
5.872887675084633052e+00 -2.630967076008910777e+00
5.953338191181682504e+00 -2.650960739743978944e+00
6.033788707278731955e+00 -2.670340597820189288e+00
6.114239223375781407e+00 -2.690334734232665781e+00
6.194689739472831747e+00 -2.683056672657311292e+00
6.275140255569881198e+00 -2.652110435937847566e+00
6.355590771666931538e+00 -2.653592580080160968e+00
6.436041287763980989e+00 -2.712024631841643885e+00
6.516491803861030441e+00 -2.736843097483994125e+00
6.596942319958079892e+00 -2.716040460303426052e+00
6.677392836055131120e+00 -2.706840952053954918e+00
6.757843352152180572e+00 -2.705203955554358775e+00
6.838293868249230023e+00 -2.719325930122777901e+00
6.918744384346279475e+00 -2.708581049770536264e+00
6.999194900443328926e+00 -2.684775162979256002e+00
7.079645416540378378e+00 -2.689816441668083868e+00
7.160095932637429605e+00 -2.701203319286686000e+00
7.240546448734479057e+00 -2.721491318753381350e+00
7.320996964831528508e+00 -2.730416915602085659e+00
7.401447480928577960e+00 -2.719479955232425805e+00
7.481897997025627411e+00 -2.728586297367161961e+00
7.562348513122678639e+00 -2.754616426039618649e+00
7.642799029219728091e+00 -2.750288704448622390e+00
7.723249545316777542e+00 -2.747060647103884534e+00
7.803700061413826994e+00 -2.744482091645414901e+00
7.884150577510876445e+00 -2.746341716106787789e+00
7.964601093607927673e+00 -2.728268147814369105e+00
8.045051609704977125e+00 -2.720166278153489436e+00
8.125502125802025688e+00 -2.729357734688052428e+00
8.205952641899076028e+00 -2.756635206363791557e+00
8.286403157996124591e+00 -2.747605673344774235e+00
8.366853674093176707e+00 -2.714061656850390136e+00
8.447304190190225270e+00 -2.704996654468549089e+00
8.527754706287275610e+00 -2.727165187927640400e+00
8.608205222384324173e+00 -2.743636132015196960e+00
8.688655738481374513e+00 -2.759352984219305860e+00
8.769106254578423076e+00 -2.783992420849265681e+00
8.849556770675475192e+00 -2.789933875825912235e+00
8.930007286772523756e+00 -2.780617100756683335e+00
9.010457802869574095e+00 -2.783173580988993034e+00
9.090908318966622659e+00 -2.784275732861489772e+00
9.171358835063672998e+00 -2.774383141668510966e+00
9.251809351160723338e+00 -2.791952702780390538e+00
9.332259867257773678e+00 -2.804080251548878078e+00
9.412710383354822241e+00 -2.774101690650374152e+00
9.493160899451872581e+00 -2.749435295991311534e+00
9.573611415548921144e+00 -2.756159730159023269e+00
9.654061931645971484e+00 -2.772119882298537341e+00
9.734512447743021823e+00 -2.793028879036014267e+00
9.814962963840072163e+00 -2.809736918823705132e+00
9.895413479937120727e+00 -2.805030167910454786e+00
9.975863996034171066e+00 -2.790719447990904101e+00
1.005631451213121963e+01 -2.822034881556302111e+00
1.013676502822827175e+01 -2.858161971355904996e+00
1.021721554432532031e+01 -2.836558312970288043e+00
1.029766606042237065e+01 -2.822507606377134159e+00
