0.000000000000000000e+00 -1.549019599857431873e-01
8.045051609704977069e-02 -1.992259706924756901e-01
1.609010321940995414e-01 -5.643087948225082862e-01
2.413515482911492982e-01 -1.638366255536537697e+00
3.218020643881990828e-01 -1.789315316195295491e+00
4.022525804852488118e-01 -1.545684956920331476e+00
4.827030965822985964e-01 -1.582469474790036967e+00
5.631536126793483810e-01 -1.804192368811132319e+00
6.436041287763981655e-01 -2.091787280529971316e+00
7.240546448734478391e-01 -2.310953172453228177e+00
8.045051609704976237e-01 -2.520126040210211471e+00
8.849556770675472972e-01 -2.666866508127051283e+00
9.654061931645971928e-01 -2.757110127357628837e+00
1.045856709261647088e+00 -2.739891728622692035e+00
1.126307225358696762e+00 -2.721677860566494633e+00
1.206757741455746435e+00 -2.686007448113719498e+00
1.287208257552796331e+00 -2.654928247382225770e+00
1.367658773649846005e+00 -2.658091561049056750e+00
1.448109289746895678e+00 -2.709508342198728048e+00
1.528559805843945352e+00 -2.727837461027933230e+00
1.609010321940995247e+00 -2.701640071961691092e+00
1.689460838038045143e+00 -2.668487796097495313e+00
1.769911354135094594e+00 -2.643504365936266254e+00
1.850361870232144490e+00 -2.637810285604720750e+00
1.930812386329194386e+00 -2.659579727771267166e+00
2.011262902426244281e+00 -2.686394392557724053e+00
2.091713418523294177e+00 -2.667270825537376933e+00
2.172163934620343628e+00 -2.629128702166562359e+00
2.252614450717393524e+00 -2.585908476884609897e+00
2.333064966814443419e+00 -2.585089891101662651e+00
2.413515482911492871e+00 -2.586564086383485339e+00
2.493965999008542767e+00 -2.576932454153779695e+00
2.574416515105592662e+00 -2.577773230096521040e+00
2.654867031202642558e+00 -2.626066956467432600e+00
2.735317547299692009e+00 -2.668665763240727795e+00
2.815768063396741905e+00 -2.663632814775671154e+00
2.896218579493791356e+00 -2.658213899026378613e+00
2.976669095590841252e+00 -2.631417470427909411e+00
3.057119611687890703e+00 -2.637517814330003763e+00
3.137570127784940599e+00 -2.642244335160824686e+00
3.218020643881990495e+00 -2.637976667617785154e+00
3.298471159979039946e+00 -2.578629699711581846e+00
3.378921676076090286e+00 -2.555416032974740848e+00
3.459372192173139737e+00 -2.572445852625028451e+00
3.539822708270189189e+00 -2.628601492813852580e+00
3.620273224367239528e+00 -2.676058108045292538e+00
3.700723740464288980e+00 -2.700039181600342619e+00
3.781174256561339320e+00 -2.665749216604710981e+00
3.861624772658388771e+00 -2.588511746064646069e+00
3.942075288755438223e+00 -2.563065892599403650e+00
4.022525804852488562e+00 -2.603621448443699915e+00
4.102976320949538014e+00 -2.630450995794029634e+00
4.183426837046588354e+00 -2.647179575627870651e+00
4.263877353143637805e+00 -2.636825734266270871e+00
4.344327869240687257e+00 -2.607655001942743134e+00
4.424778385337737596e+00 -2.591016374910395825e+00
4.505228901434787048e+00 -2.601833919958548069e+00
4.585679417531836499e+00 -2.654299995333121664e+00
4.666129933628886839e+00 -2.676374511190201311e+00
4.746580449725936290e+00 -2.653148569261973400e+00
4.827030965822985742e+00 -2.652780071649131433e+00
4.907481481920036082e+00 -2.701591874156830553e+00
4.987931998017085533e+00 -2.715109488478174349e+00
5.068382514114135873e+00 -2.690240361864692620e+00
5.148833030211185324e+00 -2.688845519453191724e+00
5.229283546308234776e+00 -2.698267619567501718e+00
5.309734062405285115e+00 -2.713655769836651910e+00
5.390184578502334567e+00 -2.719856492350460897e+00
5.470635094599384018e+00 -2.692182662850207908e+00
5.551085610696433470e+00 -2.665414597368723992e+00
5.631536126793483810e+00 -2.657785508438756050e+00
5.711986642890533261e+00 -2.628817031515765290e+00
5.792437158987582713e+00 -2.618690106795944050e+00
5.872887675084633052e+00 -2.638833709031022767e+00
5.953338191181682504e+00 -2.664367082344984095e+00
6.033788707278731955e+00 -2.664931330366918427e+00
6.114239223375781407e+00 -2.653078704135768628e+00
6.194689739472831747e+00 -2.650176890556172005e+00
6.275140255569881198e+00 -2.650059532031995957e+00
6.355590771666931538e+00 -2.670075774720207296e+00
6.436041287763980989e+00 -2.684497700266273768e+00
6.516491803861030441e+00 -2.667622495143321615e+00
6.596942319958079892e+00 -2.673507955996959673e+00
6.677392836055131120e+00 -2.706283045653569808e+00
6.757843352152180572e+00 -2.712028496139594846e+00
6.838293868249230023e+00 -2.683804991957964070e+00
6.918744384346279475e+00 -2.662964586865539829e+00
6.999194900443328926e+00 -2.654300362851854889e+00
7.079645416540378378e+00 -2.655222526734316801e+00
7.160095932637429605e+00 -2.682216205816577492e+00
7.240546448734479057e+00 -2.714997974006109871e+00
7.320996964831528508e+00 -2.733226876553671580e+00
7.401447480928577960e+00 -2.727672325629823202e+00
7.481897997025627411e+00 -2.711424486685702906e+00
7.562348513122678639e+00 -2.728688477754350750e+00
7.642799029219728091e+00 -2.756805655677823541e+00
7.723249545316777542e+00 -2.754289174590317302e+00
7.803700061413826994e+00 -2.771806207289812196e+00
7.884150577510876445e+00 -2.790365106962473529e+00
7.964601093607927673e+00 -2.778051750479601623e+00
8.045051609704977125e+00 -2.762842631956471173e+00
8.125502125802025688e+00 -2.763445988980503198e+00
8.205952641899076028e+00 -2.758986988245231142e+00
8.286403157996124591e+00 -2.754821790426575934e+00
8.366853674093176707e+00 -2.754712356838794562e+00
8.447304190190225270e+00 -2.770113791390750979e+00
8.527754706287275610e+00 -2.795592045019506866e+00
8.608205222384324173e+00 -2.793076119798668433e+00
8.688655738481374513e+00 -2.770661957725924385e+00
8.769106254578423076e+00 -2.757350032754118718e+00
8.849556770675475192e+00 -2.776786656433420486e+00
8.930007286772523756e+00 -2.797476244063607176e+00
9.010457802869574095e+00 -2.808808924877312485e+00
9.090908318966622659e+00 -2.804964216501196539e+00
9.171358835063672998e+00 -2.769180175777909092e+00
9.251809351160723338e+00 -2.754694787690557423e+00
9.332259867257773678e+00 -2.765130794351440269e+00
9.412710383354822241e+00 -2.800825106199710923e+00
9.493160899451872581e+00 -2.839754959547274193e+00
9.573611415548921144e+00 -2.837190534837665368e+00
9.654061931645971484e+00 -2.806469006109691300e+00
9.734512447743021823e+00 -2.776673674296997074e+00
9.814962963840072163e+00 -2.750271296582585734e+00
9.895413479937120727e+00 -2.740683193702211362e+00
9.975863996034171066e+00 -2.750310377806110651e+00
1.005631451213121963e+01 -2.795579112370263797e+00
1.013676502822827175e+01 -2.829376799623680494e+00
1.021721554432532031e+01 -2.838207773232389375e+00
1.029766606042237065e+01 -2.819016456702688522e+00
