0.000000000000000000e+00 -1.549019599857431873e-01
8.045051609704977069e-02 -3.761440378065071255e-01
1.609010321940995414e-01 -1.013943573421397737e+00
2.413515482911492982e-01 -2.256395910998749255e+00
3.218020643881990828e-01 -3.044087792193479025e+00
4.022525804852488118e-01 -3.695733709727445859e+00
4.827030965822985964e-01 -4.359684784789420675e+00
5.631536126793483810e-01 -5.095600582321435645e+00
6.436041287763981655e-01 -5.769770855026138179e+00
7.240546448734478391e-01 -6.322697992058686545e+00
8.045051609704976237e-01 -6.527011609288262406e+00
8.849556770675472972e-01 -6.415103164494174059e+00
9.654061931645971928e-01 -6.407456806287737727e+00
1.045856709261647088e+00 -6.605907269507059532e+00
1.126307225358696762e+00 -6.780300904850100174e+00
1.206757741455746435e+00 -6.685486896683216607e+00
1.287208257552796331e+00 -6.491197177179255817e+00
1.367658773649846005e+00 -6.453550383651688982e+00
1.448109289746895678e+00 -6.510054398510236595e+00
1.528559805843945352e+00 -6.444414346007397043e+00
1.609010321940995247e+00 -6.240538500680450795e+00
1.689460838038045143e+00 -6.110441265295637692e+00
1.769911354135094594e+00 -6.025856563170895797e+00
1.850361870232144490e+00 -5.963936492264508615e+00
1.930812386329194386e+00 -5.904911194877850988e+00
2.011262902426244281e+00 -5.850158638160884550e+00
2.091713418523294177e+00 -5.717074406371310147e+00
2.172163934620343628e+00 -5.638272631372139188e+00
2.252614450717393524e+00 -5.635622222285736171e+00
2.333064966814443419e+00 -5.621697972660125053e+00
2.413515482911492871e+00 -5.619407636637741454e+00
2.493965999008542767e+00 -5.640440153818445879e+00
2.574416515105592662e+00 -5.734121177296530369e+00
2.654867031202642558e+00 -5.835149489211738150e+00
2.735317547299692009e+00 -5.852181181830421686e+00
2.815768063396741905e+00 -5.808641475873288940e+00
2.896218579493791356e+00 -5.763967088432219832e+00
2.976669095590841252e+00 -5.744670895083991091e+00
3.057119611687890703e+00 -5.844697552161632892e+00
3.137570127784940599e+00 -5.979045884612743222e+00
3.218020643881990495e+00 -5.977196666671220626e+00
3.298471159979039946e+00 -5.855840456136331085e+00
3.378921676076090286e+00 -5.778611673896102197e+00
3.459372192173139737e+00 -5.831567687191146376e+00
3.539822708270189189e+00 -5.895721656488364992e+00
3.620273224367239528e+00 -5.945978255164424908e+00
3.700723740464288980e+00 -5.941452197293230597e+00
3.781174256561339320e+00 -5.945664229043987170e+00
3.861624772658388771e+00 -5.878137921417120992e+00
3.942075288755438223e+00 -5.789400971202324442e+00
4.022525804852488562e+00 -5.771158049851172755e+00
4.102976320949538014e+00 -5.799238592508071832e+00
4.183426837046588354e+00 -5.908449656708284259e+00
4.263877353143637805e+00 -5.986871061607369704e+00
4.344327869240687257e+00 -5.981123734488252630e+00
4.424778385337737596e+00 -5.938903194940386321e+00
4.505228901434787048e+00 -5.905323337299196673e+00
4.585679417531836499e+00 -5.856036567552973082e+00
4.666129933628886839e+00 -5.796636652615253738e+00
4.746580449725936290e+00 -5.802549128895603481e+00
4.827030965822985742e+00 -5.861958515145649251e+00
4.907481481920036082e+00 -5.957425641094761026e+00
4.987931998017085533e+00 -6.002450511309096015e+00
5.068382514114135873e+00 -5.959361606353046348e+00
5.148833030211185324e+00 -5.975657350135761270e+00
5.229283546308234776e+00 -6.061437740567416910e+00
5.309734062405285115e+00 -6.032843010798279337e+00
5.390184578502334567e+00 -5.943630508062322626e+00
5.470635094599384018e+00 -5.817155961163829936e+00
5.551085610696433470e+00 -5.716912913711781563e+00
5.631536126793483810e+00 -5.722703448777634705e+00
5.711986642890533261e+00 -5.789666747951324410e+00
5.792437158987582713e+00 -5.811292851988734576e+00
5.872887675084633052e+00 -5.853750294485225325e+00
5.953338191181682504e+00 -5.881560682512149363e+00
6.033788707278731955e+00 -5.861028057313750317e+00
6.114239223375781407e+00 -5.938763710898038006e+00
6.194689739472831747e+00 -6.006694774525136005e+00
6.275140255569881198e+00 -6.025761787886166232e+00
6.355590771666931538e+00 -6.036214371528367373e+00
6.436041287763980989e+00 -6.060179781926995801e+00
6.516491803861030441e+00 -6.092496830114662920e+00
6.596942319958079892e+00 -6.073751749016993884e+00
6.677392836055131120e+00 -6.073661785087478115e+00
6.757843352152180572e+00 -6.017119605729757126e+00
6.838293868249230023e+00 -5.974188480252995426e+00
6.918744384346279475e+00 -5.957935459185214278e+00
6.999194900443328926e+00 -5.962610152596469426e+00
7.079645416540378378e+00 -6.015746760883565081e+00
7.160095932637429605e+00 -6.003584617523949341e+00
7.240546448734479057e+00 -5.992546526950889962e+00
7.320996964831528508e+00 -6.037609750784906026e+00
7.401447480928577960e+00 -6.097813563595493314e+00
7.481897997025627411e+00 -6.068329391700361342e+00
7.562348513122678639e+00 -6.004808866957147551e+00
7.642799029219728091e+00 -5.976692791549504946e+00
7.723249545316777542e+00 -6.019871964996640124e+00
7.803700061413826994e+00 -6.062779481194267461e+00
7.884150577510876445e+00 -6.079169895684842118e+00
7.964601093607927673e+00 -6.122112236266797680e+00
8.045051609704977125e+00 -6.228387092962923255e+00
8.125502125802025688e+00 -6.223725846379734250e+00
8.205952641899076028e+00 -6.167724694556562248e+00
8.286403157996124591e+00 -6.114520382799177867e+00
8.366853674093176707e+00 -6.072252152554023397e+00
8.447304190190225270e+00 -6.085535387457805534e+00
8.527754706287275610e+00 -6.103099737737259112e+00
8.608205222384324173e+00 -6.181449165556732517e+00
8.688655738481374513e+00 -6.244174938333596714e+00
8.769106254578423076e+00 -6.251353448959632075e+00
8.849556770675475192e+00 -6.209064999121550521e+00
8.930007286772523756e+00 -6.167949194193477425e+00
9.010457802869574095e+00 -6.173995357488919034e+00
9.090908318966622659e+00 -6.193890632325024903e+00
9.171358835063672998e+00 -6.196271381638988274e+00
9.251809351160723338e+00 -6.162171932506023353e+00
9.332259867257773678e+00 -6.085631926825374904e+00
9.412710383354822241e+00 -6.077553157619111524e+00
9.493160899451872581e+00 -6.166579481543312369e+00
9.573611415548921144e+00 -6.284289977802821170e+00
9.654061931645971484e+00 -6.333313406455137518e+00
9.734512447743021823e+00 -6.305672723804717883e+00
9.814962963840072163e+00 -6.239818450336747091e+00
9.895413479937120727e+00 -6.258682173246006286e+00
9.975863996034171066e+00 -6.257479890995067073e+00
1.005631451213121963e+01 -6.265380934954247749e+00
1.013676502822827175e+01 -6.258037604604754556e+00
1.021721554432532031e+01 -6.250551127655869621e+00
1.029766606042237065e+01 -6.235593479219937230e+00
