0.000000000000000000e+00 -1.549019599857431873e-01
8.045051609704977069e-02 -1.848462377148473446e-01
1.609010321940995414e-01 -4.352534865990067003e-01
2.413515482911492982e-01 -8.212667857013573602e-01
3.218020643881990828e-01 -1.035495820978536985e+00
4.022525804852488118e-01 -1.411692031929817626e+00
4.827030965822985964e-01 -1.851088989519687589e+00
5.631536126793483810e-01 -2.227950722941611339e+00
6.436041287763981655e-01 -2.659231135383315792e+00
7.240546448734478391e-01 -2.946713127982930835e+00
8.045051609704976237e-01 -2.976558300420558911e+00
8.849556770675472972e-01 -2.906578495712096810e+00
9.654061931645971928e-01 -2.879413028152818299e+00
1.045856709261647088e+00 -2.996973945182364929e+00
1.126307225358696762e+00 -3.169072669013694998e+00
1.206757741455746435e+00 -3.322250821773642837e+00
1.287208257552796331e+00 -3.397216424838199078e+00
1.367658773649846005e+00 -3.382619835054185842e+00
1.448109289746895678e+00 -3.292385855860217703e+00
1.528559805843945352e+00 -3.163417136964942422e+00
1.609010321940995247e+00 -3.063774830860708676e+00
1.689460838038045143e+00 -3.010064625597689947e+00
1.769911354135094594e+00 -2.993684831849749095e+00
1.850361870232144490e+00 -2.949332700414637021e+00
1.930812386329194386e+00 -2.930584348143266293e+00
2.011262902426244281e+00 -2.953439546733378940e+00
2.091713418523294177e+00 -2.907222903395634273e+00
2.172163934620343628e+00 -2.874187599261999182e+00
2.252614450717393524e+00 -2.833442454560608947e+00
2.333064966814443419e+00 -2.819030769278557003e+00
2.413515482911492871e+00 -2.831724394731853334e+00
2.493965999008542767e+00 -2.898837234644090266e+00
2.574416515105592662e+00 -2.990391860073298602e+00
2.654867031202642558e+00 -3.046821965227363371e+00
2.735317547299692009e+00 -3.016273441379877074e+00
2.815768063396741905e+00 -2.980621229216896761e+00
2.896218579493791356e+00 -2.942506097700291701e+00
2.976669095590841252e+00 -2.882017101344128029e+00
3.057119611687890703e+00 -2.883627114747925546e+00
3.137570127784940599e+00 -2.938077831262733586e+00
3.218020643881990495e+00 -2.960274170418340400e+00
3.298471159979039946e+00 -2.945327454459516492e+00
3.378921676076090286e+00 -2.968811156320671163e+00
3.459372192173139737e+00 -2.959703991460628458e+00
3.539822708270189189e+00 -2.881573100730043802e+00
3.620273224367239528e+00 -2.844955058434391670e+00
3.700723740464288980e+00 -2.849256284662013528e+00
3.781174256561339320e+00 -2.877684561350016601e+00
3.861624772658388771e+00 -2.945871544057411029e+00
3.942075288755438223e+00 -2.997595871850913252e+00
4.022525804852488562e+00 -2.988154534529933404e+00
4.102976320949538014e+00 -2.974100229681540863e+00
4.183426837046588354e+00 -2.958811780355025789e+00
4.263877353143637805e+00 -2.939278805099684533e+00
4.344327869240687257e+00 -2.930602191863727057e+00
4.424778385337737596e+00 -2.936517399334733991e+00
4.505228901434787048e+00 -2.952922158593022761e+00
4.585679417531836499e+00 -2.978578557401236448e+00
4.666129933628886839e+00 -2.958202301049012828e+00
4.746580449725936290e+00 -2.897406363243351990e+00
4.827030965822985742e+00 -2.870231342012644404e+00
4.907481481920036082e+00 -2.882201850637386098e+00
4.987931998017085533e+00 -2.903314343815248222e+00
5.068382514114135873e+00 -2.929530515005320801e+00
5.148833030211185324e+00 -2.937833000703214292e+00
5.229283546308234776e+00 -2.953056659990635158e+00
5.309734062405285115e+00 -2.969736124368720809e+00
5.390184578502334567e+00 -2.956338969895341950e+00
5.470635094599384018e+00 -2.937579704283802773e+00
5.551085610696433470e+00 -2.937837802490698813e+00
5.631536126793483810e+00 -2.992079377634180748e+00
5.711986642890533261e+00 -3.049507162049915010e+00
5.792437158987582713e+00 -3.073483470550335994e+00
5.872887675084633052e+00 -3.072817565051693567e+00
5.953338191181682504e+00 -3.044132659124059614e+00
6.033788707278731955e+00 -3.040406708682627190e+00
6.114239223375781407e+00 -3.026954667788043007e+00
6.194689739472831747e+00 -3.023384102283584340e+00
6.275140255569881198e+00 -3.012772101650758927e+00
6.355590771666931538e+00 -2.989000832569053134e+00
6.436041287763980989e+00 -2.936292642657027052e+00
6.516491803861030441e+00 -2.925029280404533694e+00
6.596942319958079892e+00 -2.988493239931797163e+00
6.677392836055131120e+00 -3.034662153923092465e+00
6.757843352152180572e+00 -3.035469734910155370e+00
6.838293868249230023e+00 -3.025388597481245334e+00
6.918744384346279475e+00 -3.032577297746934075e+00
6.999194900443328926e+00 -3.026442568042435166e+00
7.079645416540378378e+00 -3.005569148099785703e+00
7.160095932637429605e+00 -3.005641649155272432e+00
7.240546448734479057e+00 -2.994909085171189922e+00
7.320996964831528508e+00 -2.991071005715665088e+00
7.401447480928577960e+00 -2.994027727765270708e+00
7.481897997025627411e+00 -2.999156497434553703e+00
7.562348513122678639e+00 -2.995213463467683024e+00
7.642799029219728091e+00 -2.995417795386495996e+00
7.723249545316777542e+00 -3.025849061711733956e+00
7.803700061413826994e+00 -3.025807604346482549e+00
7.884150577510876445e+00 -3.035884430918756482e+00
7.964601093607927673e+00 -3.023103242044345329e+00
8.045051609704977125e+00 -3.009725989392386669e+00
8.125502125802025688e+00 -3.008966941896124236e+00
8.205952641899076028e+00 -3.016753199401839503e+00
8.286403157996124591e+00 -3.050958346221198880e+00
8.366853674093176707e+00 -3.079354021092659988e+00
8.447304190190225270e+00 -3.057407311378931958e+00
8.527754706287275610e+00 -3.031428861243893547e+00
8.608205222384324173e+00 -3.031021537753572304e+00
8.688655738481374513e+00 -3.045667274228756050e+00
8.769106254578423076e+00 -3.045161217003245824e+00
8.849556770675475192e+00 -3.068301892582323553e+00
8.930007286772523756e+00 -3.098684521481330112e+00
9.010457802869574095e+00 -3.130136860528940801e+00
9.090908318966622659e+00 -3.142890639692768939e+00
9.171358835063672998e+00 -3.144387606929647916e+00
9.251809351160723338e+00 -3.131060893115824140e+00
9.332259867257773678e+00 -3.106370917482659699e+00
9.412710383354822241e+00 -3.096724569593450660e+00
9.493160899451872581e+00 -3.103219190150762419e+00
9.573611415548921144e+00 -3.098956839758721493e+00
9.654061931645971484e+00 -3.096586563926116309e+00
9.734512447743021823e+00 -3.092246486602307165e+00
9.814962963840072163e+00 -3.093660531910694900e+00
9.895413479937120727e+00 -3.098950289922076884e+00
9.975863996034171066e+00 -3.090048826062677279e+00
1.005631451213121963e+01 -3.089231922853084011e+00
1.013676502822827175e+01 -3.089772170144313268e+00
1.021721554432532031e+01 -3.107084074688527320e+00
1.029766606042237065e+01 -3.109655010241360262e+00
