0.000000000000000000e+00 -1.549019599857431873e-01
8.045051609704977069e-02 -1.982481322585226413e-01
1.609010321940995414e-01 -5.387983328102736724e-01
2.413515482911492982e-01 -1.140901785656415868e+00
3.218020643881990828e-01 -1.406457685137733504e+00
4.022525804852488118e-01 -1.706269130468506923e+00
4.827030965822985964e-01 -2.092063802457379218e+00
5.631536126793483810e-01 -2.595138715550851405e+00
6.436041287763981655e-01 -2.865849388108583362e+00
7.240546448734478391e-01 -2.957617977143593979e+00
8.045051609704976237e-01 -3.040641571319227854e+00
8.849556770675472972e-01 -3.121041974373714112e+00
9.654061931645971928e-01 -3.160028893367310854e+00
1.045856709261647088e+00 -3.208862089986299626e+00
1.126307225358696762e+00 -3.286810571548557824e+00
1.206757741455746435e+00 -3.319737796154549336e+00
1.287208257552796331e+00 -3.265592965474178211e+00
1.367658773649846005e+00 -3.199324063643827820e+00
1.448109289746895678e+00 -3.147650082409484629e+00
1.528559805843945352e+00 -3.116187062572142619e+00
1.609010321940995247e+00 -3.076631454537675836e+00
1.689460838038045143e+00 -3.039282833232638925e+00
1.769911354135094594e+00 -3.035622473032228541e+00
1.850361870232144490e+00 -3.027972260962359830e+00
1.930812386329194386e+00 -2.974684929784527920e+00
2.011262902426244281e+00 -2.910861018225003427e+00
2.091713418523294177e+00 -2.907589704957525889e+00
2.172163934620343628e+00 -2.934814678914554609e+00
2.252614450717393524e+00 -2.962181621289330824e+00
2.333064966814443419e+00 -2.949194812001091126e+00
2.413515482911492871e+00 -2.950159547288188300e+00
2.493965999008542767e+00 -2.965816960372088307e+00
2.574416515105592662e+00 -3.011973782146621037e+00
2.654867031202642558e+00 -3.034926646865225397e+00
2.735317547299692009e+00 -2.990645573301785376e+00
2.815768063396741905e+00 -2.994664607146873880e+00
2.896218579493791356e+00 -2.991871797470971206e+00
2.976669095590841252e+00 -2.921956965385787086e+00
3.057119611687890703e+00 -2.880112416584713397e+00
3.137570127784940599e+00 -2.902264374489115006e+00
3.218020643881990495e+00 -2.974128166506077253e+00
3.298471159979039946e+00 -3.042980855831239673e+00
3.378921676076090286e+00 -3.083966513349956085e+00
3.459372192173139737e+00 -3.067867005833048832e+00
3.539822708270189189e+00 -3.023620108905634041e+00
3.620273224367239528e+00 -3.001712829574866959e+00
3.700723740464288980e+00 -2.993782714214025198e+00
3.781174256561339320e+00 -2.945537945063336771e+00
3.861624772658388771e+00 -2.880249692187190291e+00
3.942075288755438223e+00 -2.863881054227671807e+00
4.022525804852488562e+00 -2.884668024373814532e+00
4.102976320949538014e+00 -2.881080354455328063e+00
4.183426837046588354e+00 -2.891304284746846420e+00
4.263877353143637805e+00 -2.915358715606910511e+00
4.344327869240687257e+00 -2.940711459334477862e+00
4.424778385337737596e+00 -2.950228978552235315e+00
4.505228901434787048e+00 -2.961465891212220924e+00
4.585679417531836499e+00 -2.964553724597394080e+00
4.666129933628886839e+00 -2.944854035211985632e+00
4.746580449725936290e+00 -2.929038336953035504e+00
4.827030965822985742e+00 -2.963243810375482123e+00
4.907481481920036082e+00 -3.013668411678873227e+00
4.987931998017085533e+00 -3.049248163196891070e+00
5.068382514114135873e+00 -3.063495348722678369e+00
5.148833030211185324e+00 -3.032648871743777619e+00
5.229283546308234776e+00 -2.989226085882371375e+00
5.309734062405285115e+00 -2.990816965264853522e+00
5.390184578502334567e+00 -3.008593030389256295e+00
5.470635094599384018e+00 -3.036111232097252088e+00
5.551085610696433470e+00 -3.024652658146585793e+00
5.631536126793483810e+00 -2.996509014470748689e+00
5.711986642890533261e+00 -2.977425120877137399e+00
5.792437158987582713e+00 -2.976012745853877206e+00
5.872887675084633052e+00 -2.972520009529568075e+00
5.953338191181682504e+00 -2.978785360699288010e+00
6.033788707278731955e+00 -3.011122142352667286e+00
6.114239223375781407e+00 -3.049364622140282144e+00
6.194689739472831747e+00 -3.060475948108398736e+00
6.275140255569881198e+00 -3.028703847194930798e+00
6.355590771666931538e+00 -3.001801754729374938e+00
6.436041287763980989e+00 -3.005868056647617692e+00
6.516491803861030441e+00 -3.013229173265218108e+00
6.596942319958079892e+00 -3.015844950338672170e+00
6.677392836055131120e+00 -3.014682701969458645e+00
6.757843352152180572e+00 -3.048081970213167846e+00
6.838293868249230023e+00 -3.085593610153845923e+00
6.918744384346279475e+00 -3.092857394848519181e+00
6.999194900443328926e+00 -3.049897219440186547e+00
7.079645416540378378e+00 -3.036386807083575334e+00
7.160095932637429605e+00 -3.047210540874582652e+00
7.240546448734479057e+00 -3.070507626888576258e+00
7.320996964831528508e+00 -3.068552972025130998e+00
7.401447480928577960e+00 -3.063292965816749813e+00
7.481897997025627411e+00 -3.057917282159854810e+00
7.562348513122678639e+00 -3.042895100373852468e+00
7.642799029219728091e+00 -3.027474141540474228e+00
7.723249545316777542e+00 -3.051593172620658656e+00
7.803700061413826994e+00 -3.083075812107932023e+00
7.884150577510876445e+00 -3.089936496809963185e+00
7.964601093607927673e+00 -3.080269906970948046e+00
8.045051609704977125e+00 -3.072766356925229037e+00
8.125502125802025688e+00 -3.077296797925678007e+00
8.205952641899076028e+00 -3.080259373336056594e+00
8.286403157996124591e+00 -3.075952058651325594e+00
8.366853674093176707e+00 -3.071103479317791596e+00
8.447304190190225270e+00 -3.085017104647970410e+00
8.527754706287275610e+00 -3.071056417976392172e+00
8.608205222384324173e+00 -3.066827310437099108e+00
8.688655738481374513e+00 -3.093237219925216053e+00
8.769106254578423076e+00 -3.143853994588446721e+00
8.849556770675475192e+00 -3.156755089057595942e+00
8.930007286772523756e+00 -3.158446442895077144e+00
9.010457802869574095e+00 -3.135152379262916789e+00
9.090908318966622659e+00 -3.109900851488775597e+00
9.171358835063672998e+00 -3.069732936412941982e+00
9.251809351160723338e+00 -3.057613722050668947e+00
9.332259867257773678e+00 -3.071009907913091030e+00
9.412710383354822241e+00 -3.082046422258696516e+00
9.493160899451872581e+00 -3.101000195222065159e+00
9.573611415548921144e+00 -3.130512281755185811e+00
9.654061931645971484e+00 -3.151067945173314566e+00
9.734512447743021823e+00 -3.174357573730053783e+00
9.814962963840072163e+00 -3.200092980624031025e+00
9.895413479937120727e+00 -3.197157537854067311e+00
9.975863996034171066e+00 -3.177583064003667523e+00
1.005631451213121963e+01 -3.188911639940022358e+00
1.013676502822827175e+01 -3.206762974261572197e+00
1.021721554432532031e+01 -3.201794571426143765e+00
1.029766606042237065e+01 -3.187029319048536369e+00
