0.000000000000000000e+00 -1.549019599857431873e-01
8.045051609704977069e-02 -2.054760225420572128e-01
1.609010321940995414e-01 -5.904313589025410591e-01
2.413515482911492982e-01 -1.295535348622300464e+00
3.218020643881990828e-01 -1.462441803921110672e+00
4.022525804852488118e-01 -1.699205045209314813e+00
4.827030965822985964e-01 -1.993124915419385523e+00
5.631536126793483810e-01 -2.356200985304062190e+00
6.436041287763981655e-01 -2.658167022717215833e+00
7.240546448734478391e-01 -2.877583581548865510e+00
8.045051609704976237e-01 -2.948388902239661213e+00
8.849556770675472972e-01 -2.937447854752576859e+00
9.654061931645971928e-01 -2.983219100276098601e+00
1.045856709261647088e+00 -3.132654969465717087e+00
1.126307225358696762e+00 -3.326126089266627783e+00
1.206757741455746435e+00 -3.445365129212684341e+00
1.287208257552796331e+00 -3.435266786701347108e+00
1.367658773649846005e+00 -3.362203642526708336e+00
1.448109289746895678e+00 -3.341801991937007443e+00
1.528559805843945352e+00 -3.337649526571183856e+00
1.609010321940995247e+00 -3.300205829049541961e+00
1.689460838038045143e+00 -3.237956547851164935e+00
1.769911354135094594e+00 -3.114120868461576208e+00
1.850361870232144490e+00 -3.021688476009954716e+00
1.930812386329194386e+00 -3.010655171658728424e+00
2.011262902426244281e+00 -3.010578702780180471e+00
2.091713418523294177e+00 -2.987397392580471767e+00
2.172163934620343628e+00 -2.961750604565196010e+00
2.252614450717393524e+00 -2.950247654101996186e+00
2.333064966814443419e+00 -2.925834506361788545e+00
2.413515482911492871e+00 -2.931026851373764064e+00
2.493965999008542767e+00 -2.912104722393229483e+00
2.574416515105592662e+00 -2.884934489624310761e+00
2.654867031202642558e+00 -2.893812131462796255e+00
2.735317547299692009e+00 -2.969275994732714974e+00
2.815768063396741905e+00 -3.013303384845239297e+00
2.896218579493791356e+00 -2.993596175243367963e+00
2.976669095590841252e+00 -3.003817454696432243e+00
3.057119611687890703e+00 -3.014394355477197252e+00
3.137570127784940599e+00 -3.002407311182059502e+00
3.218020643881990495e+00 -2.972958225225476703e+00
3.298471159979039946e+00 -2.978376419792431395e+00
3.378921676076090286e+00 -2.973278839214179126e+00
3.459372192173139737e+00 -2.942006578981187115e+00
3.539822708270189189e+00 -2.940238622641118127e+00
3.620273224367239528e+00 -2.955896034530895999e+00
3.700723740464288980e+00 -2.907076540900314754e+00
3.781174256561339320e+00 -2.877073093254690850e+00
3.861624772658388771e+00 -2.901177054614346051e+00
3.942075288755438223e+00 -2.912597867713388577e+00
4.022525804852488562e+00 -2.896183102883957972e+00
4.102976320949538014e+00 -2.878776170909226995e+00
4.183426837046588354e+00 -2.894353061423787565e+00
4.263877353143637805e+00 -2.912736381367600380e+00
4.344327869240687257e+00 -2.920359812014634127e+00
4.424778385337737596e+00 -2.902150280342147504e+00
4.505228901434787048e+00 -2.897445724640554943e+00
4.585679417531836499e+00 -2.898957935308819511e+00
4.666129933628886839e+00 -2.911446832495308445e+00
4.746580449725936290e+00 -2.917063579319862043e+00
4.827030965822985742e+00 -2.922029561914059936e+00
4.907481481920036082e+00 -2.911825702166062957e+00
4.987931998017085533e+00 -2.907337162821208132e+00
5.068382514114135873e+00 -2.930750775936552976e+00
5.148833030211185324e+00 -2.976059782605847026e+00
5.229283546308234776e+00 -2.958221474718630173e+00
5.309734062405285115e+00 -2.933275125692966778e+00
5.390184578502334567e+00 -2.957485981858566593e+00
5.470635094599384018e+00 -2.986747423782268207e+00
5.551085610696433470e+00 -2.969386985973155202e+00
5.631536126793483810e+00 -2.956348107138520476e+00
5.711986642890533261e+00 -2.984831621050296313e+00
5.792437158987582713e+00 -3.008739669887809498e+00
5.872887675084633052e+00 -3.002134425705992093e+00
5.953338191181682504e+00 -2.990197811103064485e+00
6.033788707278731955e+00 -2.978176487600113997e+00
6.114239223375781407e+00 -2.976168076755789649e+00
6.194689739472831747e+00 -2.977761379120153151e+00
6.275140255569881198e+00 -2.977613224773257183e+00
6.355590771666931538e+00 -2.956514033855333068e+00
6.436041287763980989e+00 -2.947520757268456304e+00
6.516491803861030441e+00 -2.966871406300570335e+00
6.596942319958079892e+00 -3.001120280916133698e+00
6.677392836055131120e+00 -3.037725540544324865e+00
6.757843352152180572e+00 -3.051581002271387177e+00
6.838293868249230023e+00 -3.057324232114651874e+00
6.918744384346279475e+00 -3.050234297213464618e+00
6.999194900443328926e+00 -3.025349304274168372e+00
7.079645416540378378e+00 -3.023525402450788935e+00
7.160095932637429605e+00 -3.035207995017870086e+00
7.240546448734479057e+00 -3.071546809420753199e+00
7.320996964831528508e+00 -3.092124904030373767e+00
7.401447480928577960e+00 -3.063944119748743145e+00
7.481897997025627411e+00 -3.031358636178735022e+00
7.562348513122678639e+00 -3.019930828661422595e+00
7.642799029219728091e+00 -3.049075736371964052e+00
7.723249545316777542e+00 -3.074647389632089833e+00
7.803700061413826994e+00 -3.063673996372687558e+00
7.884150577510876445e+00 -3.046163602882945742e+00
7.964601093607927673e+00 -3.040257402067086723e+00
8.045051609704977125e+00 -3.035362750369179352e+00
8.125502125802025688e+00 -3.029190147375848685e+00
8.205952641899076028e+00 -3.054083937299127527e+00
8.286403157996124591e+00 -3.089818221666780662e+00
8.366853674093176707e+00 -3.120899710441126462e+00
8.447304190190225270e+00 -3.135971487733800078e+00
8.527754706287275610e+00 -3.111098182736677042e+00
8.608205222384324173e+00 -3.099197099373031339e+00
8.688655738481374513e+00 -3.092296062103410570e+00
8.769106254578423076e+00 -3.090637975464606502e+00
8.849556770675475192e+00 -3.079878746638313292e+00
8.930007286772523756e+00 -3.078488720126141054e+00
9.010457802869574095e+00 -3.097467754953563190e+00
9.090908318966622659e+00 -3.107309855850678204e+00
9.171358835063672998e+00 -3.083541438129299372e+00
9.251809351160723338e+00 -3.061886099536341721e+00
9.332259867257773678e+00 -3.062166414813968007e+00
9.412710383354822241e+00 -3.083684639254483439e+00
9.493160899451872581e+00 -3.125264947941265081e+00
9.573611415548921144e+00 -3.154016096172586270e+00
9.654061931645971484e+00 -3.142977951251598512e+00
9.734512447743021823e+00 -3.121125941390885394e+00
9.814962963840072163e+00 -3.114807233286777333e+00
9.895413479937120727e+00 -3.117129556274917501e+00
9.975863996034171066e+00 -3.141591541400031051e+00
1.005631451213121963e+01 -3.165073693722128656e+00
1.013676502822827175e+01 -3.141343409707725076e+00
1.021721554432532031e+01 -3.116540658682385612e+00
1.029766606042237065e+01 -3.112643664749042749e+00
