0.000000000000000000e+00 -1.549019599857431873e-01
8.045051609704977069e-02 -1.875448252113257608e-01
1.609010321940995414e-01 -3.905031962872225204e-01
2.413515482911492982e-01 -7.155626801823214977e-01
3.218020643881990828e-01 -8.558738829047689567e-01
4.022525804852488118e-01 -1.160139181867520186e+00
4.827030965822985964e-01 -1.625373758438420468e+00
5.631536126793483810e-01 -2.095120139813689164e+00
6.436041287763981655e-01 -2.583077967841179934e+00
7.240546448734478391e-01 -2.819989294771941601e+00
8.045051609704976237e-01 -3.037302703301568041e+00
8.849556770675472972e-01 -3.151051441515218876e+00
9.654061931645971928e-01 -3.248393303303979796e+00
1.045856709261647088e+00 -3.316491232698434377e+00
1.126307225358696762e+00 -3.364323615798277878e+00
1.206757741455746435e+00 -3.329529265049371745e+00
1.287208257552796331e+00 -3.270516553158919315e+00
1.367658773649846005e+00 -3.273768483202782242e+00
1.448109289746895678e+00 -3.306264590583442686e+00
1.528559805843945352e+00 -3.268608002058626116e+00
1.609010321940995247e+00 -3.145587353032535560e+00
1.689460838038045143e+00 -3.017191527112856431e+00
1.769911354135094594e+00 -2.982685311305978360e+00
1.850361870232144490e+00 -2.991970500879137074e+00
1.930812386329194386e+00 -2.943715995048608480e+00
2.011262902426244281e+00 -2.879777011370059814e+00
2.091713418523294177e+00 -2.892468257632047735e+00
2.172163934620343628e+00 -2.948189179100081603e+00
2.252614450717393524e+00 -3.012579965479105670e+00
2.333064966814443419e+00 -3.013298858956490633e+00
2.413515482911492871e+00 -2.986345749241419600e+00
2.493965999008542767e+00 -2.954028365431497161e+00
2.574416515105592662e+00 -2.951425058899177500e+00
2.654867031202642558e+00 -2.967360675352578969e+00
2.735317547299692009e+00 -2.980379110873732529e+00
2.815768063396741905e+00 -2.975453502403359263e+00
2.896218579493791356e+00 -2.970004539862596271e+00
2.976669095590841252e+00 -2.999585016037171314e+00
3.057119611687890703e+00 -3.016504201010663966e+00
3.137570127784940599e+00 -3.052523657305770133e+00
3.218020643881990495e+00 -3.099282869922384442e+00
3.298471159979039946e+00 -3.125828236311994690e+00
3.378921676076090286e+00 -3.072542793106733061e+00
3.459372192173139737e+00 -3.029421175776624064e+00
3.539822708270189189e+00 -2.993027258156698789e+00
3.620273224367239528e+00 -2.932340978675781695e+00
3.700723740464288980e+00 -2.855161589373840680e+00
3.781174256561339320e+00 -2.812347018287642886e+00
3.861624772658388771e+00 -2.820030231415143529e+00
3.942075288755438223e+00 -2.838848151999391334e+00
4.022525804852488562e+00 -2.866215554268122467e+00
4.102976320949538014e+00 -2.876171119704331591e+00
4.183426837046588354e+00 -2.912619090316502568e+00
4.263877353143637805e+00 -2.933949965532475446e+00
4.344327869240687257e+00 -2.934149215472708239e+00
4.424778385337737596e+00 -2.913362461630922162e+00
4.505228901434787048e+00 -2.865102196962699299e+00
4.585679417531836499e+00 -2.848461858528633872e+00
4.666129933628886839e+00 -2.857607806222671076e+00
4.746580449725936290e+00 -2.886741878796458494e+00
4.827030965822985742e+00 -2.938491159345860027e+00
4.907481481920036082e+00 -2.978101369997211645e+00
4.987931998017085533e+00 -2.975626297023592048e+00
5.068382514114135873e+00 -2.981171560152664934e+00
5.148833030211185324e+00 -2.964922474968830990e+00
5.229283546308234776e+00 -2.925852942234850484e+00
5.309734062405285115e+00 -2.910819014125622051e+00
5.390184578502334567e+00 -2.919767662964476429e+00
5.470635094599384018e+00 -2.940571258197640869e+00
5.551085610696433470e+00 -2.955256761290464329e+00
5.631536126793483810e+00 -2.940639895501721224e+00
5.711986642890533261e+00 -2.921494839772512453e+00
5.792437158987582713e+00 -2.944330955660750426e+00
5.872887675084633052e+00 -2.958684028269858324e+00
5.953338191181682504e+00 -2.933598792612754913e+00
6.033788707278731955e+00 -2.944207954390801518e+00
6.114239223375781407e+00 -2.987988084378477627e+00
6.194689739472831747e+00 -2.984710120643383480e+00
6.275140255569881198e+00 -2.982427474604811835e+00
6.355590771666931538e+00 -3.003625354094300537e+00
6.436041287763980989e+00 -3.010231031864816220e+00
6.516491803861030441e+00 -2.995703311894184484e+00
6.596942319958079892e+00 -2.984736354244546863e+00
6.677392836055131120e+00 -2.960910244496044896e+00
6.757843352152180572e+00 -2.950924098796265049e+00
6.838293868249230023e+00 -2.958987706775378257e+00
6.918744384346279475e+00 -2.950511597820405285e+00
6.999194900443328926e+00 -2.948708634651602711e+00
7.079645416540378378e+00 -2.985667363082490144e+00
7.160095932637429605e+00 -3.027118960505505996e+00
7.240546448734479057e+00 -3.050883560565710972e+00
7.320996964831528508e+00 -3.057891186547812445e+00
7.401447480928577960e+00 -3.037998898600164033e+00
7.481897997025627411e+00 -3.025351074392390149e+00
7.562348513122678639e+00 -3.013713119197876544e+00
7.642799029219728091e+00 -3.018890973913801012e+00
7.723249545316777542e+00 -3.024511365200041269e+00
7.803700061413826994e+00 -3.010598761948825253e+00
7.884150577510876445e+00 -3.006835894357466010e+00
7.964601093607927673e+00 -3.004441785244773122e+00
8.045051609704977125e+00 -3.022050932075118546e+00
8.125502125802025688e+00 -3.043350081622960168e+00
8.205952641899076028e+00 -3.072895599087625662e+00
8.286403157996124591e+00 -3.078521805459812910e+00
8.366853674093176707e+00 -3.081778913138471854e+00
8.447304190190225270e+00 -3.074525921159534381e+00
8.527754706287275610e+00 -3.063694931159086643e+00
8.608205222384324173e+00 -3.056807003191547967e+00
8.688655738481374513e+00 -3.060759271240374613e+00
8.769106254578423076e+00 -3.060797968929390489e+00
8.849556770675475192e+00 -3.047029009605010330e+00
8.930007286772523756e+00 -3.070461897300841070e+00
9.010457802869574095e+00 -3.096334516562212702e+00
9.090908318966622659e+00 -3.097448335254257223e+00
9.171358835063672998e+00 -3.095957042336049625e+00
9.251809351160723338e+00 -3.078709179005850061e+00
9.332259867257773678e+00 -3.070625159766383394e+00
9.412710383354822241e+00 -3.084745261515307480e+00
9.493160899451872581e+00 -3.099823511136428067e+00
9.573611415548921144e+00 -3.109301791764200296e+00
9.654061931645971484e+00 -3.120308527422371192e+00
9.734512447743021823e+00 -3.107545075307522442e+00
9.814962963840072163e+00 -3.081364929873673386e+00
9.895413479937120727e+00 -3.081125882990629616e+00
9.975863996034171066e+00 -3.097134421549069483e+00
1.005631451213121963e+01 -3.119247473014597372e+00
1.013676502822827175e+01 -3.127157606438973669e+00
1.021721554432532031e+01 -3.125254362601263214e+00
1.029766606042237065e+01 -3.123500856885955468e+00
