0.000000000000000000e+00 -1.549019599857431873e-01
8.045051609704977069e-02 -2.021607631374649772e-01
1.609010321940995414e-01 -5.689907090257119160e-01
2.413515482911492982e-01 -1.291625517335943885e+00
3.218020643881990828e-01 -1.568558228440887659e+00
4.022525804852488118e-01 -1.873144788663348326e+00
4.827030965822985964e-01 -2.219068636464107680e+00
5.631536126793483810e-01 -2.445307452364689382e+00
6.436041287763981655e-01 -2.662817837460766057e+00
7.240546448734478391e-01 -2.941958565074388243e+00
8.045051609704976237e-01 -3.215770921363769297e+00
8.849556770675472972e-01 -3.351281528342852312e+00
9.654061931645971928e-01 -3.377146603666480562e+00
1.045856709261647088e+00 -3.315742517538316392e+00
1.126307225358696762e+00 -3.293124518973846282e+00
1.206757741455746435e+00 -3.322226115728597051e+00
1.287208257552796331e+00 -3.286897519700570314e+00
1.367658773649846005e+00 -3.219666985802737358e+00
1.448109289746895678e+00 -3.235661715833170859e+00
1.528559805843945352e+00 -3.280516469493226506e+00
1.609010321940995247e+00 -3.273149356957752332e+00
1.689460838038045143e+00 -3.182463227224991087e+00
1.769911354135094594e+00 -3.144102013802951401e+00
1.850361870232144490e+00 -3.149588959448747172e+00
1.930812386329194386e+00 -3.128526639023641476e+00
2.011262902426244281e+00 -3.057617285701844434e+00
2.091713418523294177e+00 -2.954926339446138694e+00
2.172163934620343628e+00 -2.873433509448525047e+00
2.252614450717393524e+00 -2.818077166621614005e+00
2.333064966814443419e+00 -2.800061971192227883e+00
2.413515482911492871e+00 -2.793280695474980035e+00
2.493965999008542767e+00 -2.846431566395539736e+00
2.574416515105592662e+00 -2.868744829712671862e+00
2.654867031202642558e+00 -2.849436726885590243e+00
2.735317547299692009e+00 -2.862949885003760020e+00
2.815768063396741905e+00 -2.921058763016014748e+00
2.896218579493791356e+00 -2.951186782955722787e+00
2.976669095590841252e+00 -2.933929768642814739e+00
3.057119611687890703e+00 -2.948465283586203967e+00
3.137570127784940599e+00 -2.976333974948075500e+00
3.218020643881990495e+00 -2.967164330137345818e+00
3.298471159979039946e+00 -2.924552378297969657e+00
3.378921676076090286e+00 -2.905803252658512470e+00
3.459372192173139737e+00 -2.890444532982360482e+00
3.539822708270189189e+00 -2.880992924993342363e+00
3.620273224367239528e+00 -2.897392924212690346e+00
3.700723740464288980e+00 -2.949467250086204917e+00
3.781174256561339320e+00 -2.985915196997603882e+00
3.861624772658388771e+00 -3.019347180320624435e+00
3.942075288755438223e+00 -3.012687812232479168e+00
4.022525804852488562e+00 -2.991564313678221509e+00
4.102976320949538014e+00 -2.961673116555670671e+00
4.183426837046588354e+00 -2.928567829095836572e+00
4.263877353143637805e+00 -2.916799090242575776e+00
4.344327869240687257e+00 -2.944960148140661094e+00
4.424778385337737596e+00 -2.958694727934153335e+00
4.505228901434787048e+00 -2.968476608666450023e+00
4.585679417531836499e+00 -3.001758800499951363e+00
4.666129933628886839e+00 -3.006303461259201892e+00
4.746580449725936290e+00 -3.008935109245645556e+00
4.827030965822985742e+00 -3.030853046535455508e+00
4.907481481920036082e+00 -3.039756173131399564e+00
4.987931998017085533e+00 -3.015236504762550229e+00
5.068382514114135873e+00 -3.001008895499996054e+00
5.148833030211185324e+00 -3.007349664049624227e+00
5.229283546308234776e+00 -3.033986394673336751e+00
5.309734062405285115e+00 -2.994308925291340628e+00
5.390184578502334567e+00 -2.932311465179008536e+00
5.470635094599384018e+00 -2.893981281228148905e+00
5.551085610696433470e+00 -2.880504106707781009e+00
5.631536126793483810e+00 -2.902152016389161648e+00
5.711986642890533261e+00 -2.946674744007985680e+00
5.792437158987582713e+00 -2.990568553261862661e+00
5.872887675084633052e+00 -2.968806630265480084e+00
5.953338191181682504e+00 -2.934653502952046633e+00
6.033788707278731955e+00 -2.923363559678707979e+00
6.114239223375781407e+00 -2.953377232141497277e+00
6.194689739472831747e+00 -3.000362656452167265e+00
6.275140255569881198e+00 -3.035007464844463598e+00
6.355590771666931538e+00 -3.014646847935345431e+00
6.436041287763980989e+00 -2.988785159483470899e+00
6.516491803861030441e+00 -2.987309287925829171e+00
6.596942319958079892e+00 -2.989889257279032098e+00
6.677392836055131120e+00 -3.005186274051746764e+00
6.757843352152180572e+00 -3.014226577937130003e+00
6.838293868249230023e+00 -3.035551170806741528e+00
6.918744384346279475e+00 -3.024911161381388602e+00
6.999194900443328926e+00 -3.018456283562664932e+00
7.079645416540378378e+00 -3.018622743349747672e+00
7.160095932637429605e+00 -3.040959881150871347e+00
7.240546448734479057e+00 -3.040659466894705343e+00
7.320996964831528508e+00 -3.037393625415139908e+00
7.401447480928577960e+00 -3.036111213118763974e+00
7.481897997025627411e+00 -3.046102343634639276e+00
7.562348513122678639e+00 -3.059616414035279064e+00
7.642799029219728091e+00 -3.066654180730195023e+00
7.723249545316777542e+00 -3.047052833989434717e+00
7.803700061413826994e+00 -3.014775225548275817e+00
7.884150577510876445e+00 -3.008976060094653793e+00
7.964601093607927673e+00 -3.029132866362193699e+00
8.045051609704977125e+00 -3.068459899397125934e+00
8.125502125802025688e+00 -3.078171084208595421e+00
8.205952641899076028e+00 -3.071572773733215023e+00
8.286403157996124591e+00 -3.079546288393984810e+00
8.366853674093176707e+00 -3.085096606498284988e+00
8.447304190190225270e+00 -3.081643304145763818e+00
8.527754706287275610e+00 -3.080371987489529229e+00
8.608205222384324173e+00 -3.071924398484511709e+00
8.688655738481374513e+00 -3.056647122923845661e+00
8.769106254578423076e+00 -3.037185931560214769e+00
8.849556770675475192e+00 -3.060602412731803224e+00
8.930007286772523756e+00 -3.103398284709613542e+00
9.010457802869574095e+00 -3.127084540385946632e+00
9.090908318966622659e+00 -3.114567382511618465e+00
9.171358835063672998e+00 -3.106281645830625493e+00
9.251809351160723338e+00 -3.117538940483006726e+00
9.332259867257773678e+00 -3.134652881822930226e+00
9.412710383354822241e+00 -3.137081866409980435e+00
9.493160899451872581e+00 -3.131565674653527420e+00
9.573611415548921144e+00 -3.130081519698734827e+00
9.654061931645971484e+00 -3.144688934528167668e+00
9.734512447743021823e+00 -3.159235408312476956e+00
9.814962963840072163e+00 -3.155191489878240052e+00
9.895413479937120727e+00 -3.165373015235037002e+00
9.975863996034171066e+00 -3.185854103480764810e+00
1.005631451213121963e+01 -3.170284821129651043e+00
1.013676502822827175e+01 -3.145186962836380218e+00
1.021721554432532031e+01 -3.146357369228405254e+00
1.029766606042237065e+01 -3.164507386609612283e+00
