0.000000000000000000e+00 -1.549019599857431873e-01
2.011262902426244267e-02 -3.955777654203747051e-01
4.022525804852488535e-02 -1.454068312155690768e+00
6.033788707278732455e-02 -6.801572960845357230e+00
8.045051609704977069e-02 -9.861220572695629016e+00
1.005631451213122030e-01 -1.036267005401511732e+01
1.206757741455746491e-01 -1.052032033062798888e+01
1.407884031698370952e-01 -1.036635883464257901e+01
1.609010321940995414e-01 -1.018641444459043477e+01
1.810136612183619598e-01 -9.941896077628722850e+00
2.011262902426244059e-01 -9.736353657763819669e+00
2.212389192668868243e-01 -9.655977040263959310e+00
2.413515482911492982e-01 -9.605674208008364801e+00
2.614641773154117721e-01 -9.678276258016278888e+00
2.815768063396741905e-01 -9.830570569132726533e+00
3.016894353639366089e-01 -9.707196368052347424e+00
3.218020643881990828e-01 -9.491058377155681569e+00
3.419146934124615012e-01 -9.509255322434141178e+00
3.620273224367239195e-01 -9.757082107540384186e+00
3.821399514609863379e-01 -9.798599961984148621e+00
4.022525804852488118e-01 -9.743779476126150030e+00
4.223652095095112857e-01 -9.913852000060753511e+00
4.424778385337736486e-01 -1.016081177171125383e+01
4.625904675580361225e-01 -1.030285061516622491e+01
4.827030965822985964e-01 -1.035748962367878967e+01
5.028157256065610703e-01 -1.037967436430971091e+01
5.229283546308235442e-01 -1.046768049735096362e+01
5.430409836550859071e-01 -1.057019177284708356e+01
5.631536126793483810e-01 -1.063160251126522837e+01
5.832662417036108549e-01 -1.065918097273473819e+01
6.033788707278732177e-01 -1.068859196672497625e+01
6.234914997521356916e-01 -1.071927072431962280e+01
6.436041287763981655e-01 -1.075557763716611248e+01
6.637167578006606394e-01 -1.078182099323115217e+01
6.838293868249230023e-01 -1.078923911425485649e+01
7.039420158491854762e-01 -1.079486383773581082e+01
7.240546448734478391e-01 -1.079527687362280908e+01
7.441672738977103130e-01 -1.079277708588051610e+01
7.642799029219726759e-01 -1.079024955790876206e+01
7.843925319462351498e-01 -1.079186097634589991e+01
8.045051609704976237e-01 -1.078958144139961561e+01
8.246177899947599865e-01 -1.078133420160964207e+01
8.447304190190225714e-01 -1.077166888980098314e+01
8.648430480432849343e-01 -1.077065459547787896e+01
8.849556770675472972e-01 -1.077646049571876929e+01
9.050683060918098821e-01 -1.077090056178980326e+01
9.251809351160722450e-01 -1.078156403358038240e+01
9.452935641403348299e-01 -1.079072059521239879e+01
9.654061931645971928e-01 -1.078350169086376731e+01
9.855188221888595557e-01 -1.077532332631962042e+01
1.005631451213122141e+00 -1.078315134024157906e+01
1.025744080237384503e+00 -1.078606751337751568e+01
1.045856709261647088e+00 -1.077787899508243541e+01
1.065969338285909451e+00 -1.077846035790580359e+01
1.086081967310171814e+00 -1.077991064733073223e+01
1.106194596334434399e+00 -1.077642965486862536e+01
1.126307225358696762e+00 -1.077687784586401065e+01
1.146419854382959125e+00 -1.078075808057068130e+01
1.166532483407221710e+00 -1.078772635815426995e+01
1.186645112431484073e+00 -1.078923067301634298e+01
1.206757741455746435e+00 -1.077451543118586663e+01
1.226870370480009020e+00 -1.075534475988599503e+01
1.246982999504271383e+00 -1.076360114815204838e+01
1.267095628528533968e+00 -1.075751398691828342e+01
1.287208257552796331e+00 -1.074626575488450264e+01
1.307320886577058694e+00 -1.074260937517083647e+01
1.327433515601321279e+00 -1.075232154206259771e+01
1.347546144625583642e+00 -1.074818503963927263e+01
1.367658773649846005e+00 -1.074721327422049377e+01
1.387771402674108367e+00 -1.074148940553726916e+01
1.407884031698370952e+00 -1.071817626465009887e+01
1.427996660722633315e+00 -1.070494658971320234e+01
1.448109289746895678e+00 -1.071016017016114574e+01
1.468221918771158263e+00 -1.071928916436984913e+01
1.488334547795420626e+00 -1.069926951628915290e+01
1.508447176819682989e+00 -1.067349112551941026e+01
1.528559805843945352e+00 -1.065514148131635785e+01
1.548672434868207937e+00 -1.063783243102112941e+01
1.568785063892470300e+00 -1.062511573503014262e+01
1.588897692916732884e+00 -1.059241315785920001e+01
1.609010321940995247e+00 -1.054642290302563623e+01
1.629122950965257610e+00 -1.053616608086200479e+01
1.649235579989519973e+00 -1.053343128757472158e+01
1.669348209013782780e+00 -1.049697752998716105e+01
1.689460838038045143e+00 -1.043014940116806244e+01
1.709573467062307506e+00 -1.037006522424080401e+01
1.729686096086569869e+00 -1.033667232026247440e+01
1.749798725110832232e+00 -1.031160759297236851e+01
1.769911354135094594e+00 -1.028313945360816106e+01
1.790023983159357401e+00 -1.025089564131418207e+01
1.810136612183619764e+00 -1.022200600369699153e+01
1.830249241207882127e+00 -1.022587152625199280e+01
1.850361870232144490e+00 -1.024148413345093367e+01
1.870474499256406853e+00 -1.026093243686888101e+01
1.890587128280669660e+00 -1.029035239701134152e+01
1.910699757304932023e+00 -1.032387660271527530e+01
1.930812386329194386e+00 -1.035375618202479409e+01
1.950925015353456748e+00 -1.038159475735894866e+01
1.971037644377719111e+00 -1.037531330846139177e+01
1.991150273401981918e+00 -1.039586818951591241e+01
2.011262902426244281e+00 -1.043017199016601282e+01
2.031375531450506422e+00 -1.045890358625929650e+01
2.051488160474769007e+00 -1.051211459043408958e+01
2.071600789499031148e+00 -1.055521128856840463e+01
2.091713418523294177e+00 -1.059199109525450133e+01
2.111826047547556318e+00 -1.062073954739871873e+01
2.131938676571818903e+00 -1.062323280616315024e+01
2.152051305596081043e+00 -1.059662313154882263e+01
2.172163934620343628e+00 -1.060449797793649651e+01
2.192276563644605769e+00 -1.061961513451829475e+01
2.212389192668868798e+00 -1.062913191202198604e+01
2.232501821693130939e+00 -1.064375605142646819e+01
2.252614450717393524e+00 -1.067734995127283959e+01
2.272727079741655665e+00 -1.069839050819086168e+01
2.292839708765918250e+00 -1.070870922103384082e+01
2.312952337790180835e+00 -1.071335228301360409e+01
2.333064966814443419e+00 -1.071949100194935056e+01
2.353177595838705560e+00 -1.073100319801031510e+01
2.373290224862968145e+00 -1.073749908737010905e+01
2.393402853887230286e+00 -1.072761023677006165e+01
2.413515482911492871e+00 -1.070970994951558808e+01
2.433628111935755456e+00 -1.069620577552564988e+01
2.453740740960018041e+00 -1.068944249188655249e+01
2.473853369984280182e+00 -1.069578847580827308e+01
2.493965999008542767e+00 -1.070945497388783885e+01
2.514078628032804907e+00 -1.072052145799946565e+01
2.534191257057067936e+00 -1.074233534792564626e+01
2.554303886081330077e+00 -1.075413429896050133e+01
2.574416515105592662e+00 -1.075157592044374688e+01
