0.000000000000000000e+00 -1.549019599857431873e-01
2.011262902426244267e-02 -2.123401083604457007e-01
4.022525804852488535e-02 -6.098475659598538989e-01
6.033788707278732455e-02 -2.773038303156916129e+00
8.045051609704977069e-02 -4.444196340265096801e+00
1.005631451213122030e-01 -5.002135852198120070e+00
1.206757741455746491e-01 -5.267421101484996093e+00
1.407884031698370952e-01 -5.231980473516221863e+00
1.609010321940995414e-01 -5.054304922289897917e+00
1.810136612183619598e-01 -4.889598636179301572e+00
2.011262902426244059e-01 -4.813029712618975609e+00
2.212389192668868243e-01 -4.781596162352406587e+00
2.413515482911492982e-01 -4.766489472178832010e+00
2.614641773154117721e-01 -4.831016239170011772e+00
2.815768063396741905e-01 -4.879908321133365590e+00
3.016894353639366089e-01 -4.860644709128742136e+00
3.218020643881990828e-01 -4.828497407158451438e+00
3.419146934124615012e-01 -4.873345767395925954e+00
3.620273224367239195e-01 -4.915572545902505475e+00
3.821399514609863379e-01 -4.940409369983037813e+00
4.022525804852488118e-01 -4.948517742064616698e+00
4.223652095095112857e-01 -4.983788933148185940e+00
4.424778385337736486e-01 -5.071691741556434430e+00
4.625904675580361225e-01 -5.184962122293853781e+00
4.827030965822985964e-01 -5.266707950479476708e+00
5.028157256065610703e-01 -5.287828253771536424e+00
5.229283546308235442e-01 -5.290552537701580071e+00
5.430409836550859071e-01 -5.332133732818571836e+00
5.631536126793483810e-01 -5.354090830834891790e+00
5.832662417036108549e-01 -5.346290183636350335e+00
6.033788707278732177e-01 -5.338111132796058200e+00
6.234914997521356916e-01 -5.360564597764529537e+00
6.436041287763981655e-01 -5.380432446313451855e+00
6.637167578006606394e-01 -5.386460349479745169e+00
6.838293868249230023e-01 -5.391596656658748543e+00
7.039420158491854762e-01 -5.396102091073629481e+00
7.240546448734478391e-01 -5.393153019086350142e+00
7.441672738977103130e-01 -5.395269954846114935e+00
7.642799029219726759e-01 -5.393268923302215967e+00
7.843925319462351498e-01 -5.388131281156916863e+00
8.045051609704976237e-01 -5.393131984482849361e+00
8.246177899947599865e-01 -5.397011383532007045e+00
8.447304190190225714e-01 -5.396657789165012709e+00
8.648430480432849343e-01 -5.392830894560558086e+00
8.849556770675472972e-01 -5.390573962927211582e+00
9.050683060918098821e-01 -5.389402685883769806e+00
9.251809351160722450e-01 -5.393987118350143994e+00
9.452935641403348299e-01 -5.392773376905109828e+00
9.654061931645971928e-01 -5.392357042809828194e+00
9.855188221888595557e-01 -5.396079534121108523e+00
1.005631451213122141e+00 -5.394400189640855103e+00
1.025744080237384503e+00 -5.392528050845371013e+00
1.045856709261647088e+00 -5.394385509718190086e+00
1.065969338285909451e+00 -5.396583818031211344e+00
1.086081967310171814e+00 -5.393022853886213497e+00
1.106194596334434399e+00 -5.387647439521197512e+00
1.126307225358696762e+00 -5.386017908422301659e+00
1.146419854382959125e+00 -5.386852795567650176e+00
1.166532483407221710e+00 -5.391234280618233399e+00
1.186645112431484073e+00 -5.392825491128157900e+00
1.206757741455746435e+00 -5.394329502375573071e+00
1.226870370480009020e+00 -5.393129843338669183e+00
1.246982999504271383e+00 -5.391989062267595223e+00
1.267095628528533968e+00 -5.392266878341354541e+00
1.287208257552796331e+00 -5.393796169824708109e+00
1.307320886577058694e+00 -5.387319365224310985e+00
1.327433515601321279e+00 -5.380590861761484156e+00
1.347546144625583642e+00 -5.377448937457783629e+00
1.367658773649846005e+00 -5.374952525275544346e+00
1.387771402674108367e+00 -5.370014923153979325e+00
1.407884031698370952e+00 -5.364466452614156999e+00
1.427996660722633315e+00 -5.358069964656884565e+00
1.448109289746895678e+00 -5.347026830351196303e+00
1.468221918771158263e+00 -5.338396998121142545e+00
1.488334547795420626e+00 -5.330913256620316787e+00
1.508447176819682989e+00 -5.329414691413431271e+00
1.528559805843945352e+00 -5.333192669230648164e+00
1.548672434868207937e+00 -5.335087456281614848e+00
1.568785063892470300e+00 -5.313739136714724864e+00
1.588897692916732884e+00 -5.291608768039614219e+00
1.609010321940995247e+00 -5.278708815085825456e+00
1.629122950965257610e+00 -5.280674232316100891e+00
1.649235579989519973e+00 -5.286944113722524818e+00
1.669348209013782780e+00 -5.271349176366736167e+00
1.689460838038045143e+00 -5.236637525084306688e+00
1.709573467062307506e+00 -5.204683964107281291e+00
1.729686096086569869e+00 -5.168855258904424765e+00
1.749798725110832232e+00 -5.148030975547080779e+00
1.769911354135094594e+00 -5.157411858187844089e+00
1.790023983159357401e+00 -5.154264602287490504e+00
1.810136612183619764e+00 -5.140095467447491018e+00
1.830249241207882127e+00 -5.151830097893304483e+00
1.850361870232144490e+00 -5.162320462438937163e+00
1.870474499256406853e+00 -5.157145351640569864e+00
1.890587128280669660e+00 -5.159690516180352127e+00
1.910699757304932023e+00 -5.174507726191333923e+00
1.930812386329194386e+00 -5.173983681688774539e+00
1.950925015353456748e+00 -5.172315914431333539e+00
1.971037644377719111e+00 -5.188136295192140146e+00
1.991150273401981918e+00 -5.209785438536843394e+00
2.011262902426244281e+00 -5.229518279126198266e+00
2.031375531450506422e+00 -5.240044963699503455e+00
2.051488160474769007e+00 -5.257417212716530841e+00
2.071600789499031148e+00 -5.279290763851455459e+00
2.091713418523294177e+00 -5.296228261215162547e+00
2.111826047547556318e+00 -5.301955568155963583e+00
2.131938676571818903e+00 -5.312114921765431319e+00
2.152051305596081043e+00 -5.317545517156355928e+00
2.172163934620343628e+00 -5.324090751826206613e+00
2.192276563644605769e+00 -5.333765933339289056e+00
2.212389192668868798e+00 -5.336018954819182092e+00
2.232501821693130939e+00 -5.335041522021152893e+00
2.252614450717393524e+00 -5.341933781145810300e+00
2.272727079741655665e+00 -5.352605648064381327e+00
2.292839708765918250e+00 -5.349358450945002730e+00
2.312952337790180835e+00 -5.351239928786743150e+00
2.333064966814443419e+00 -5.355086775711724201e+00
2.353177595838705560e+00 -5.352890484363876489e+00
2.373290224862968145e+00 -5.358442271394180167e+00
2.393402853887230286e+00 -5.364034521169006808e+00
2.413515482911492871e+00 -5.369894429020419580e+00
2.433628111935755456e+00 -5.375254992230409812e+00
2.453740740960018041e+00 -5.378610462476827614e+00
2.473853369984280182e+00 -5.378628220025909457e+00
2.493965999008542767e+00 -5.378436293063954210e+00
2.514078628032804907e+00 -5.377729100121626971e+00
2.534191257057067936e+00 -5.380981996142797819e+00
2.554303886081330077e+00 -5.381331273399805326e+00
2.574416515105592662e+00 -5.375369099095391512e+00
