0.000000000000000000e+00 -1.549019599857431873e-01
2.011262902426244267e-02 -1.873058196231612571e-01
4.022525804852488535e-02 -5.078060624559109781e-01
6.033788707278732455e-02 -2.045186475413855121e+00
8.045051609704977069e-02 -3.936475085592324508e+00
1.005631451213122030e-01 -4.758788000633857429e+00
1.206757741455746491e-01 -5.123886042740421587e+00
1.407884031698370952e-01 -5.291888993458723434e+00
1.609010321940995414e-01 -5.388211598129402979e+00
1.810136612183619598e-01 -5.397161178439805695e+00
2.011262902426244059e-01 -5.397940008671866963e+00
2.212389192668868243e-01 -5.397940008671866963e+00
2.413515482911492982e-01 -5.397940008671870515e+00
2.614641773154117721e-01 -5.397940008671866963e+00
2.815768063396741905e-01 -5.397940008671866963e+00
3.016894353639366089e-01 -5.397940008671866963e+00
3.218020643881990828e-01 -5.397940008671866963e+00
3.419146934124615012e-01 -5.397940008671866963e+00
3.620273224367239195e-01 -5.397940008671866963e+00
3.821399514609863379e-01 -5.397940008671866963e+00
4.022525804852488118e-01 -5.397940008671866963e+00
4.223652095095112857e-01 -5.397940008671866963e+00
4.424778385337736486e-01 -5.397940008671866963e+00
4.625904675580361225e-01 -5.397940008674668277e+00
4.827030965822985964e-01 -5.397940008675504941e+00
5.028157256065610703e-01 -5.397940008675504941e+00
5.229283546308235442e-01 -5.397940008675504941e+00
5.430409836550859071e-01 -5.397940008675504941e+00
5.631536126793483810e-01 -5.397940008675504941e+00
5.832662417036108549e-01 -5.397940008675504941e+00
6.033788707278732177e-01 -5.397940008675504941e+00
6.234914997521356916e-01 -5.397940008675504941e+00
6.436041287763981655e-01 -5.397940008670166989e+00
6.637167578006606394e-01 -5.397940008668228984e+00
6.838293868249230023e-01 -5.397940008668228984e+00
7.039420158491854762e-01 -5.397940008668228984e+00
7.240546448734478391e-01 -5.397940008668228984e+00
7.441672738977103130e-01 -5.397940008668228984e+00
7.642799029219726759e-01 -5.397940008668228984e+00
7.843925319462351498e-01 -5.397940008668228984e+00
8.045051609704976237e-01 -5.397940008668228984e+00
8.246177899947599865e-01 -5.397940008668228984e+00
8.447304190190225714e-01 -5.397940008668228984e+00
8.648430480432849343e-01 -5.397940008668228984e+00
8.849556770675472972e-01 -5.397940008668228984e+00
9.050683060918098821e-01 -5.397866115796411179e+00
9.251809351160722450e-01 -5.397811166916393510e+00
9.452935641403348299e-01 -5.397933873075852595e+00
9.654061931645971928e-01 -5.397555840653446957e+00
9.855188221888595557e-01 -5.397661217051956228e+00
1.005631451213122141e+00 -5.397940008668228984e+00
1.025744080237384503e+00 -5.397940008668228984e+00
1.045856709261647088e+00 -5.397940008668228984e+00
1.065969338285909451e+00 -5.397940008668228984e+00
1.086081967310171814e+00 -5.397940008668228984e+00
1.106194596334434399e+00 -5.397860119844435367e+00
1.126307225358696762e+00 -5.396052594628646837e+00
1.146419854382959125e+00 -5.394115794205238679e+00
1.166532483407221710e+00 -5.394546031174582978e+00
1.186645112431484073e+00 -5.396340592385685753e+00
1.206757741455746435e+00 -5.397534530772892580e+00
1.226870370480009020e+00 -5.397058911311423124e+00
1.246982999504271383e+00 -5.396513203152596638e+00
1.267095628528533968e+00 -5.393388519446922658e+00
1.287208257552796331e+00 -5.392680593856620241e+00
1.307320886577058694e+00 -5.393553449995958537e+00
1.327433515601321279e+00 -5.392381753811866574e+00
1.347546144625583642e+00 -5.390773035627150378e+00
1.367658773649846005e+00 -5.388517948081204878e+00
1.387771402674108367e+00 -5.386898944467570338e+00
1.407884031698370952e+00 -5.388217905745557701e+00
1.427996660722633315e+00 -5.386295199915735132e+00
1.448109289746895678e+00 -5.386455432261145759e+00
1.468221918771158263e+00 -5.381022301923402473e+00
1.488334547795420626e+00 -5.370891049957180030e+00
1.508447176819682989e+00 -5.349355518966722123e+00
1.528559805843945352e+00 -5.327921682567064998e+00
1.548672434868207937e+00 -5.314953457917597213e+00
1.568785063892470300e+00 -5.308787986726164476e+00
1.588897692916732884e+00 -5.299517359603074240e+00
1.609010321940995247e+00 -5.289741551465384717e+00
1.629122950965257610e+00 -5.282483144690165666e+00
1.649235579989519973e+00 -5.264127120540468496e+00
1.669348209013782780e+00 -5.238797661253655313e+00
1.689460838038045143e+00 -5.212124041465817648e+00
1.709573467062307506e+00 -5.186809561164436033e+00
1.729686096086569869e+00 -5.149420201203515290e+00
1.749798725110832232e+00 -5.121280162986088236e+00
1.769911354135094594e+00 -5.115198124658690837e+00
1.790023983159357401e+00 -5.121406989525625342e+00
1.810136612183619764e+00 -5.124313026050118403e+00
1.830249241207882127e+00 -5.119572962285897866e+00
1.850361870232144490e+00 -5.106252691863842230e+00
1.870474499256406853e+00 -5.088157146154709487e+00
1.890587128280669660e+00 -5.081624059281169004e+00
1.910699757304932023e+00 -5.092029226278902421e+00
1.930812386329194386e+00 -5.128018127092810019e+00
1.950925015353456748e+00 -5.166078258201387996e+00
1.971037644377719111e+00 -5.189255571383554866e+00
1.991150273401981918e+00 -5.201449193969445162e+00
2.011262902426244281e+00 -5.209714200216021496e+00
2.031375531450506422e+00 -5.197421585335492367e+00
2.051488160474769007e+00 -5.191557032243423464e+00
2.071600789499031148e+00 -5.203273905786214293e+00
2.091713418523294177e+00 -5.230265349079474824e+00
2.111826047547556318e+00 -5.262086932162262976e+00
2.131938676571818903e+00 -5.281213947554964427e+00
2.152051305596081043e+00 -5.292826313551231010e+00
2.172163934620343628e+00 -5.298108722363531697e+00
2.192276563644605769e+00 -5.317769223673367129e+00
2.212389192668868798e+00 -5.334691172464067321e+00
2.232501821693130939e+00 -5.335437539163030429e+00
2.252614450717393524e+00 -5.332073776318548397e+00
2.272727079741655665e+00 -5.344154189045380754e+00
2.292839708765918250e+00 -5.356376331927989121e+00
2.312952337790180835e+00 -5.362154023755723031e+00
2.333064966814443419e+00 -5.369209799890137802e+00
2.353177595838705560e+00 -5.372823236708708983e+00
2.373290224862968145e+00 -5.370879802685354143e+00
2.393402853887230286e+00 -5.369824636821539876e+00
2.413515482911492871e+00 -5.370725571004094867e+00
2.433628111935755456e+00 -5.372577494216404403e+00
2.453740740960018041e+00 -5.374871610027645019e+00
2.473853369984280182e+00 -5.377353885282529333e+00
2.493965999008542767e+00 -5.380350374658343426e+00
2.514078628032804907e+00 -5.382388894368110854e+00
2.534191257057067936e+00 -5.383057218984245829e+00
2.554303886081330077e+00 -5.382567609389107943e+00
2.574416515105592662e+00 -5.383933445475051371e+00
