0.000000000000000000e+00 -1.549019599857431873e-01
2.011262902426244267e-02 -2.104083880244321803e-01
4.022525804852488535e-02 -6.576549031328692285e-01
6.033788707278732455e-02 -3.099576760693976141e+00
8.045051609704977069e-02 -4.510211691740009243e+00
1.005631451213122030e-01 -5.137244541919708141e+00
1.206757741455746491e-01 -5.366240849351632036e+00
1.407884031698370952e-01 -5.397940008671907819e+00
1.609010321940995414e-01 -5.397940008671866963e+00
1.810136612183619598e-01 -5.397940008671868739e+00
2.011262902426244059e-01 -5.397833820752416578e+00
2.212389192668868243e-01 -5.397172448548700707e+00
2.413515482911492982e-01 -5.397773037400977358e+00
2.614641773154117721e-01 -5.397940008671866963e+00
2.815768063396741905e-01 -5.397940008671866963e+00
3.016894353639366089e-01 -5.397940008671866963e+00
3.218020643881990828e-01 -5.397940008671871404e+00
3.419146934124615012e-01 -5.397940008671866963e+00
3.620273224367239195e-01 -5.397940008671866963e+00
3.821399514609863379e-01 -5.397940008671866963e+00
4.022525804852488118e-01 -5.397940008671866963e+00
4.223652095095112857e-01 -5.397940008671866963e+00
4.424778385337736486e-01 -5.397940008671866963e+00
4.625904675580361225e-01 -5.397940008674940948e+00
4.827030965822985964e-01 -5.397940008675504941e+00
5.028157256065610703e-01 -5.397940008675504941e+00
5.229283546308235442e-01 -5.397940008675504941e+00
5.430409836550859071e-01 -5.397940008675504941e+00
5.631536126793483810e-01 -5.397940008675504941e+00
5.832662417036108549e-01 -5.397940008675504941e+00
6.033788707278732177e-01 -5.397940008675504941e+00
6.234914997521356916e-01 -5.397940008675504941e+00
6.436041287763981655e-01 -5.397940008669800172e+00
6.637167578006606394e-01 -5.397940008668228984e+00
6.838293868249230023e-01 -5.397940008668228984e+00
7.039420158491854762e-01 -5.397940008668228984e+00
7.240546448734478391e-01 -5.397940008668228984e+00
7.441672738977103130e-01 -5.397940008668228984e+00
7.642799029219726759e-01 -5.397940008668228984e+00
7.843925319462351498e-01 -5.397940008668228984e+00
8.045051609704976237e-01 -5.397940008668228984e+00
8.246177899947599865e-01 -5.397940008668228984e+00
8.447304190190225714e-01 -5.397940008668228984e+00
8.648430480432849343e-01 -5.397940008668228984e+00
8.849556770675472972e-01 -5.397940008668228984e+00
9.050683060918098821e-01 -5.397940008668241418e+00
9.251809351160722450e-01 -5.397940008668228984e+00
9.452935641403348299e-01 -5.397940008668228984e+00
9.654061931645971928e-01 -5.397940008668228984e+00
9.855188221888595557e-01 -5.397859800446469514e+00
1.005631451213122141e+00 -5.397446794831175509e+00
1.025744080237384503e+00 -5.397914653799547047e+00
1.045856709261647088e+00 -5.397628423021188837e+00
1.065969338285909451e+00 -5.397367643703894657e+00
1.086081967310171814e+00 -5.397857730280477995e+00
1.106194596334434399e+00 -5.397938087448229894e+00
1.126307225358696762e+00 -5.397849576202861321e+00
1.146419854382959125e+00 -5.397630698835257590e+00
1.166532483407221710e+00 -5.396815423488138030e+00
1.186645112431484073e+00 -5.393671354748291513e+00
1.206757741455746435e+00 -5.394574285882302256e+00
1.226870370480009020e+00 -5.396105944751393046e+00
1.246982999504271383e+00 -5.392009563825826746e+00
1.267095628528533968e+00 -5.389564751545064425e+00
1.287208257552796331e+00 -5.386788407236375420e+00
1.307320886577058694e+00 -5.378887668372761333e+00
1.327433515601321279e+00 -5.368082909407141834e+00
1.347546144625583642e+00 -5.363413150726024980e+00
1.367658773649846005e+00 -5.369426108416933019e+00
1.387771402674108367e+00 -5.373036040262021196e+00
1.407884031698370952e+00 -5.367487604556694158e+00
1.427996660722633315e+00 -5.369228525085139481e+00
1.448109289746895678e+00 -5.367976202016608411e+00
1.468221918771158263e+00 -5.357353421791575698e+00
1.488334547795420626e+00 -5.328811365222925645e+00
1.508447176819682989e+00 -5.292185813544127093e+00
1.528559805843945352e+00 -5.283927648259979293e+00
1.548672434868207937e+00 -5.286960035093254184e+00
1.568785063892470300e+00 -5.280460723825299851e+00
1.588897692916732884e+00 -5.261737353597284894e+00
1.609010321940995247e+00 -5.242772281919759081e+00
1.629122950965257610e+00 -5.224346893367551203e+00
1.649235579989519973e+00 -5.192072296180843871e+00
1.669348209013782780e+00 -5.155252879052850901e+00
1.689460838038045143e+00 -5.114795793012084424e+00
1.709573467062307506e+00 -5.098025047728687476e+00
1.729686096086569869e+00 -5.081851824582193089e+00
1.749798725110832232e+00 -5.056986280444973225e+00
1.769911354135094594e+00 -5.026512437980859893e+00
1.790023983159357401e+00 -4.993028470911746730e+00
1.810136612183619764e+00 -4.966868277985140523e+00
1.830249241207882127e+00 -4.958733293726338864e+00
1.850361870232144490e+00 -4.962107435932995969e+00
1.870474499256406853e+00 -5.003203425820751171e+00
1.890587128280669660e+00 -5.035577418249303605e+00
1.910699757304932023e+00 -5.045983758015051279e+00
1.930812386329194386e+00 -5.057301148363338328e+00
1.950925015353456748e+00 -5.075591005152570112e+00
1.971037644377719111e+00 -5.084996486835788865e+00
1.991150273401981918e+00 -5.124819817783086151e+00
2.011262902426244281e+00 -5.155661920648501706e+00
2.031375531450506422e+00 -5.180487862525099629e+00
2.051488160474769007e+00 -5.199880458814075013e+00
2.071600789499031148e+00 -5.225479909327998662e+00
2.091713418523294177e+00 -5.229878360432363316e+00
2.111826047547556318e+00 -5.236503246262732780e+00
2.131938676571818903e+00 -5.264700497013317104e+00
2.152051305596081043e+00 -5.286845864543231244e+00
2.172163934620343628e+00 -5.305576621359093359e+00
2.192276563644605769e+00 -5.311747006175599140e+00
2.212389192668868798e+00 -5.309409187812558883e+00
2.232501821693130939e+00 -5.316061596552340340e+00
2.252614450717393524e+00 -5.335693883892989042e+00
2.272727079741655665e+00 -5.350225822747005644e+00
2.292839708765918250e+00 -5.352359751826551992e+00
2.312952337790180835e+00 -5.351351983580109106e+00
2.333064966814443419e+00 -5.347244113592453552e+00
2.353177595838705560e+00 -5.344161102911183292e+00
2.373290224862968145e+00 -5.350611514817503966e+00
2.393402853887230286e+00 -5.366160988175172619e+00
2.413515482911492871e+00 -5.373997790367447180e+00
2.433628111935755456e+00 -5.375348402703474804e+00
2.453740740960018041e+00 -5.371250333833948787e+00
2.473853369984280182e+00 -5.367009859867863497e+00
2.493965999008542767e+00 -5.373953407917300140e+00
2.514078628032804907e+00 -5.382804191497660540e+00
2.534191257057067936e+00 -5.383225234834749351e+00
2.554303886081330077e+00 -5.380337218519914977e+00
2.574416515105592662e+00 -5.378817590594673348e+00
