0.000000000000000000e+00 -1.549019599857431873e-01
2.011262902426244267e-02 -2.125865262478375539e-01
4.022525804852488535e-02 -6.564090873083826549e-01
6.033788707278732455e-02 -3.046389755430115365e+00
8.045051609704977069e-02 -4.543760330063507880e+00
1.005631451213122030e-01 -5.139035580674421233e+00
1.206757741455746491e-01 -5.373252989317551354e+00
1.407884031698370952e-01 -5.397940008671906931e+00
1.609010321940995414e-01 -5.397940008671866963e+00
1.810136612183619598e-01 -5.397940008671868739e+00
2.011262902426244059e-01 -5.397940008671866963e+00
2.212389192668868243e-01 -5.397940008671866963e+00
2.413515482911492982e-01 -5.397940008671870515e+00
2.614641773154117721e-01 -5.397940008671866963e+00
2.815768063396741905e-01 -5.397940008671866963e+00
3.016894353639366089e-01 -5.397940008671866963e+00
3.218020643881990828e-01 -5.397857895467008227e+00
3.419146934124615012e-01 -5.397869894267360635e+00
3.620273224367239195e-01 -5.397940008671866963e+00
3.821399514609863379e-01 -5.397940008671866963e+00
4.022525804852488118e-01 -5.397940008671866963e+00
4.223652095095112857e-01 -5.397940008671866963e+00
4.424778385337736486e-01 -5.397940008671866963e+00
4.625904675580361225e-01 -5.397940008674933843e+00
4.827030965822985964e-01 -5.397894464626587840e+00
5.028157256065610703e-01 -5.396427362129324834e+00
5.229283546308235442e-01 -5.396351673348458000e+00
5.430409836550859071e-01 -5.397896969486922991e+00
5.631536126793483810e-01 -5.397940008675504941e+00
5.832662417036108549e-01 -5.397940008675504941e+00
6.033788707278732177e-01 -5.397940008675504941e+00
6.234914997521356916e-01 -5.397940008675504941e+00
6.436041287763981655e-01 -5.397940008669800172e+00
6.637167578006606394e-01 -5.397940008668228984e+00
6.838293868249230023e-01 -5.397940008668228984e+00
7.039420158491854762e-01 -5.397940008668228984e+00
7.240546448734478391e-01 -5.397940008668228984e+00
7.441672738977103130e-01 -5.397940008668228984e+00
7.642799029219726759e-01 -5.397940008668228984e+00
7.843925319462351498e-01 -5.397940008668228984e+00
8.045051609704976237e-01 -5.397940008668228984e+00
8.246177899947599865e-01 -5.397940008668228984e+00
8.447304190190225714e-01 -5.397940008668228984e+00
8.648430480432849343e-01 -5.397676609869308528e+00
8.849556770675472972e-01 -5.397765979974487038e+00
9.050683060918098821e-01 -5.397780672372423538e+00
9.251809351160722450e-01 -5.397756186182180116e+00
9.452935641403348299e-01 -5.397837591054964079e+00
9.654061931645971928e-01 -5.396887386809858356e+00
9.855188221888595557e-01 -5.396970917681071178e+00
1.005631451213122141e+00 -5.397664384596695619e+00
1.025744080237384503e+00 -5.397893369093610616e+00
1.045856709261647088e+00 -5.397374725280711161e+00
1.065969338285909451e+00 -5.397561820783579378e+00
1.086081967310171814e+00 -5.397292545942721453e+00
1.106194596334434399e+00 -5.394617585377785574e+00
1.126307225358696762e+00 -5.393586503856183434e+00
1.146419854382959125e+00 -5.395358263589818293e+00
1.166532483407221710e+00 -5.396075334928235989e+00
1.186645112431484073e+00 -5.397289673586985081e+00
1.206757741455746435e+00 -5.397005370995850093e+00
1.226870370480009020e+00 -5.394860114837674026e+00
1.246982999504271383e+00 -5.392060912449982979e+00
1.267095628528533968e+00 -5.388949282546393604e+00
1.287208257552796331e+00 -5.381024229438415851e+00
1.307320886577058694e+00 -5.381299590794637489e+00
1.327433515601321279e+00 -5.388323088836282970e+00
1.347546144625583642e+00 -5.389430710647234335e+00
1.367658773649846005e+00 -5.383494839642855467e+00
1.387771402674108367e+00 -5.375909097409623527e+00
1.407884031698370952e+00 -5.368525195434148856e+00
1.427996660722633315e+00 -5.367067139070468507e+00
1.448109289746895678e+00 -5.358493617891304517e+00
1.468221918771158263e+00 -5.343786518679954689e+00
1.488334547795420626e+00 -5.325990770747315750e+00
1.508447176819682989e+00 -5.318944684293349212e+00
1.528559805843945352e+00 -5.305083061977055259e+00
1.548672434868207937e+00 -5.291644800674713878e+00
1.568785063892470300e+00 -5.292271475919918089e+00
1.588897692916732884e+00 -5.287897248939979811e+00
1.609010321940995247e+00 -5.253116907282230130e+00
1.629122950965257610e+00 -5.209044713320514219e+00
1.649235579989519973e+00 -5.173052239274358755e+00
1.669348209013782780e+00 -5.144175474832264783e+00
1.689460838038045143e+00 -5.116079378406509726e+00
1.709573467062307506e+00 -5.096868047218043429e+00
1.729686096086569869e+00 -5.054088422255692770e+00
1.749798725110832232e+00 -5.011205404548561226e+00
1.769911354135094594e+00 -4.999500241294025926e+00
1.790023983159357401e+00 -5.003946804189295605e+00
1.810136612183619764e+00 -4.989436617840351751e+00
1.830249241207882127e+00 -4.974452081216066190e+00
1.850361870232144490e+00 -4.977887860589873092e+00
1.870474499256406853e+00 -4.987516370124465581e+00
1.890587128280669660e+00 -4.989518058722008931e+00
1.910699757304932023e+00 -5.006751498429329317e+00
1.930812386329194386e+00 -5.059305919683200869e+00
1.950925015353456748e+00 -5.118070941567183674e+00
1.971037644377719111e+00 -5.128850510617504632e+00
1.991150273401981918e+00 -5.126766281599387298e+00
2.011262902426244281e+00 -5.152247711320027790e+00
2.031375531450506422e+00 -5.187127127811501204e+00
2.051488160474769007e+00 -5.207095713377086987e+00
2.071600789499031148e+00 -5.212106111438226996e+00
2.091713418523294177e+00 -5.225761870601158599e+00
2.111826047547556318e+00 -5.257482394070056131e+00
2.131938676571818903e+00 -5.283078170980499699e+00
2.152051305596081043e+00 -5.294819741065934338e+00
2.172163934620343628e+00 -5.307651406711983988e+00
2.192276563644605769e+00 -5.313015930095520645e+00
2.212389192668868798e+00 -5.317193385750908163e+00
2.232501821693130939e+00 -5.321216609687108523e+00
2.252614450717393524e+00 -5.333513315158246115e+00
2.272727079741655665e+00 -5.338042570685009203e+00
2.292839708765918250e+00 -5.347014537885342200e+00
2.312952337790180835e+00 -5.351794703953550503e+00
2.333064966814443419e+00 -5.350279797584106767e+00
2.353177595838705560e+00 -5.356974976098740626e+00
2.373290224862968145e+00 -5.368202873056497459e+00
2.393402853887230286e+00 -5.367585531076676020e+00
2.413515482911492871e+00 -5.362445209141062819e+00
2.433628111935755456e+00 -5.364229956543125510e+00
2.453740740960018041e+00 -5.367348340408184093e+00
2.473853369984280182e+00 -5.370162423102605054e+00
2.493965999008542767e+00 -5.376764391167294654e+00
2.514078628032804907e+00 -5.381372208939790625e+00
2.534191257057067936e+00 -5.379407945937593638e+00
2.554303886081330077e+00 -5.374175469785362758e+00
2.574416515105592662e+00 -5.375032616074217451e+00
