0.000000000000000000e+00 -1.549019599857431873e-01
2.011262902426244267e-02 -2.055910406288518344e-01
4.022525804852488535e-02 -6.410374756873192803e-01
6.033788707278732455e-02 -2.913172131052295111e+00
8.045051609704977069e-02 -4.481095420602411394e+00
1.005631451213122030e-01 -5.111629626982746366e+00
1.206757741455746491e-01 -5.366320316194114426e+00
1.407884031698370952e-01 -5.397940008671912260e+00
1.609010321940995414e-01 -5.397940008671866963e+00
1.810136612183619598e-01 -5.397940008671866963e+00
2.011262902426244059e-01 -5.397940008671866963e+00
2.212389192668868243e-01 -5.397940008671866963e+00
2.413515482911492982e-01 -5.397940008671870515e+00
2.614641773154117721e-01 -5.397940008671866963e+00
2.815768063396741905e-01 -5.397940008671866963e+00
3.016894353639366089e-01 -5.397940008671866963e+00
3.218020643881990828e-01 -5.397940008671866963e+00
3.419146934124615012e-01 -5.397940008671866963e+00
3.620273224367239195e-01 -5.397940008671866963e+00
3.821399514609863379e-01 -5.397940008671866963e+00
4.022525804852488118e-01 -5.397940008671866963e+00
4.223652095095112857e-01 -5.397940008671866963e+00
4.424778385337736486e-01 -5.397940008671866963e+00
4.625904675580361225e-01 -5.397940008674920520e+00
4.827030965822985964e-01 -5.397940008675504941e+00
5.028157256065610703e-01 -5.397940008675504941e+00
5.229283546308235442e-01 -5.397940008675504941e+00
5.430409836550859071e-01 -5.397940008675504941e+00
5.631536126793483810e-01 -5.397940008675504941e+00
5.832662417036108549e-01 -5.397940008675504941e+00
6.033788707278732177e-01 -5.397940008675504941e+00
6.234914997521356916e-01 -5.397940008675504941e+00
6.436041287763981655e-01 -5.397940008669836587e+00
6.637167578006606394e-01 -5.397940008668228984e+00
6.838293868249230023e-01 -5.397940008668228984e+00
7.039420158491854762e-01 -5.397940008668228984e+00
7.240546448734478391e-01 -5.397940008668228984e+00
7.441672738977103130e-01 -5.397940008668228984e+00
7.642799029219726759e-01 -5.397940008668228984e+00
7.843925319462351498e-01 -5.397940008668228984e+00
8.045051609704976237e-01 -5.397940008668228984e+00
8.246177899947599865e-01 -5.397468904251296884e+00
8.447304190190225714e-01 -5.397868369280627299e+00
8.648430480432849343e-01 -5.397940008668228984e+00
8.849556770675472972e-01 -5.397940008668228984e+00
9.050683060918098821e-01 -5.397940008668228984e+00
9.251809351160722450e-01 -5.397940008668228984e+00
9.452935641403348299e-01 -5.397908480688146327e+00
9.654061931645971928e-01 -5.397910039457666898e+00
9.855188221888595557e-01 -5.397940008668228984e+00
1.005631451213122141e+00 -5.397786685539883500e+00
1.025744080237384503e+00 -5.397078089259686351e+00
1.045856709261647088e+00 -5.396365566576350581e+00
1.065969338285909451e+00 -5.395350836450919729e+00
1.086081967310171814e+00 -5.396557120171329380e+00
1.106194596334434399e+00 -5.397041379051754184e+00
1.126307225358696762e+00 -5.397038135261744252e+00
1.146419854382959125e+00 -5.397440616433869742e+00
1.166532483407221710e+00 -5.395754806583701324e+00
1.186645112431484073e+00 -5.394530671523941834e+00
1.206757741455746435e+00 -5.394076363664212614e+00
1.226870370480009020e+00 -5.396503414221105466e+00
1.246982999504271383e+00 -5.396245099181665950e+00
1.267095628528533968e+00 -5.391566408230928253e+00
1.287208257552796331e+00 -5.388225053660701924e+00
1.307320886577058694e+00 -5.389057778244094266e+00
1.327433515601321279e+00 -5.382697262399575244e+00
1.347546144625583642e+00 -5.380594203484790228e+00
1.367658773649846005e+00 -5.386016774145288899e+00
1.387771402674108367e+00 -5.390546079109572730e+00
1.407884031698370952e+00 -5.387358635260516948e+00
1.427996660722633315e+00 -5.374096705085206871e+00
1.448109289746895678e+00 -5.360052286171681502e+00
1.468221918771158263e+00 -5.341366068106253806e+00
1.488334547795420626e+00 -5.339091247416217989e+00
1.508447176819682989e+00 -5.352254216626304739e+00
1.528559805843945352e+00 -5.360218319377095142e+00
1.548672434868207937e+00 -5.347184225737732000e+00
1.568785063892470300e+00 -5.320125629880120499e+00
1.588897692916732884e+00 -5.311439857813267551e+00
1.609010321940995247e+00 -5.295409374316559337e+00
1.629122950965257610e+00 -5.268804264907661405e+00
1.649235579989519973e+00 -5.257829086672767716e+00
1.669348209013782780e+00 -5.244644125461603856e+00
1.689460838038045143e+00 -5.225703062623163753e+00
1.709573467062307506e+00 -5.205802271459390340e+00
1.729686096086569869e+00 -5.188233885905482623e+00
1.749798725110832232e+00 -5.170026804191626191e+00
1.769911354135094594e+00 -5.158431608222212361e+00
1.790023983159357401e+00 -5.153171391832936266e+00
1.810136612183619764e+00 -5.125945517273804874e+00
1.830249241207882127e+00 -5.094313917164529748e+00
1.850361870232144490e+00 -5.099700268979937334e+00
1.870474499256406853e+00 -5.120708188750016987e+00
1.890587128280669660e+00 -5.168436389203551862e+00
1.910699757304932023e+00 -5.201552261916281061e+00
1.930812386329194386e+00 -5.202447077450985446e+00
1.950925015353456748e+00 -5.207889522049155673e+00
1.971037644377719111e+00 -5.238202828780976539e+00
1.991150273401981918e+00 -5.267341521033378271e+00
2.011262902426244281e+00 -5.269168447081916895e+00
2.031375531450506422e+00 -5.256837365969825093e+00
2.051488160474769007e+00 -5.267384866885754136e+00
2.071600789499031148e+00 -5.285131420425948079e+00
2.091713418523294177e+00 -5.297150454666322617e+00
2.111826047547556318e+00 -5.306254167501278651e+00
2.131938676571818903e+00 -5.308714349573229185e+00
2.152051305596081043e+00 -5.315751390658007836e+00
2.172163934620343628e+00 -5.330359785278117712e+00
2.192276563644605769e+00 -5.339893559935941170e+00
2.212389192668868798e+00 -5.339251365419307227e+00
2.232501821693130939e+00 -5.336297092750867499e+00
2.252614450717393524e+00 -5.339550151506603726e+00
2.272727079741655665e+00 -5.351198009057625882e+00
2.292839708765918250e+00 -5.367963873494418614e+00
2.312952337790180835e+00 -5.370705795519798542e+00
2.333064966814443419e+00 -5.367035709497269380e+00
2.353177595838705560e+00 -5.368496410194862456e+00
2.373290224862968145e+00 -5.377553026453429474e+00
2.393402853887230286e+00 -5.384836715835146670e+00
2.413515482911492871e+00 -5.383762819252389420e+00
2.433628111935755456e+00 -5.383801377385641906e+00
2.453740740960018041e+00 -5.381739448040336882e+00
2.473853369984280182e+00 -5.376839375736283344e+00
2.493965999008542767e+00 -5.377655518103389376e+00
2.514078628032804907e+00 -5.378966231167642498e+00
2.534191257057067936e+00 -5.377122293061772140e+00
2.554303886081330077e+00 -5.381035177029852790e+00
2.574416515105592662e+00 -5.388149707691005652e+00
