0.000000000000000000e+00 -1.549019599857431873e-01
2.011262902426244267e-02 -1.973559228741827987e-01
4.022525804852488535e-02 -6.014616598830413441e-01
6.033788707278732455e-02 -2.664185976466227679e+00
8.045051609704977069e-02 -4.408673631277023830e+00
1.005631451213122030e-01 -5.043210917534575621e+00
1.206757741455746491e-01 -5.321158678768874495e+00
1.407884031698370952e-01 -5.390408771816364464e+00
1.609010321940995414e-01 -5.397940008671866963e+00
1.810136612183619598e-01 -5.397940008671866963e+00
2.011262902426244059e-01 -5.397940008671866963e+00
2.212389192668868243e-01 -5.397940008671866963e+00
2.413515482911492982e-01 -5.397940008671866963e+00
2.614641773154117721e-01 -5.397940008671866963e+00
2.815768063396741905e-01 -5.397940008671866963e+00
3.016894353639366089e-01 -5.397940008671866963e+00
3.218020643881990828e-01 -5.397940008671871404e+00
3.419146934124615012e-01 -5.397940008671866963e+00
3.620273224367239195e-01 -5.397940008671866963e+00
3.821399514609863379e-01 -5.397940008671866963e+00
4.022525804852488118e-01 -5.397940008671866963e+00
4.223652095095112857e-01 -5.397940008671866963e+00
4.424778385337736486e-01 -5.397940008671866963e+00
4.625904675580361225e-01 -5.397940008674874335e+00
4.827030965822985964e-01 -5.397940008675504941e+00
5.028157256065610703e-01 -5.397940008675504941e+00
5.229283546308235442e-01 -5.397940008675504941e+00
5.430409836550859071e-01 -5.397940008675504941e+00
5.631536126793483810e-01 -5.397940008675504941e+00
5.832662417036108549e-01 -5.397940008675504941e+00
6.033788707278732177e-01 -5.397914494089699922e+00
6.234914997521356916e-01 -5.397427199690279842e+00
6.436041287763981655e-01 -5.397940008669910306e+00
6.637167578006606394e-01 -5.397940008668228984e+00
6.838293868249230023e-01 -5.397940008668228984e+00
7.039420158491854762e-01 -5.397940008668228984e+00
7.240546448734478391e-01 -5.397940008668228984e+00
7.441672738977103130e-01 -5.397940008668228984e+00
7.642799029219726759e-01 -5.397940008668228984e+00
7.843925319462351498e-01 -5.397940008668228984e+00
8.045051609704976237e-01 -5.397940008668228984e+00
8.246177899947599865e-01 -5.397940008668228984e+00
8.447304190190225714e-01 -5.397919394649162150e+00
8.648430480432849343e-01 -5.397792720723185056e+00
8.849556770675472972e-01 -5.397940008668228984e+00
9.050683060918098821e-01 -5.397940008668228984e+00
9.251809351160722450e-01 -5.397940008668228984e+00
9.452935641403348299e-01 -5.397940008668228984e+00
9.654061931645971928e-01 -5.397889394134480767e+00
9.855188221888595557e-01 -5.397709022158530878e+00
1.005631451213122141e+00 -5.397448936936055652e+00
1.025744080237384503e+00 -5.397677114588860015e+00
1.045856709261647088e+00 -5.397646927644666803e+00
1.065969338285909451e+00 -5.396926957993423812e+00
1.086081967310171814e+00 -5.393485086442160181e+00
1.106194596334434399e+00 -5.393272280996970203e+00
1.126307225358696762e+00 -5.394164696186344088e+00
1.146419854382959125e+00 -5.393130229067635284e+00
1.166532483407221710e+00 -5.394259818998742517e+00
1.186645112431484073e+00 -5.395465323149656989e+00
1.206757741455746435e+00 -5.394192369337589277e+00
1.226870370480009020e+00 -5.392893257345388491e+00
1.246982999504271383e+00 -5.392397467116235354e+00
1.267095628528533968e+00 -5.393074683055210095e+00
1.287208257552796331e+00 -5.389601143057021204e+00
1.307320886577058694e+00 -5.380798426864769723e+00
1.327433515601321279e+00 -5.379756807539806118e+00
1.347546144625583642e+00 -5.382444527398236644e+00
1.367658773649846005e+00 -5.377303124952002911e+00
1.387771402674108367e+00 -5.371475383469562992e+00
1.407884031698370952e+00 -5.367879666661077742e+00
1.427996660722633315e+00 -5.361820208023394763e+00
1.448109289746895678e+00 -5.361541176227681227e+00
1.468221918771158263e+00 -5.348176582485111297e+00
1.488334547795420626e+00 -5.337981158006356530e+00
1.508447176819682989e+00 -5.329242109743949740e+00
1.528559805843945352e+00 -5.319747731623204245e+00
1.548672434868207937e+00 -5.302090966055039267e+00
1.568785063892470300e+00 -5.265244675292779952e+00
1.588897692916732884e+00 -5.238802418575927433e+00
1.609010321940995247e+00 -5.235786745573592249e+00
1.629122950965257610e+00 -5.229949267633044130e+00
1.649235579989519973e+00 -5.221050331376131837e+00
1.669348209013782780e+00 -5.210046426136544007e+00
1.689460838038045143e+00 -5.183868794625865029e+00
1.709573467062307506e+00 -5.149137166957490130e+00
1.729686096086569869e+00 -5.111223855697605067e+00
1.749798725110832232e+00 -5.074713497474846235e+00
1.769911354135094594e+00 -5.041322879598117090e+00
1.790023983159357401e+00 -5.016960502821785184e+00
1.810136612183619764e+00 -5.016526576911127577e+00
1.830249241207882127e+00 -5.028820054362692638e+00
1.850361870232144490e+00 -5.034678203615117198e+00
1.870474499256406853e+00 -5.045952254707004592e+00
1.890587128280669660e+00 -5.039508098879421638e+00
1.910699757304932023e+00 -5.032579207532670296e+00
1.930812386329194386e+00 -5.047592953148171802e+00
1.950925015353456748e+00 -5.083342085444201075e+00
1.971037644377719111e+00 -5.131383334138984509e+00
1.991150273401981918e+00 -5.152460074351023600e+00
2.011262902426244281e+00 -5.164200259374680968e+00
2.031375531450506422e+00 -5.197519392380730352e+00
2.051488160474769007e+00 -5.224566216988295153e+00
2.071600789499031148e+00 -5.249878367765936638e+00
2.091713418523294177e+00 -5.262276941283885456e+00
2.111826047547556318e+00 -5.277726835794447346e+00
2.131938676571818903e+00 -5.289174595112864807e+00
2.152051305596081043e+00 -5.300787792719151348e+00
2.172163934620343628e+00 -5.298321495285817306e+00
2.192276563644605769e+00 -5.295538304598419899e+00
2.212389192668868798e+00 -5.309142242496141861e+00
2.232501821693130939e+00 -5.326820445967471507e+00
2.252614450717393524e+00 -5.331426393064315761e+00
2.272727079741655665e+00 -5.336752919503356729e+00
2.292839708765918250e+00 -5.345949248463378822e+00
2.312952337790180835e+00 -5.350387060737793021e+00
2.333064966814443419e+00 -5.351768132464994387e+00
2.353177595838705560e+00 -5.359671211402337043e+00
2.373290224862968145e+00 -5.364733470420000039e+00
2.393402853887230286e+00 -5.355680074303156957e+00
2.413515482911492871e+00 -5.345845928380045464e+00
2.433628111935755456e+00 -5.354785783534690147e+00
2.453740740960018041e+00 -5.364010363022305050e+00
2.473853369984280182e+00 -5.369256994947349426e+00
2.493965999008542767e+00 -5.377031133131637830e+00
2.514078628032804907e+00 -5.380706768385300265e+00
2.534191257057067936e+00 -5.379705887371928341e+00
2.554303886081330077e+00 -5.378427840525009884e+00
2.574416515105592662e+00 -5.375438561313079511e+00
