0.000000000000000000e+00 -1.549019599857431873e-01
2.011262902426244267e-02 -2.057272052965736509e-01
4.022525804852488535e-02 -5.470198225033381378e-01
6.033788707278732455e-02 -2.420131111618531783e+00
8.045051609704977069e-02 -4.224442639214364803e+00
1.005631451213122030e-01 -4.895683803182312666e+00
1.206757741455746491e-01 -5.285087405409003125e+00
1.407884031698370952e-01 -5.384662235104499040e+00
1.609010321940995414e-01 -5.397940008671866963e+00
1.810136612183619598e-01 -5.397928038416655916e+00
2.011262902426244059e-01 -5.396668713952873730e+00
2.212389192668868243e-01 -5.397884942286933274e+00
2.413515482911492982e-01 -5.397940008671866963e+00
2.614641773154117721e-01 -5.397830938411360968e+00
2.815768063396741905e-01 -5.397699239871133869e+00
3.016894353639366089e-01 -5.397939467782629563e+00
3.218020643881990828e-01 -5.395235638147369173e+00
3.419146934124615012e-01 -5.395634837020084618e+00
3.620273224367239195e-01 -5.397940008671866963e+00
3.821399514609863379e-01 -5.397940008671866963e+00
4.022525804852488118e-01 -5.397940008671866963e+00
4.223652095095112857e-01 -5.397940008671866963e+00
4.424778385337736486e-01 -5.397940008671866963e+00
4.625904675580361225e-01 -5.397940008674794399e+00
4.827030965822985964e-01 -5.397940008675504941e+00
5.028157256065610703e-01 -5.397940008675504941e+00
5.229283546308235442e-01 -5.397940008675504941e+00
5.430409836550859071e-01 -5.397940008675504941e+00
5.631536126793483810e-01 -5.397940008675504941e+00
5.832662417036108549e-01 -5.397940008675504941e+00
6.033788707278732177e-01 -5.397940008675504941e+00
6.234914997521356916e-01 -5.397940008675504941e+00
6.436041287763981655e-01 -5.397940008670001788e+00
6.637167578006606394e-01 -5.397940008668228984e+00
6.838293868249230023e-01 -5.397940008668228984e+00
7.039420158491854762e-01 -5.397940008668228984e+00
7.240546448734478391e-01 -5.397940008668228984e+00
7.441672738977103130e-01 -5.397940008668228984e+00
7.642799029219726759e-01 -5.397940008668228984e+00
7.843925319462351498e-01 -5.397940008668228984e+00
8.045051609704976237e-01 -5.397940008668228984e+00
8.246177899947599865e-01 -5.397940008668228984e+00
8.447304190190225714e-01 -5.397940008668228984e+00
8.648430480432849343e-01 -5.397940008668228984e+00
8.849556770675472972e-01 -5.397940008668228984e+00
9.050683060918098821e-01 -5.397940008668241418e+00
9.251809351160722450e-01 -5.397938075105879641e+00
9.452935641403348299e-01 -5.397657997433721100e+00
9.654061931645971928e-01 -5.396944270412020295e+00
9.855188221888595557e-01 -5.397524414899269374e+00
1.005631451213122141e+00 -5.397299087458579336e+00
1.025744080237384503e+00 -5.397075212310633141e+00
1.045856709261647088e+00 -5.397300955261417954e+00
1.065969338285909451e+00 -5.396240614192195473e+00
1.086081967310171814e+00 -5.396585310185358253e+00
1.106194596334434399e+00 -5.397873305098773500e+00
1.126307225358696762e+00 -5.397932030502373912e+00
1.146419854382959125e+00 -5.397647264334263006e+00
1.166532483407221710e+00 -5.397573687648258733e+00
1.186645112431484073e+00 -5.396576664981886040e+00
1.206757741455746435e+00 -5.395531203903412454e+00
1.226870370480009020e+00 -5.396553581040279823e+00
1.246982999504271383e+00 -5.394431942427170057e+00
1.267095628528533968e+00 -5.389503643925779741e+00
1.287208257552796331e+00 -5.388440024304681941e+00
1.307320886577058694e+00 -5.390003849522992496e+00
1.327433515601321279e+00 -5.382955630013906756e+00
1.347546144625583642e+00 -5.376723722039598918e+00
1.367658773649846005e+00 -5.379195395837095717e+00
1.387771402674108367e+00 -5.383642421159881231e+00
1.407884031698370952e+00 -5.374897448148335144e+00
1.427996660722633315e+00 -5.366867893465717465e+00
1.448109289746895678e+00 -5.361336382308635962e+00
1.468221918771158263e+00 -5.345950400599075003e+00
1.488334547795420626e+00 -5.338832164924735224e+00
1.508447176819682989e+00 -5.337297824273722568e+00
1.528559805843945352e+00 -5.323927228342379081e+00
1.548672434868207937e+00 -5.314260202690431534e+00
1.568785063892470300e+00 -5.307389659272569560e+00
1.588897692916732884e+00 -5.294482729639855556e+00
1.609010321940995247e+00 -5.269029586762970396e+00
1.629122950965257610e+00 -5.229176482003722981e+00
1.649235579989519973e+00 -5.196107709930217311e+00
1.669348209013782780e+00 -5.172561585214292101e+00
1.689460838038045143e+00 -5.153994521149290797e+00
1.709573467062307506e+00 -5.131654718605481946e+00
1.729686096086569869e+00 -5.118120861112162245e+00
1.749798725110832232e+00 -5.097693970628351501e+00
1.769911354135094594e+00 -5.084252181880382970e+00
1.790023983159357401e+00 -5.065592073831392206e+00
1.810136612183619764e+00 -5.032905651230899835e+00
1.830249241207882127e+00 -5.026163024931381784e+00
1.850361870232144490e+00 -5.045139822753286651e+00
1.870474499256406853e+00 -5.065838325117364427e+00
1.890587128280669660e+00 -5.067757095305172932e+00
1.910699757304932023e+00 -5.069346001997177886e+00
1.930812386329194386e+00 -5.101424936928255605e+00
1.950925015353456748e+00 -5.145197586956591351e+00
1.971037644377719111e+00 -5.166783687900709410e+00
1.991150273401981918e+00 -5.176632369667320432e+00
2.011262902426244281e+00 -5.201070298689598914e+00
2.031375531450506422e+00 -5.240541360461486775e+00
2.051488160474769007e+00 -5.256244295222981755e+00
2.071600789499031148e+00 -5.261157602686100887e+00
2.091713418523294177e+00 -5.266732943719927285e+00
2.111826047547556318e+00 -5.281387723598136574e+00
2.131938676571818903e+00 -5.292915575061941880e+00
2.152051305596081043e+00 -5.310877085034291234e+00
2.172163934620343628e+00 -5.317092643335949553e+00
2.192276563644605769e+00 -5.316079314809556422e+00
2.212389192668868798e+00 -5.322301840891740632e+00
2.232501821693130939e+00 -5.328507997480257607e+00
2.252614450717393524e+00 -5.329014886881000557e+00
2.272727079741655665e+00 -5.337905617444557826e+00
2.292839708765918250e+00 -5.348206326167005642e+00
2.312952337790180835e+00 -5.348465331252143073e+00
2.333064966814443419e+00 -5.350502728714983114e+00
2.353177595838705560e+00 -5.355735694320611806e+00
2.373290224862968145e+00 -5.360842662834526706e+00
2.393402853887230286e+00 -5.363456269565002543e+00
2.413515482911492871e+00 -5.358921965053355052e+00
2.433628111935755456e+00 -5.354730125133644769e+00
2.453740740960018041e+00 -5.359114696408623146e+00
2.473853369984280182e+00 -5.366705121373042786e+00
2.493965999008542767e+00 -5.373271575909033260e+00
2.514078628032804907e+00 -5.376414015870711438e+00
2.534191257057067936e+00 -5.371363329247039076e+00
2.554303886081330077e+00 -5.370110568154088604e+00
2.574416515105592662e+00 -5.369991824037374961e+00
