0.000000000000000000e+00 -1.549019599857431873e-01
2.011262902426244267e-02 -1.936763965111707730e-01
4.022525804852488535e-02 -5.796752598259830025e-01
6.033788707278732455e-02 -2.352881404199742565e+00
8.045051609704977069e-02 -4.216131975956757927e+00
1.005631451213122030e-01 -4.571281126327389366e+00
1.206757741455746491e-01 -4.662937863156826346e+00
1.407884031698370952e-01 -4.744607658800196859e+00
1.609010321940995414e-01 -4.793549081495775965e+00
1.810136612183619598e-01 -4.796294412701037402e+00
2.011262902426244059e-01 -4.795703781330439064e+00
2.212389192668868243e-01 -4.785152616332278619e+00
2.413515482911492982e-01 -4.811616642183678572e+00
2.614641773154117721e-01 -4.847890566018782543e+00
2.815768063396741905e-01 -4.832453865625863543e+00
3.016894353639366089e-01 -4.794328875513468979e+00
3.218020643881990828e-01 -4.766042898268096906e+00
3.419146934124615012e-01 -4.798183792463327713e+00
3.620273224367239195e-01 -4.893940054110623272e+00
3.821399514609863379e-01 -4.995549934654714974e+00
4.022525804852488118e-01 -5.019422474935467449e+00
4.223652095095112857e-01 -5.036826335236145979e+00
4.424778385337736486e-01 -5.110114700954198064e+00
4.625904675580361225e-01 -5.175125440226609363e+00
4.827030965822985964e-01 -5.192377418635191866e+00
5.028157256065610703e-01 -5.208050112531918074e+00
5.229283546308235442e-01 -5.233056707078469927e+00
5.430409836550859071e-01 -5.272331461036449340e+00
5.631536126793483810e-01 -5.300485661117511960e+00
5.832662417036108549e-01 -5.326417371746675400e+00
6.033788707278732177e-01 -5.354655810120903858e+00
6.234914997521356916e-01 -5.370591467373959205e+00
6.436041287763981655e-01 -5.375800964406015403e+00
6.637167578006606394e-01 -5.379368411064826994e+00
6.838293868249230023e-01 -5.377675198526223888e+00
7.039420158491854762e-01 -5.374962164017413890e+00
7.240546448734478391e-01 -5.382967564872152444e+00
7.441672738977103130e-01 -5.394273553098479113e+00
7.642799029219726759e-01 -5.397474420066332712e+00
7.843925319462351498e-01 -5.396560411184324835e+00
8.045051609704976237e-01 -5.394827003788560837e+00
8.246177899947599865e-01 -5.393516258939922814e+00
8.447304190190225714e-01 -5.390521188126781382e+00
8.648430480432849343e-01 -5.392760209849851272e+00
8.849556770675472972e-01 -5.389463054819721322e+00
9.050683060918098821e-01 -5.390388163734558979e+00
9.251809351160722450e-01 -5.395757178238818952e+00
9.452935641403348299e-01 -5.397608286477638018e+00
9.654061931645971928e-01 -5.396223254289518323e+00
9.855188221888595557e-01 -5.394723164184107134e+00
1.005631451213122141e+00 -5.393833992760393770e+00
1.025744080237384503e+00 -5.393432456540940834e+00
1.045856709261647088e+00 -5.394783932513809610e+00
1.065969338285909451e+00 -5.396465799075300218e+00
1.086081967310171814e+00 -5.395466903962262251e+00
1.106194596334434399e+00 -5.393837867455009594e+00
1.126307225358696762e+00 -5.393671345162167619e+00
1.146419854382959125e+00 -5.395719849919033528e+00
1.166532483407221710e+00 -5.396190332101567400e+00
1.186645112431484073e+00 -5.395172781923627703e+00
1.206757741455746435e+00 -5.395735193552054554e+00
1.226870370480009020e+00 -5.393884763343677946e+00
1.246982999504271383e+00 -5.390026051294520393e+00
1.267095628528533968e+00 -5.381530242918047158e+00
1.287208257552796331e+00 -5.374041549650742766e+00
1.307320886577058694e+00 -5.376477584568274182e+00
1.327433515601321279e+00 -5.381204751163786604e+00
1.347546144625583642e+00 -5.382346830777774649e+00
1.367658773649846005e+00 -5.377654798801606795e+00
1.387771402674108367e+00 -5.366331733890114641e+00
1.407884031698370952e+00 -5.357278903333377862e+00
1.427996660722633315e+00 -5.348735458298252254e+00
1.448109289746895678e+00 -5.341407467667332654e+00
1.468221918771158263e+00 -5.338514719361887373e+00
1.488334547795420626e+00 -5.346373080484284834e+00
1.508447176819682989e+00 -5.351620036286048432e+00
1.528559805843945352e+00 -5.338439403106610470e+00
1.548672434868207937e+00 -5.309277628140202765e+00
1.568785063892470300e+00 -5.290072842841713197e+00
1.588897692916732884e+00 -5.280859963675074376e+00
1.609010321940995247e+00 -5.276269878900897936e+00
1.629122950965257610e+00 -5.257674851416727080e+00
1.649235579989519973e+00 -5.233687872109630490e+00
1.669348209013782780e+00 -5.222398019443287964e+00
1.689460838038045143e+00 -5.215421941770228997e+00
1.709573467062307506e+00 -5.201264468752127001e+00
1.729686096086569869e+00 -5.178770427165078516e+00
1.749798725110832232e+00 -5.148076653543268044e+00
1.769911354135094594e+00 -5.138506636775975522e+00
1.790023983159357401e+00 -5.132167260459169711e+00
1.810136612183619764e+00 -5.128314328985410953e+00
1.830249241207882127e+00 -5.117424323766320171e+00
1.850361870232144490e+00 -5.117513460365493927e+00
1.870474499256406853e+00 -5.121894852583402269e+00
1.890587128280669660e+00 -5.126380316841816054e+00
1.910699757304932023e+00 -5.127611966715964087e+00
1.930812386329194386e+00 -5.138785450566778934e+00
1.950925015353456748e+00 -5.168473546936566798e+00
1.971037644377719111e+00 -5.193515985262167511e+00
1.991150273401981918e+00 -5.199668491683483218e+00
2.011262902426244281e+00 -5.224121690642640203e+00
2.031375531450506422e+00 -5.248611976886501829e+00
2.051488160474769007e+00 -5.271208214892344479e+00
2.071600789499031148e+00 -5.283113098552661313e+00
2.091713418523294177e+00 -5.277391295527805504e+00
2.111826047547556318e+00 -5.268328975875519404e+00
2.131938676571818903e+00 -5.274680332478207667e+00
2.152051305596081043e+00 -5.286941623986651351e+00
2.172163934620343628e+00 -5.302774620191627264e+00
2.192276563644605769e+00 -5.313055454571650849e+00
2.212389192668868798e+00 -5.316873842796495886e+00
2.232501821693130939e+00 -5.322594695248123564e+00
2.252614450717393524e+00 -5.328480162175666557e+00
2.272727079741655665e+00 -5.328993338969910454e+00
2.292839708765918250e+00 -5.327227280642710561e+00
2.312952337790180835e+00 -5.330189376175328064e+00
2.333064966814443419e+00 -5.335502180473224776e+00
2.353177595838705560e+00 -5.340847169772061420e+00
2.373290224862968145e+00 -5.349056397162271104e+00
2.393402853887230286e+00 -5.354394923145400220e+00
2.413515482911492871e+00 -5.361338482873843958e+00
2.433628111935755456e+00 -5.358407445535511293e+00
2.453740740960018041e+00 -5.357257352290683450e+00
2.473853369984280182e+00 -5.364501410958729899e+00
2.493965999008542767e+00 -5.369741748372532264e+00
2.514078628032804907e+00 -5.369276853759370915e+00
2.534191257057067936e+00 -5.367032995292544406e+00
2.554303886081330077e+00 -5.361911765964978649e+00
2.574416515105592662e+00 -5.362382500106638084e+00
