0.000000000000000000e+00 -1.549019599857431873e-01
8.045051609704977069e-02 -1.958213090323754069e-01
1.609010321940995414e-01 -5.285001774141966369e-01
2.413515482911492982e-01 -1.195251530622084779e+00
3.218020643881990828e-01 -1.720953579762607877e+00
4.022525804852488118e-01 -2.832470210160994206e+00
4.827030965822985964e-01 -3.205324954145017724e+00
5.631536126793483810e-01 -3.094530300184560989e+00
6.436041287763981655e-01 -3.259394438371950198e+00
7.240546448734478391e-01 -3.552538452945469327e+00
8.045051609704976237e-01 -3.690582863521305601e+00
8.849556770675472972e-01 -3.737181974438422483e+00
9.654061931645971928e-01 -3.782057356003949877e+00
1.045856709261647088e+00 -3.811921106537125681e+00
1.126307225358696762e+00 -3.854756977382812089e+00
1.206757741455746435e+00 -3.918936619220067197e+00
1.287208257552796331e+00 -3.934116903436208013e+00
1.367658773649846005e+00 -3.883920258403463777e+00
1.448109289746895678e+00 -3.811153020678367032e+00
1.528559805843945352e+00 -3.789327927211327385e+00
1.609010321940995247e+00 -3.724617173242180002e+00
1.689460838038045143e+00 -3.639530255100158485e+00
1.769911354135094594e+00 -3.570577586927514702e+00
1.850361870232144490e+00 -3.450083810221271641e+00
1.930812386329194386e+00 -3.330500626339994330e+00
2.011262902426244281e+00 -3.292676616568475989e+00
2.091713418523294177e+00 -3.254051002736755294e+00
2.172163934620343628e+00 -3.197677787900908175e+00
2.252614450717393524e+00 -3.161633480182650224e+00
2.333064966814443419e+00 -3.189011450778114654e+00
2.413515482911492871e+00 -3.260059429353626914e+00
2.493965999008542767e+00 -3.328794952847102362e+00
2.574416515105592662e+00 -3.348975127518774464e+00
2.654867031202642558e+00 -3.347144123587979969e+00
2.735317547299692009e+00 -3.359731206087863242e+00
2.815768063396741905e+00 -3.417293983558618464e+00
2.896218579493791356e+00 -3.438808458469265528e+00
2.976669095590841252e+00 -3.386039793118302388e+00
3.057119611687890703e+00 -3.335832259897706376e+00
3.137570127784940599e+00 -3.350255172498462386e+00
3.218020643881990495e+00 -3.387904728244730546e+00
3.298471159979039946e+00 -3.340833668338389462e+00
3.378921676076090286e+00 -3.310563433711142256e+00
3.459372192173139737e+00 -3.286061315474670508e+00
3.539822708270189189e+00 -3.275181891107886933e+00
3.620273224367239528e+00 -3.286234137329790528e+00
3.700723740464288980e+00 -3.316180030093918152e+00
3.781174256561339320e+00 -3.357460810393360529e+00
3.861624772658388771e+00 -3.350983748282950092e+00
3.942075288755438223e+00 -3.317267049967381087e+00
4.022525804852488562e+00 -3.327155045674321521e+00
4.102976320949538014e+00 -3.352367789773089246e+00
4.183426837046588354e+00 -3.381137037033933979e+00
4.263877353143637805e+00 -3.399777311271408919e+00
4.344327869240687257e+00 -3.383248376191723583e+00
4.424778385337737596e+00 -3.353678020792513870e+00
4.505228901434787048e+00 -3.355529359005054779e+00
4.585679417531836499e+00 -3.379189288265664892e+00
4.666129933628886839e+00 -3.370040240897967720e+00
4.746580449725936290e+00 -3.368903305925016411e+00
4.827030965822985742e+00 -3.381112521775770041e+00
4.907481481920036082e+00 -3.376485722442603699e+00
4.987931998017085533e+00 -3.374995958413908870e+00
5.068382514114135873e+00 -3.387650461146198833e+00
5.148833030211185324e+00 -3.390591390984844189e+00
5.229283546308234776e+00 -3.348037683031925393e+00
5.309734062405285115e+00 -3.323635990957297004e+00
5.390184578502334567e+00 -3.336169073831404930e+00
5.470635094599384018e+00 -3.350044143060181057e+00
5.551085610696433470e+00 -3.362634094482181979e+00
5.631536126793483810e+00 -3.349091565499801693e+00
5.711986642890533261e+00 -3.333066510182696618e+00
5.792437158987582713e+00 -3.359515732230363927e+00
5.872887675084633052e+00 -3.423356409881464391e+00
5.953338191181682504e+00 -3.443960627058749946e+00
6.033788707278731955e+00 -3.439104169155273727e+00
6.114239223375781407e+00 -3.410315572367356385e+00
6.194689739472831747e+00 -3.404848610102361839e+00
6.275140255569881198e+00 -3.446022017841265050e+00
6.355590771666931538e+00 -3.488701814024537384e+00
6.436041287763980989e+00 -3.498734590768672437e+00
6.516491803861030441e+00 -3.472575504939706459e+00
6.596942319958079892e+00 -3.441144447104593773e+00
6.677392836055131120e+00 -3.417321449408314393e+00
6.757843352152180572e+00 -3.432150088864495796e+00
6.838293868249230023e+00 -3.449222385734890928e+00
6.918744384346279475e+00 -3.448914307088251530e+00
6.999194900443328926e+00 -3.453465943494045121e+00
7.079645416540378378e+00 -3.445236972319773994e+00
7.160095932637429605e+00 -3.463118371680434127e+00
7.240546448734479057e+00 -3.497017394040327076e+00
7.320996964831528508e+00 -3.504362069164164151e+00
7.401447480928577960e+00 -3.474137011602853153e+00
7.481897997025627411e+00 -3.414086316755601480e+00
7.562348513122678639e+00 -3.407965198665786399e+00
7.642799029219728091e+00 -3.445917850885253042e+00
7.723249545316777542e+00 -3.458215336335846324e+00
7.803700061413826994e+00 -3.439054185347877546e+00
7.884150577510876445e+00 -3.429409974779564330e+00
7.964601093607927673e+00 -3.398585582089162838e+00
8.045051609704977125e+00 -3.370493559410342232e+00
8.125502125802025688e+00 -3.390214038349651293e+00
8.205952641899076028e+00 -3.448158213551609563e+00
8.286403157996124591e+00 -3.465030054887531019e+00
8.366853674093176707e+00 -3.475643782051672570e+00
8.447304190190225270e+00 -3.484765601705634985e+00
8.527754706287275610e+00 -3.475957456441824522e+00
8.608205222384324173e+00 -3.470198906568599639e+00
8.688655738481374513e+00 -3.483994197791213221e+00
8.769106254578423076e+00 -3.522779591818864464e+00
8.849556770675475192e+00 -3.527594814363278264e+00
8.930007286772523756e+00 -3.526379903136809713e+00
9.010457802869574095e+00 -3.520547876881624294e+00
9.090908318966622659e+00 -3.533133480829843354e+00
9.171358835063672998e+00 -3.526614515653135218e+00
9.251809351160723338e+00 -3.503453595031472467e+00
9.332259867257773678e+00 -3.507647387089140700e+00
9.412710383354822241e+00 -3.547331267845990066e+00
9.493160899451872581e+00 -3.543898647818472636e+00
9.573611415548921144e+00 -3.524919965563195312e+00
9.654061931645971484e+00 -3.518443963291608689e+00
9.734512447743021823e+00 -3.527242843952470785e+00
9.814962963840072163e+00 -3.553386627775114714e+00
9.895413479937120727e+00 -3.571518577653836513e+00
9.975863996034171066e+00 -3.565636766083384313e+00
1.005631451213121963e+01 -3.548457941105590763e+00
1.013676502822827175e+01 -3.516073523540547807e+00
1.021721554432532031e+01 -3.497378547600707321e+00
1.029766606042237065e+01 -3.510047464610729584e+00
