0.000000000000000000e+00 -1.549019599857431873e-01
8.045051609704977069e-02 -3.814486488418029619e-01
1.609010321940995414e-01 -1.071186838087648585e+00
2.413515482911492982e-01 -2.620169250591698251e+00
3.218020643881990828e-01 -3.875638004615323151e+00
4.022525804852488118e-01 -5.425797040223478085e+00
4.827030965822985964e-01 -6.263078702013672228e+00
5.631536126793483810e-01 -6.475514667250401146e+00
6.436041287763981655e-01 -6.954308695900663473e+00
7.240546448734478391e-01 -7.494979317614411052e+00
8.045051609704976237e-01 -7.675147780854632451e+00
8.849556770675472972e-01 -7.722236293413830666e+00
9.654061931645971928e-01 -7.918179695349797598e+00
1.045856709261647088e+00 -8.001565711501292810e+00
1.126307225358696762e+00 -7.811378675851120335e+00
1.206757741455746435e+00 -7.656945939190296535e+00
1.287208257552796331e+00 -7.657973127814461378e+00
1.367658773649846005e+00 -7.759255447542089179e+00
1.448109289746895678e+00 -7.742103586906863733e+00
1.528559805843945352e+00 -7.594456306766661946e+00
1.609010321940995247e+00 -7.432828846188741068e+00
1.689460838038045143e+00 -7.309399687776356735e+00
1.769911354135094594e+00 -7.267477594588393153e+00
1.850361870232144490e+00 -7.210943338004587311e+00
1.930812386329194386e+00 -6.962472139310156294e+00
2.011262902426244281e+00 -6.774335770694580816e+00
2.091713418523294177e+00 -6.798690757814446428e+00
2.172163934620343628e+00 -6.879937561226535436e+00
2.252614450717393524e+00 -6.883397373164833688e+00
2.333064966814443419e+00 -6.779262743601515595e+00
2.413515482911492871e+00 -6.710464622270860602e+00
2.493965999008542767e+00 -6.652762695100075341e+00
2.574416515105592662e+00 -6.608742448856395946e+00
2.654867031202642558e+00 -6.574957091714753510e+00
2.735317547299692009e+00 -6.629060995233780673e+00
2.815768063396741905e+00 -6.713068064935952428e+00
2.896218579493791356e+00 -6.815015911804865212e+00
2.976669095590841252e+00 -6.825875571797752173e+00
3.057119611687890703e+00 -6.799210741162543314e+00
3.137570127784940599e+00 -6.810089816253850792e+00
3.218020643881990495e+00 -6.854450256249539741e+00
3.298471159979039946e+00 -6.827534498886105752e+00
3.378921676076090286e+00 -6.699940706634701648e+00
3.459372192173139737e+00 -6.710473726631484226e+00
3.539822708270189189e+00 -6.753269670606117714e+00
3.620273224367239528e+00 -6.755498099298733905e+00
3.700723740464288980e+00 -6.696122596318075715e+00
3.781174256561339320e+00 -6.663972323569464784e+00
3.861624772658388771e+00 -6.604699534636194969e+00
3.942075288755438223e+00 -6.580167753341717329e+00
4.022525804852488562e+00 -6.618292274847282997e+00
4.102976320949538014e+00 -6.637567610638097193e+00
4.183426837046588354e+00 -6.641174349742989591e+00
4.263877353143637805e+00 -6.686998487428244431e+00
4.344327869240687257e+00 -6.764746355011726386e+00
4.424778385337737596e+00 -6.803439789120849568e+00
4.505228901434787048e+00 -6.781240332743348809e+00
4.585679417531836499e+00 -6.744174981445421047e+00
4.666129933628886839e+00 -6.667317275273885180e+00
4.746580449725936290e+00 -6.654897316120831796e+00
4.827030965822985742e+00 -6.689954002567474411e+00
4.907481481920036082e+00 -6.731576668904987848e+00
4.987931998017085533e+00 -6.714367045508859100e+00
5.068382514114135873e+00 -6.722108629434250027e+00
5.148833030211185324e+00 -6.725070963555777936e+00
5.229283546308234776e+00 -6.697174206537209074e+00
5.309734062405285115e+00 -6.668074189433688126e+00
5.390184578502334567e+00 -6.679158087232728747e+00
5.470635094599384018e+00 -6.697557510966146488e+00
5.551085610696433470e+00 -6.695440405442925957e+00
5.631536126793483810e+00 -6.693051707934847272e+00
5.711986642890533261e+00 -6.732005658818780880e+00
5.792437158987582713e+00 -6.694282185711854183e+00
5.872887675084633052e+00 -6.621537063189517625e+00
5.953338191181682504e+00 -6.631994390160492969e+00
6.033788707278731955e+00 -6.683994008264592779e+00
6.114239223375781407e+00 -6.775754193414952553e+00
6.194689739472831747e+00 -6.819960094106790827e+00
6.275140255569881198e+00 -6.768595350334558169e+00
6.355590771666931538e+00 -6.695007318576852384e+00
6.436041287763980989e+00 -6.694353501615244895e+00
6.516491803861030441e+00 -6.758590471155437207e+00
6.596942319958079892e+00 -6.778198101094081274e+00
6.677392836055131120e+00 -6.819886125016947354e+00
6.757843352152180572e+00 -6.864219097859560748e+00
6.838293868249230023e+00 -6.855071583309112704e+00
6.918744384346279475e+00 -6.732875772757623167e+00
6.999194900443328926e+00 -6.707221059748084357e+00
7.079645416540378378e+00 -6.727705753126091537e+00
7.160095932637429605e+00 -6.773870192448200100e+00
7.240546448734479057e+00 -6.827925779710916743e+00
7.320996964831528508e+00 -6.828573308997119007e+00
7.401447480928577960e+00 -6.826572583748999890e+00
7.481897997025627411e+00 -6.874597577992036079e+00
7.562348513122678639e+00 -6.896362388042686753e+00
7.642799029219728091e+00 -6.897685656985623304e+00
7.723249545316777542e+00 -6.891933475768156292e+00
7.803700061413826994e+00 -6.880953734756793949e+00
7.884150577510876445e+00 -6.880975578377411139e+00
7.964601093607927673e+00 -6.927341326568654090e+00
8.045051609704977125e+00 -6.962782610565768415e+00
8.125502125802025688e+00 -7.001148258703491223e+00
8.205952641899076028e+00 -7.021203672674343643e+00
8.286403157996124591e+00 -7.028055182454950867e+00
8.366853674093176707e+00 -6.976770126076477396e+00
8.447304190190225270e+00 -6.977371137485071095e+00
8.527754706287275610e+00 -7.006479674427817272e+00
8.608205222384324173e+00 -7.020065447050328089e+00
8.688655738481374513e+00 -6.995533005202313248e+00
8.769106254578423076e+00 -7.039038973384603715e+00
8.849556770675475192e+00 -7.031021971145923644e+00
8.930007286772523756e+00 -6.952509984318644420e+00
9.010457802869574095e+00 -6.892021091812924993e+00
9.090908318966622659e+00 -6.939470908527882287e+00
9.171358835063672998e+00 -6.977096301856260396e+00
9.251809351160723338e+00 -6.941376842378168988e+00
9.332259867257773678e+00 -6.892617813907531144e+00
9.412710383354822241e+00 -6.909477242399449715e+00
9.493160899451872581e+00 -6.951324560097497773e+00
9.573611415548921144e+00 -7.007995692739062754e+00
9.654061931645971484e+00 -7.076800231097394978e+00
9.734512447743021823e+00 -7.130400293464027150e+00
9.814962963840072163e+00 -7.122512757356978419e+00
9.895413479937120727e+00 -7.107962789436809814e+00
9.975863996034171066e+00 -7.076634141802373712e+00
1.005631451213121963e+01 -7.059874859981108308e+00
1.013676502822827175e+01 -7.008134259875905769e+00
1.021721554432532031e+01 -7.012431298314390382e+00
1.029766606042237065e+01 -7.017145257252601631e+00
