0.000000000000000000e+00 -1.549019599857431873e-01
8.045051609704977069e-02 -2.028970174625262801e-01
1.609010321940995414e-01 -5.124697639266383442e-01
2.413515482911492982e-01 -1.179440592091482998e+00
3.218020643881990828e-01 -1.350369618429398066e+00
4.022525804852488118e-01 -1.367447039521753505e+00
4.827030965822985964e-01 -1.488137466540268683e+00
5.631536126793483810e-01 -1.681581166595686128e+00
6.436041287763981655e-01 -1.895774125913236574e+00
7.240546448734478391e-01 -2.044823937079076170e+00
8.045051609704976237e-01 -2.323874430544700775e+00
8.849556770675472972e-01 -2.603997116512081877e+00
9.654061931645971928e-01 -2.718309713490328683e+00
1.045856709261647088e+00 -2.718280406510208635e+00
1.126307225358696762e+00 -2.776973269489088736e+00
1.206757741455746435e+00 -2.844713235856955791e+00
1.287208257552796331e+00 -2.852670051706385212e+00
1.367658773649846005e+00 -2.753263390823707635e+00
1.448109289746895678e+00 -2.673619392921720017e+00
1.528559805843945352e+00 -2.696988709305103704e+00
1.609010321940995247e+00 -2.765978252155669281e+00
1.689460838038045143e+00 -2.852828359282742809e+00
1.769911354135094594e+00 -2.791070732794117326e+00
1.850361870232144490e+00 -2.698303008205130027e+00
1.930812386329194386e+00 -2.629226769256451490e+00
2.011262902426244281e+00 -2.652249158579931709e+00
2.091713418523294177e+00 -2.688189552007594685e+00
2.172163934620343628e+00 -2.675530281745938765e+00
2.252614450717393524e+00 -2.645208641097981594e+00
2.333064966814443419e+00 -2.680710656117686774e+00
2.413515482911492871e+00 -2.734719669787240459e+00
2.493965999008542767e+00 -2.667864451964927941e+00
2.574416515105592662e+00 -2.593909336842590729e+00
2.654867031202642558e+00 -2.634233696966981508e+00
2.735317547299692009e+00 -2.693690920743812445e+00
2.815768063396741905e+00 -2.677223717778935086e+00
2.896218579493791356e+00 -2.613403723576892990e+00
2.976669095590841252e+00 -2.598094150008907199e+00
3.057119611687890703e+00 -2.582602041518894165e+00
3.137570127784940599e+00 -2.561150094122343734e+00
3.218020643881990495e+00 -2.551835223254855123e+00
3.298471159979039946e+00 -2.560994680627952658e+00
3.378921676076090286e+00 -2.570136310259988566e+00
3.459372192173139737e+00 -2.569911954697318812e+00
3.539822708270189189e+00 -2.544480716843726675e+00
3.620273224367239528e+00 -2.539415501514584506e+00
3.700723740464288980e+00 -2.556807937819498111e+00
3.781174256561339320e+00 -2.536858168443490769e+00
3.861624772658388771e+00 -2.554425796699464346e+00
3.942075288755438223e+00 -2.591162742962249688e+00
4.022525804852488562e+00 -2.626180149925703144e+00
4.102976320949538014e+00 -2.627947636571212886e+00
4.183426837046588354e+00 -2.613622422714731552e+00
4.263877353143637805e+00 -2.622112433266928999e+00
4.344327869240687257e+00 -2.633477083156364529e+00
4.424778385337737596e+00 -2.669107471613124893e+00
4.505228901434787048e+00 -2.697978642510061142e+00
4.585679417531836499e+00 -2.690319677636198836e+00
4.666129933628886839e+00 -2.683986912554839677e+00
4.746580449725936290e+00 -2.670853439217028225e+00
4.827030965822985742e+00 -2.656826145645343917e+00
4.907481481920036082e+00 -2.646893351734316724e+00
4.987931998017085533e+00 -2.652313896085611411e+00
5.068382514114135873e+00 -2.666391830028433052e+00
5.148833030211185324e+00 -2.684154268272151533e+00
5.229283546308234776e+00 -2.663263354464325605e+00
5.309734062405285115e+00 -2.643743320381377604e+00
5.390184578502334567e+00 -2.631325681859051802e+00
5.470635094599384018e+00 -2.650460932288318805e+00
5.551085610696433470e+00 -2.659800309155910814e+00
5.631536126793483810e+00 -2.672015153401656296e+00
5.711986642890533261e+00 -2.652388598430030608e+00
5.792437158987582713e+00 -2.631120691264869027e+00
5.872887675084633052e+00 -2.646977343458557286e+00
5.953338191181682504e+00 -2.660721076517922334e+00
6.033788707278731955e+00 -2.666864799999086877e+00
6.114239223375781407e+00 -2.670787671079388303e+00
6.194689739472831747e+00 -2.677399309570455355e+00
6.275140255569881198e+00 -2.670263751107566641e+00
6.355590771666931538e+00 -2.677591785100511768e+00
6.436041287763980989e+00 -2.688376339148625060e+00
6.516491803861030441e+00 -2.704440147813639950e+00
6.596942319958079892e+00 -2.755128827930599211e+00
6.677392836055131120e+00 -2.766452326268477258e+00
6.757843352152180572e+00 -2.738888096889052548e+00
6.838293868249230023e+00 -2.693635629724687952e+00
6.918744384346279475e+00 -2.676239695158728171e+00
6.999194900443328926e+00 -2.694129735680137028e+00
7.079645416540378378e+00 -2.711235653296571790e+00
7.160095932637429605e+00 -2.716312266564877120e+00
7.240546448734479057e+00 -2.709623301228866854e+00
7.320996964831528508e+00 -2.689813196833918063e+00
7.401447480928577960e+00 -2.671872366391890186e+00
7.481897997025627411e+00 -2.669715608669485096e+00
7.562348513122678639e+00 -2.685283319357798071e+00
7.642799029219728091e+00 -2.718539650629889337e+00
7.723249545316777542e+00 -2.735652724522133816e+00
7.803700061413826994e+00 -2.749100916238842895e+00
7.884150577510876445e+00 -2.794351768376142520e+00
7.964601093607927673e+00 -2.825637730109608281e+00
8.045051609704977125e+00 -2.843591909957166042e+00
8.125502125802025688e+00 -2.807464983873428910e+00
8.205952641899076028e+00 -2.760441313729079305e+00
8.286403157996124591e+00 -2.728780951746536232e+00
8.366853674093176707e+00 -2.737050569522371024e+00
8.447304190190225270e+00 -2.732405888107653169e+00
8.527754706287275610e+00 -2.724110122394368894e+00
8.608205222384324173e+00 -2.749922917150574353e+00
8.688655738481374513e+00 -2.774665773023447635e+00
8.769106254578423076e+00 -2.766988270397180649e+00
8.849556770675475192e+00 -2.747646633249980930e+00
8.930007286772523756e+00 -2.753474863369994363e+00
9.010457802869574095e+00 -2.758861634538313456e+00
9.090908318966622659e+00 -2.762416133316718536e+00
9.171358835063672998e+00 -2.754733718732264247e+00
9.251809351160723338e+00 -2.731412511086229067e+00
9.332259867257773678e+00 -2.731812104131636332e+00
9.412710383354822241e+00 -2.745861543608944189e+00
9.493160899451872581e+00 -2.758285346072789856e+00
9.573611415548921144e+00 -2.782022260379136913e+00
9.654061931645971484e+00 -2.815587306825107383e+00
9.734512447743021823e+00 -2.838037628591674189e+00
9.814962963840072163e+00 -2.863933309192561172e+00
9.895413479937120727e+00 -2.883096452969106771e+00
9.975863996034171066e+00 -2.871388461924228253e+00
1.005631451213121963e+01 -2.869487027911045818e+00
1.013676502822827175e+01 -2.867308029966258331e+00
1.021721554432532031e+01 -2.859347653811595613e+00
1.029766606042237065e+01 -2.861320907100289190e+00
