0.000000000000000000e+00 -1.549019599857431873e-01
8.045051609704977069e-02 -1.716682143287805717e-01
1.609010321940995414e-01 -3.998707167200470924e-01
2.413515482911492982e-01 -8.772175235616703759e-01
3.218020643881990828e-01 -1.160130414257829479e+00
4.022525804852488118e-01 -1.304572169947587179e+00
4.827030965822985964e-01 -1.494827790556048308e+00
5.631536126793483810e-01 -1.790603731850801683e+00
6.436041287763981655e-01 -2.027684001706394845e+00
7.240546448734478391e-01 -2.252596299781153721e+00
8.045051609704976237e-01 -2.467984752650060454e+00
8.849556770675472972e-01 -2.632029287364232140e+00
9.654061931645971928e-01 -2.785247583511253122e+00
1.045856709261647088e+00 -2.864697796974708943e+00
1.126307225358696762e+00 -2.852778571758286308e+00
1.206757741455746435e+00 -2.788746276900348597e+00
1.287208257552796331e+00 -2.730673340144927241e+00
1.367658773649846005e+00 -2.731852990181706353e+00
1.448109289746895678e+00 -2.815738098318476546e+00
1.528559805843945352e+00 -2.879638733585307087e+00
1.609010321940995247e+00 -2.854916631290471685e+00
1.689460838038045143e+00 -2.810185539402980659e+00
1.769911354135094594e+00 -2.705697943386129900e+00
1.850361870232144490e+00 -2.632481696478354394e+00
1.930812386329194386e+00 -2.576560660284788806e+00
2.011262902426244281e+00 -2.546360409306935413e+00
2.091713418523294177e+00 -2.529241584075181404e+00
2.172163934620343628e+00 -2.525894315967569081e+00
2.252614450717393524e+00 -2.516612558691491142e+00
2.333064966814443419e+00 -2.540033898792418476e+00
2.413515482911492871e+00 -2.607037162631590466e+00
2.493965999008542767e+00 -2.663883218869564917e+00
2.574416515105592662e+00 -2.669398016752186020e+00
2.654867031202642558e+00 -2.652765012353856644e+00
2.735317547299692009e+00 -2.656174021849647904e+00
2.815768063396741905e+00 -2.670488369091820413e+00
2.896218579493791356e+00 -2.692801482562069193e+00
2.976669095590841252e+00 -2.746538354689993522e+00
3.057119611687890703e+00 -2.747734288599991803e+00
3.137570127784940599e+00 -2.682084507374901783e+00
3.218020643881990495e+00 -2.632316199556714142e+00
3.298471159979039946e+00 -2.631389497327080385e+00
3.378921676076090286e+00 -2.627897678845576124e+00
3.459372192173139737e+00 -2.611205529044936302e+00
3.539822708270189189e+00 -2.550378293469127478e+00
3.620273224367239528e+00 -2.492870412230768551e+00
3.700723740464288980e+00 -2.512215299065753360e+00
3.781174256561339320e+00 -2.565242947553841191e+00
3.861624772658388771e+00 -2.593528230047509542e+00
3.942075288755438223e+00 -2.595893373591426467e+00
4.022525804852488562e+00 -2.612723892349295696e+00
4.102976320949538014e+00 -2.632040120720560150e+00
4.183426837046588354e+00 -2.655493080421359675e+00
4.263877353143637805e+00 -2.692441692993195801e+00
4.344327869240687257e+00 -2.717913970596387063e+00
4.424778385337737596e+00 -2.735125299374486119e+00
4.505228901434787048e+00 -2.722206128497699495e+00
4.585679417531836499e+00 -2.711110134337699762e+00
4.666129933628886839e+00 -2.696450731637479059e+00
4.746580449725936290e+00 -2.699425647264614980e+00
4.827030965822985742e+00 -2.717470291279857619e+00
4.907481481920036082e+00 -2.731971288506585438e+00
4.987931998017085533e+00 -2.704943448369743209e+00
5.068382514114135873e+00 -2.681746327526455254e+00
5.148833030211185324e+00 -2.665950150847122835e+00
5.229283546308234776e+00 -2.638005709060847526e+00
5.309734062405285115e+00 -2.612918788304638529e+00
5.390184578502334567e+00 -2.601964480414821423e+00
5.470635094599384018e+00 -2.610545595092965243e+00
5.551085610696433470e+00 -2.637650402837590669e+00
5.631536126793483810e+00 -2.666399944142029632e+00
5.711986642890533261e+00 -2.722061476918243628e+00
5.792437158987582713e+00 -2.740971274710561456e+00
5.872887675084633052e+00 -2.748284712046652700e+00
5.953338191181682504e+00 -2.764100091415889082e+00
6.033788707278731955e+00 -2.791492387314661094e+00
6.114239223375781407e+00 -2.772529528398179455e+00
6.194689739472831747e+00 -2.741384493057796856e+00
6.275140255569881198e+00 -2.740063691496946952e+00
6.355590771666931538e+00 -2.777914649488165466e+00
6.436041287763980989e+00 -2.812190335311242961e+00
6.516491803861030441e+00 -2.800872156763511533e+00
6.596942319958079892e+00 -2.762600549878432510e+00
6.677392836055131120e+00 -2.736521361827959353e+00
6.757843352152180572e+00 -2.737395868276708111e+00
6.838293868249230023e+00 -2.733480848724866519e+00
6.918744384346279475e+00 -2.704497957605513925e+00
6.999194900443328926e+00 -2.695104137391017396e+00
7.079645416540378378e+00 -2.712259688249622602e+00
7.160095932637429605e+00 -2.747368344244551341e+00
7.240546448734479057e+00 -2.749303264677968262e+00
7.320996964831528508e+00 -2.738771062821967028e+00
7.401447480928577960e+00 -2.747585679898803868e+00
7.481897997025627411e+00 -2.773682244721664247e+00
7.562348513122678639e+00 -2.785156786065833501e+00
7.642799029219728091e+00 -2.788048878854108015e+00
7.723249545316777542e+00 -2.775053997055694222e+00
7.803700061413826994e+00 -2.737297849191595134e+00
7.884150577510876445e+00 -2.721617069387200161e+00
7.964601093607927673e+00 -2.722914130610914363e+00
8.045051609704977125e+00 -2.708591787796453598e+00
8.125502125802025688e+00 -2.689709096353135820e+00
8.205952641899076028e+00 -2.689663976626210484e+00
8.286403157996124591e+00 -2.706296969996336621e+00
8.366853674093176707e+00 -2.709856349271565712e+00
8.447304190190225270e+00 -2.719607620761807620e+00
8.527754706287275610e+00 -2.742395700349146814e+00
8.608205222384324173e+00 -2.750867324264280711e+00
8.688655738481374513e+00 -2.755059904447705765e+00
8.769106254578423076e+00 -2.773211710583787237e+00
8.849556770675475192e+00 -2.786636464702335836e+00
8.930007286772523756e+00 -2.772039578806126503e+00
9.010457802869574095e+00 -2.764283714749698362e+00
9.090908318966622659e+00 -2.794779082415812521e+00
9.171358835063672998e+00 -2.814432177581703609e+00
9.251809351160723338e+00 -2.803674150978947566e+00
9.332259867257773678e+00 -2.808962116958585664e+00
9.412710383354822241e+00 -2.798175860221932432e+00
9.493160899451872581e+00 -2.794007463259105872e+00
9.573611415548921144e+00 -2.822944283630738127e+00
9.654061931645971484e+00 -2.838076127238869706e+00
9.734512447743021823e+00 -2.837697926667508419e+00
9.814962963840072163e+00 -2.850327475953895462e+00
9.895413479937120727e+00 -2.840923197793963961e+00
9.975863996034171066e+00 -2.812932705053948101e+00
1.005631451213121963e+01 -2.806837415338502062e+00
1.013676502822827175e+01 -2.825805867676024263e+00
1.021721554432532031e+01 -2.854739055847524298e+00
1.029766606042237065e+01 -2.864125743231852539e+00
