0.000000000000000000e+00 -1.549019599857431873e-01
8.045051609704977069e-02 -1.915454086956907831e-01
1.609010321940995414e-01 -4.779970754957272305e-01
2.413515482911492982e-01 -1.105802376755719463e+00
3.218020643881990828e-01 -1.367142117117643663e+00
4.022525804852488118e-01 -1.458007973564048321e+00
4.827030965822985964e-01 -1.645538371200720773e+00
5.631536126793483810e-01 -1.906232574017845405e+00
6.436041287763981655e-01 -2.149026886157937799e+00
7.240546448734478391e-01 -2.321049104318293921e+00
8.045051609704976237e-01 -2.555280685224044834e+00
8.849556770675472972e-01 -2.773093089119372134e+00
9.654061931645971928e-01 -2.943624495505091865e+00
1.045856709261647088e+00 -2.993912335916650402e+00
1.126307225358696762e+00 -2.926985463016143818e+00
1.206757741455746435e+00 -2.788949349931178379e+00
1.287208257552796331e+00 -2.724458987716285918e+00
1.367658773649846005e+00 -2.731044884285528163e+00
1.448109289746895678e+00 -2.764583778460283359e+00
1.528559805843945352e+00 -2.737842416253300382e+00
1.609010321940995247e+00 -2.697522774427362435e+00
1.689460838038045143e+00 -2.725287644367159423e+00
1.769911354135094594e+00 -2.732186748408231836e+00
1.850361870232144490e+00 -2.722138095323472395e+00
1.930812386329194386e+00 -2.716759125851487600e+00
2.011262902426244281e+00 -2.688227809200207208e+00
2.091713418523294177e+00 -2.644274978719836522e+00
2.172163934620343628e+00 -2.635421586992238829e+00
2.252614450717393524e+00 -2.639106578647952173e+00
2.333064966814443419e+00 -2.639035479003912776e+00
2.413515482911492871e+00 -2.598595811670763034e+00
2.493965999008542767e+00 -2.557258561908430927e+00
2.574416515105592662e+00 -2.556653082661911380e+00
2.654867031202642558e+00 -2.576214476950323462e+00
2.735317547299692009e+00 -2.593814409086375061e+00
2.815768063396741905e+00 -2.604586384378245079e+00
2.896218579493791356e+00 -2.651480750602040359e+00
2.976669095590841252e+00 -2.692199875895579630e+00
3.057119611687890703e+00 -2.708303419884969365e+00
3.137570127784940599e+00 -2.664030404380969053e+00
3.218020643881990495e+00 -2.646512274175889967e+00
3.298471159979039946e+00 -2.666048964276670485e+00
3.378921676076090286e+00 -2.710823953640672634e+00
3.459372192173139737e+00 -2.723679888882060141e+00
3.539822708270189189e+00 -2.705184355275132457e+00
3.620273224367239528e+00 -2.692249406516939114e+00
3.700723740464288980e+00 -2.668974065144318342e+00
3.781174256561339320e+00 -2.640101084490800609e+00
3.861624772658388771e+00 -2.624385701681162697e+00
3.942075288755438223e+00 -2.599839605962259270e+00
4.022525804852488562e+00 -2.565830186640762900e+00
4.102976320949538014e+00 -2.586034356042903326e+00
4.183426837046588354e+00 -2.633340200965330169e+00
4.263877353143637805e+00 -2.652353809966089049e+00
4.344327869240687257e+00 -2.624591945616178812e+00
4.424778385337737596e+00 -2.599415456206469965e+00
4.505228901434787048e+00 -2.591916015709315957e+00
4.585679417531836499e+00 -2.584624225102207351e+00
4.666129933628886839e+00 -2.591568714547648700e+00
4.746580449725936290e+00 -2.641715509136964180e+00
4.827030965822985742e+00 -2.707039807116265351e+00
4.907481481920036082e+00 -2.754879203778610730e+00
4.987931998017085533e+00 -2.749470997313476772e+00
5.068382514114135873e+00 -2.718738162629037447e+00
5.148833030211185324e+00 -2.680723105748400226e+00
5.229283546308234776e+00 -2.659741385521277479e+00
5.309734062405285115e+00 -2.647560049286640904e+00
5.390184578502334567e+00 -2.637458860484102718e+00
5.470635094599384018e+00 -2.644713421910852791e+00
5.551085610696433470e+00 -2.688305427687389670e+00
5.631536126793483810e+00 -2.760594328238342943e+00
5.711986642890533261e+00 -2.771682990371970856e+00
5.792437158987582713e+00 -2.763881900152858062e+00
5.872887675084633052e+00 -2.752158467410513065e+00
5.953338191181682504e+00 -2.737475696373487644e+00
6.033788707278731955e+00 -2.706824163255185045e+00
6.114239223375781407e+00 -2.662381492088333079e+00
6.194689739472831747e+00 -2.605805043707456470e+00
6.275140255569881198e+00 -2.611764605004193385e+00
6.355590771666931538e+00 -2.641553360211162271e+00
6.436041287763980989e+00 -2.673381852855601704e+00
6.516491803861030441e+00 -2.691235074903745694e+00
6.596942319958079892e+00 -2.694752761367132710e+00
6.677392836055131120e+00 -2.684413194224749777e+00
6.757843352152180572e+00 -2.660287097569117964e+00
6.838293868249230023e+00 -2.657987987195852497e+00
6.918744384346279475e+00 -2.684992910024646573e+00
6.999194900443328926e+00 -2.718008976729574311e+00
7.079645416540378378e+00 -2.742995209862860495e+00
7.160095932637429605e+00 -2.724997926803807147e+00
7.240546448734479057e+00 -2.708783247906251024e+00
7.320996964831528508e+00 -2.693778469800362174e+00
7.401447480928577960e+00 -2.670356398053901348e+00
7.481897997025627411e+00 -2.671493895472354385e+00
7.562348513122678639e+00 -2.700395485135360651e+00
7.642799029219728091e+00 -2.729054484628357979e+00
7.723249545316777542e+00 -2.755548815421478448e+00
7.803700061413826994e+00 -2.768785152363929303e+00
7.884150577510876445e+00 -2.783874355463318739e+00
7.964601093607927673e+00 -2.764064254373865825e+00
8.045051609704977125e+00 -2.728929336694550400e+00
8.125502125802025688e+00 -2.722380862836761839e+00
8.205952641899076028e+00 -2.729631320808577399e+00
8.286403157996124591e+00 -2.754963516495700482e+00
8.366853674093176707e+00 -2.798347020780485916e+00
8.447304190190225270e+00 -2.833025295610259509e+00
8.527754706287275610e+00 -2.836159381977128469e+00
8.608205222384324173e+00 -2.824152157005801911e+00
8.688655738481374513e+00 -2.810009197894471900e+00
8.769106254578423076e+00 -2.788031467668572461e+00
8.849556770675475192e+00 -2.762792068165722537e+00
8.930007286772523756e+00 -2.754406715869688327e+00
9.010457802869574095e+00 -2.773078815845180678e+00
9.090908318966622659e+00 -2.785837873828948652e+00
9.171358835063672998e+00 -2.786169967091807198e+00
9.251809351160723338e+00 -2.785504772035935606e+00
9.332259867257773678e+00 -2.773459286752388842e+00
9.412710383354822241e+00 -2.777534796385904947e+00
9.493160899451872581e+00 -2.783086324362333830e+00
9.573611415548921144e+00 -2.788658382420277526e+00
9.654061931645971484e+00 -2.770789793689607095e+00
9.734512447743021823e+00 -2.744758472563781915e+00
9.814962963840072163e+00 -2.749200987532415041e+00
9.895413479937120727e+00 -2.781977820593557027e+00
9.975863996034171066e+00 -2.833967157301932716e+00
1.005631451213121963e+01 -2.845864193551424837e+00
1.013676502822827175e+01 -2.822606712683525920e+00
1.021721554432532031e+01 -2.807667017618912464e+00
1.029766606042237065e+01 -2.796961784761840430e+00
