0.000000000000000000e+00 -1.549019599857431873e-01
8.045051609704977069e-02 -2.013103482336553729e-01
1.609010321940995414e-01 -5.240674795792997775e-01
2.413515482911492982e-01 -9.330038836083367482e-01
3.218020643881990828e-01 -1.025757932709303821e+00
4.022525804852488118e-01 -1.233165606149646321e+00
4.827030965822985964e-01 -1.401130887825650317e+00
5.631536126793483810e-01 -1.606635965140509326e+00
6.436041287763981655e-01 -1.799664664701834171e+00
7.240546448734478391e-01 -2.037286037424772989e+00
8.045051609704976237e-01 -2.301991002644692141e+00
8.849556770675472972e-01 -2.549659225211200031e+00
9.654061931645971928e-01 -2.747287693447442170e+00
1.045856709261647088e+00 -2.865365374109678953e+00
1.126307225358696762e+00 -2.895412542609762330e+00
1.206757741455746435e+00 -2.858720810757043207e+00
1.287208257552796331e+00 -2.836342191079475938e+00
1.367658773649846005e+00 -2.905657094743328450e+00
1.448109289746895678e+00 -2.994935689383076749e+00
1.528559805843945352e+00 -3.005910137857889630e+00
1.609010321940995247e+00 -2.919514000478184101e+00
1.689460838038045143e+00 -2.767185851441099853e+00
1.769911354135094594e+00 -2.664265469063261005e+00
1.850361870232144490e+00 -2.632088369113667170e+00
1.930812386329194386e+00 -2.613225617369830722e+00
2.011262902426244281e+00 -2.597488445483859376e+00
2.091713418523294177e+00 -2.586177066656381474e+00
2.172163934620343628e+00 -2.602897761660884157e+00
2.252614450717393524e+00 -2.616302250366908666e+00
2.333064966814443419e+00 -2.613146255674125396e+00
2.413515482911492871e+00 -2.595062296635128885e+00
2.493965999008542767e+00 -2.615145889569239213e+00
2.574416515105592662e+00 -2.645724924102206721e+00
2.654867031202642558e+00 -2.669973110596615129e+00
2.735317547299692009e+00 -2.650772286110325560e+00
2.815768063396741905e+00 -2.654596008060361445e+00
2.896218579493791356e+00 -2.681701552332467653e+00
2.976669095590841252e+00 -2.673354532656874394e+00
3.057119611687890703e+00 -2.591642697531032269e+00
3.137570127784940599e+00 -2.591294222130339442e+00
3.218020643881990495e+00 -2.637363271281334853e+00
3.298471159979039946e+00 -2.662190866476314532e+00
3.378921676076090286e+00 -2.637217228208530884e+00
3.459372192173139737e+00 -2.620817999854992308e+00
3.539822708270189189e+00 -2.616031515291242560e+00
3.620273224367239528e+00 -2.618375475212487480e+00
3.700723740464288980e+00 -2.625263443037926692e+00
3.781174256561339320e+00 -2.599304604388113393e+00
3.861624772658388771e+00 -2.589524669284722691e+00
3.942075288755438223e+00 -2.619114173231147369e+00
4.022525804852488562e+00 -2.647609463916851258e+00
4.102976320949538014e+00 -2.672195339958548743e+00
4.183426837046588354e+00 -2.693144866001918825e+00
4.263877353143637805e+00 -2.689633690850447234e+00
4.344327869240687257e+00 -2.669729731455128707e+00
4.424778385337737596e+00 -2.659472655001741792e+00
4.505228901434787048e+00 -2.668254809008524742e+00
4.585679417531836499e+00 -2.687712265524540012e+00
4.666129933628886839e+00 -2.672952771229634372e+00
4.746580449725936290e+00 -2.658475908597289106e+00
4.827030965822985742e+00 -2.654649248621943958e+00
4.907481481920036082e+00 -2.669845218501934347e+00
4.987931998017085533e+00 -2.689681605854055579e+00
5.068382514114135873e+00 -2.685604614485820107e+00
5.148833030211185324e+00 -2.677956389692738970e+00
5.229283546308234776e+00 -2.697089921512185295e+00
5.309734062405285115e+00 -2.729192354739413240e+00
5.390184578502334567e+00 -2.712573621187824635e+00
5.470635094599384018e+00 -2.693068162415092281e+00
5.551085610696433470e+00 -2.685464654603683776e+00
5.631536126793483810e+00 -2.709086008724519878e+00
5.711986642890533261e+00 -2.705041717679394164e+00
5.792437158987582713e+00 -2.684026963862397697e+00
5.872887675084633052e+00 -2.681102042522885753e+00
5.953338191181682504e+00 -2.667924876897106667e+00
6.033788707278731955e+00 -2.664223099432436292e+00
6.114239223375781407e+00 -2.685701698095997791e+00
6.194689739472831747e+00 -2.702048857583584596e+00
6.275140255569881198e+00 -2.693390754274857635e+00
6.355590771666931538e+00 -2.668827848552609794e+00
6.436041287763980989e+00 -2.678526441780709977e+00
6.516491803861030441e+00 -2.704031704995136565e+00
6.596942319958079892e+00 -2.712822690177581819e+00
6.677392836055131120e+00 -2.722773406194674006e+00
6.757843352152180572e+00 -2.745613832007805399e+00
6.838293868249230023e+00 -2.746918186571567944e+00
6.918744384346279475e+00 -2.721017875458160429e+00
6.999194900443328926e+00 -2.707786227696021619e+00
7.079645416540378378e+00 -2.710739458041850902e+00
7.160095932637429605e+00 -2.735348689725441762e+00
7.240546448734479057e+00 -2.742626579539592768e+00
7.320996964831528508e+00 -2.751686736705973857e+00
7.401447480928577960e+00 -2.770459096275360800e+00
7.481897997025627411e+00 -2.783546205118712091e+00
7.562348513122678639e+00 -2.758658804918256102e+00
7.642799029219728091e+00 -2.723232953720015725e+00
7.723249545316777542e+00 -2.735522773145496522e+00
7.803700061413826994e+00 -2.778052855872541915e+00
7.884150577510876445e+00 -2.796435682084471797e+00
7.964601093607927673e+00 -2.785398055330889022e+00
8.045051609704977125e+00 -2.789470118695893674e+00
8.125502125802025688e+00 -2.787601146416332831e+00
8.205952641899076028e+00 -2.783400938743627595e+00
8.286403157996124591e+00 -2.775353338739919629e+00
8.366853674093176707e+00 -2.766706676019041300e+00
8.447304190190225270e+00 -2.753538809322869430e+00
8.527754706287275610e+00 -2.735187379930508200e+00
8.608205222384324173e+00 -2.736761017693915221e+00
8.688655738481374513e+00 -2.759436515963598069e+00
8.769106254578423076e+00 -2.786521616660921907e+00
8.849556770675475192e+00 -2.783805560954399461e+00
8.930007286772523756e+00 -2.769848520896504684e+00
9.010457802869574095e+00 -2.757999274131396117e+00
9.090908318966622659e+00 -2.754624807389968844e+00
9.171358835063672998e+00 -2.755059742559412328e+00
9.251809351160723338e+00 -2.766582100207665373e+00
9.332259867257773678e+00 -2.794321259299336724e+00
9.412710383354822241e+00 -2.810481622621657571e+00
9.493160899451872581e+00 -2.807819569871483179e+00
9.573611415548921144e+00 -2.818786481257604226e+00
9.654061931645971484e+00 -2.831564351764774390e+00
9.734512447743021823e+00 -2.861912060742575648e+00
9.814962963840072163e+00 -2.873617681209282626e+00
9.895413479937120727e+00 -2.874900542024185768e+00
9.975863996034171066e+00 -2.864290104458373953e+00
1.005631451213121963e+01 -2.883138290929794234e+00
1.013676502822827175e+01 -2.904041845306648106e+00
1.021721554432532031e+01 -2.911061023714640150e+00
1.029766606042237065e+01 -2.922365507849710387e+00
