0.000000000000000000e+00 -1.549019599857431873e-01
8.045051609704977069e-02 -2.076357246082112529e-01
1.609010321940995414e-01 -5.557708707277329019e-01
2.413515482911492982e-01 -1.079165848635397218e+00
3.218020643881990828e-01 -1.182359307483529021e+00
4.022525804852488118e-01 -1.405818109113848635e+00
4.827030965822985964e-01 -1.621711737452206092e+00
5.631536126793483810e-01 -1.856379450536505438e+00
6.436041287763981655e-01 -2.159400350087925524e+00
7.240546448734478391e-01 -2.332948577980598515e+00
8.045051609704976237e-01 -2.510502464968332514e+00
8.849556770675472972e-01 -2.743702868653566274e+00
9.654061931645971928e-01 -2.837799842156633279e+00
1.045856709261647088e+00 -2.878787456830152802e+00
1.126307225358696762e+00 -2.908974469371413463e+00
1.206757741455746435e+00 -2.878905922056958389e+00
1.287208257552796331e+00 -2.897961319306910699e+00
1.367658773649846005e+00 -2.890410648887290268e+00
1.448109289746895678e+00 -2.777615947530618801e+00
1.528559805843945352e+00 -2.677897782886319078e+00
1.609010321940995247e+00 -2.637962350034221970e+00
1.689460838038045143e+00 -2.636830751020035724e+00
1.769911354135094594e+00 -2.639927791332084883e+00
1.850361870232144490e+00 -2.659918204974862643e+00
1.930812386329194386e+00 -2.658736848909320383e+00
2.011262902426244281e+00 -2.678270279113037944e+00
2.091713418523294177e+00 -2.686827877053385105e+00
2.172163934620343628e+00 -2.715869616772057071e+00
2.252614450717393524e+00 -2.753731754774396023e+00
2.333064966814443419e+00 -2.744722269983039808e+00
2.413515482911492871e+00 -2.650877002196108556e+00
2.493965999008542767e+00 -2.567230794893376800e+00
2.574416515105592662e+00 -2.507781103531458555e+00
2.654867031202642558e+00 -2.498400244604041642e+00
2.735317547299692009e+00 -2.511607918681560303e+00
2.815768063396741905e+00 -2.552713645237816298e+00
2.896218579493791356e+00 -2.612284691965864436e+00
2.976669095590841252e+00 -2.628131604337550886e+00
3.057119611687890703e+00 -2.632246479217108526e+00
3.137570127784940599e+00 -2.691242313164758038e+00
3.218020643881990495e+00 -2.745929659648244314e+00
3.298471159979039946e+00 -2.753450505768926693e+00
3.378921676076090286e+00 -2.726088944767719457e+00
3.459372192173139737e+00 -2.680150732488512766e+00
3.539822708270189189e+00 -2.632891142808241103e+00
3.620273224367239528e+00 -2.655121935022957569e+00
3.700723740464288980e+00 -2.723842523594365517e+00
3.781174256561339320e+00 -2.716370886750749225e+00
3.861624772658388771e+00 -2.648958865513919125e+00
3.942075288755438223e+00 -2.575708310963287229e+00
4.022525804852488562e+00 -2.543261155000224427e+00
4.102976320949538014e+00 -2.573428090887318831e+00
4.183426837046588354e+00 -2.659871153446893288e+00
4.263877353143637805e+00 -2.713443346621367880e+00
4.344327869240687257e+00 -2.725473111424135286e+00
4.424778385337737596e+00 -2.706451175261045172e+00
4.505228901434787048e+00 -2.667512217024913035e+00
4.585679417531836499e+00 -2.677397212535162829e+00
4.666129933628886839e+00 -2.700134556673160269e+00
4.746580449725936290e+00 -2.707520829039986143e+00
4.827030965822985742e+00 -2.676212336281478699e+00
4.907481481920036082e+00 -2.689134827514775061e+00
4.987931998017085533e+00 -2.725871513302716043e+00
5.068382514114135873e+00 -2.718233224509775781e+00
5.148833030211185324e+00 -2.654112885387706289e+00
5.229283546308234776e+00 -2.604897169110961030e+00
5.309734062405285115e+00 -2.608388014523838727e+00
5.390184578502334567e+00 -2.641668446270327930e+00
5.470635094599384018e+00 -2.643969719269390506e+00
5.551085610696433470e+00 -2.652407096438166967e+00
5.631536126793483810e+00 -2.660149797931158133e+00
5.711986642890533261e+00 -2.684939375330187783e+00
5.792437158987582713e+00 -2.720788832172160276e+00
5.872887675084633052e+00 -2.740243736360392646e+00
5.953338191181682504e+00 -2.710551606981975503e+00
6.033788707278731955e+00 -2.683586830384290245e+00
6.114239223375781407e+00 -2.678034319411585429e+00
6.194689739472831747e+00 -2.689662347870362957e+00
6.275140255569881198e+00 -2.701415659356049659e+00
6.355590771666931538e+00 -2.735258474190068956e+00
6.436041287763980989e+00 -2.767624203356606749e+00
6.516491803861030441e+00 -2.754462335699109143e+00
6.596942319958079892e+00 -2.730089920118670133e+00
6.677392836055131120e+00 -2.727353547486631502e+00
6.757843352152180572e+00 -2.712741359859209833e+00
6.838293868249230023e+00 -2.691045260887205082e+00
6.918744384346279475e+00 -2.686541402027181391e+00
6.999194900443328926e+00 -2.691239294508172009e+00
7.079645416540378378e+00 -2.703996130145676080e+00
7.160095932637429605e+00 -2.742774460660255542e+00
7.240546448734479057e+00 -2.746175726929774630e+00
7.320996964831528508e+00 -2.729934128144085648e+00
7.401447480928577960e+00 -2.743878308403285171e+00
7.481897997025627411e+00 -2.754403113203829356e+00
7.562348513122678639e+00 -2.775008942843793847e+00
7.642799029219728091e+00 -2.810897520981567421e+00
7.723249545316777542e+00 -2.815757398154284719e+00
7.803700061413826994e+00 -2.792830094923972606e+00
7.884150577510876445e+00 -2.764357045170632521e+00
7.964601093607927673e+00 -2.753292538379670251e+00
8.045051609704977125e+00 -2.749501589196112317e+00
8.125502125802025688e+00 -2.756939623919572036e+00
8.205952641899076028e+00 -2.733241069099682452e+00
8.286403157996124591e+00 -2.719053811364077866e+00
8.366853674093176707e+00 -2.721736628106809164e+00
8.447304190190225270e+00 -2.734630109166276135e+00
8.527754706287275610e+00 -2.743075449569623459e+00
8.608205222384324173e+00 -2.747748560344764446e+00
8.688655738481374513e+00 -2.779752112545197384e+00
8.769106254578423076e+00 -2.821309279634573119e+00
8.849556770675475192e+00 -2.830710124482768819e+00
8.930007286772523756e+00 -2.826182587027320281e+00
9.010457802869574095e+00 -2.791005718363266386e+00
9.090908318966622659e+00 -2.780250808606700819e+00
9.171358835063672998e+00 -2.793514911951843427e+00
9.251809351160723338e+00 -2.810549658006744611e+00
9.332259867257773678e+00 -2.810387399560148047e+00
9.412710383354822241e+00 -2.799917476875263933e+00
9.493160899451872581e+00 -2.801336231120919784e+00
9.573611415548921144e+00 -2.822186442134478224e+00
9.654061931645971484e+00 -2.805876769214234123e+00
9.734512447743021823e+00 -2.797495940422070060e+00
9.814962963840072163e+00 -2.812634711793539299e+00
9.895413479937120727e+00 -2.839013154789967075e+00
9.975863996034171066e+00 -2.831931818784151123e+00
1.005631451213121963e+01 -2.830282280358395575e+00
1.013676502822827175e+01 -2.853721412059138096e+00
1.021721554432532031e+01 -2.866128423234696410e+00
1.029766606042237065e+01 -2.883932910077525502e+00
