0.000000000000000000e+00 -1.549019599857431873e-01
8.045051609704977069e-02 -1.974422841420232222e-01
1.609010321940995414e-01 -5.331603302629301933e-01
2.413515482911492982e-01 -1.109880472555567099e+00
3.218020643881990828e-01 -1.297234332811687763e+00
4.022525804852488118e-01 -1.417741342308418195e+00
4.827030965822985964e-01 -1.612650665124854443e+00
5.631536126793483810e-01 -1.723782743045146892e+00
6.436041287763981655e-01 -1.890394653962458538e+00
7.240546448734478391e-01 -2.116736686183895433e+00
8.045051609704976237e-01 -2.456099354430743009e+00
8.849556770675472972e-01 -2.726260379190788452e+00
9.654061931645971928e-01 -2.822899596079168294e+00
1.045856709261647088e+00 -2.845783109565593882e+00
1.126307225358696762e+00 -2.854447585620663030e+00
1.206757741455746435e+00 -2.834733445389160611e+00
1.287208257552796331e+00 -2.786465872072800387e+00
1.367658773649846005e+00 -2.743888037222566467e+00
1.448109289746895678e+00 -2.745464387606168177e+00
1.528559805843945352e+00 -2.809121920028491814e+00
1.609010321940995247e+00 -2.870583157655769213e+00
1.689460838038045143e+00 -2.851379926053505098e+00
1.769911354135094594e+00 -2.759846135433117187e+00
1.850361870232144490e+00 -2.732949772954466727e+00
1.930812386329194386e+00 -2.713832638243086404e+00
2.011262902426244281e+00 -2.640810949385761663e+00
2.091713418523294177e+00 -2.551293686978024500e+00
2.172163934620343628e+00 -2.505366307724862018e+00
2.252614450717393524e+00 -2.514197478983951406e+00
2.333064966814443419e+00 -2.543159099224508779e+00
2.413515482911492871e+00 -2.570525273579091774e+00
2.493965999008542767e+00 -2.587561285805331401e+00
2.574416515105592662e+00 -2.550939058053727670e+00
2.654867031202642558e+00 -2.523730559570064536e+00
2.735317547299692009e+00 -2.543974401867636903e+00
2.815768063396741905e+00 -2.613844849599248121e+00
2.896218579493791356e+00 -2.675641273229600436e+00
2.976669095590841252e+00 -2.643789748077638002e+00
3.057119611687890703e+00 -2.599493680468213164e+00
3.137570127784940599e+00 -2.617935553251839575e+00
3.218020643881990495e+00 -2.676228754828116507e+00
3.298471159979039946e+00 -2.682179185986459213e+00
3.378921676076090286e+00 -2.648257403811325350e+00
3.459372192173139737e+00 -2.645616641896484378e+00
3.539822708270189189e+00 -2.652107901921883837e+00
3.620273224367239528e+00 -2.621151565498110347e+00
3.700723740464288980e+00 -2.610398171335782447e+00
3.781174256561339320e+00 -2.607080993057562690e+00
3.861624772658388771e+00 -2.591277852473158561e+00
3.942075288755438223e+00 -2.599050773313315243e+00
4.022525804852488562e+00 -2.615957724956456953e+00
4.102976320949538014e+00 -2.652058759335552907e+00
4.183426837046588354e+00 -2.686482357043752156e+00
4.263877353143637805e+00 -2.682405312794771568e+00
4.344327869240687257e+00 -2.669799069064003216e+00
4.424778385337737596e+00 -2.698921453042680607e+00
4.505228901434787048e+00 -2.739872033815679231e+00
4.585679417531836499e+00 -2.711221861100252983e+00
4.666129933628886839e+00 -2.672066823724682738e+00
4.746580449725936290e+00 -2.666020324854816437e+00
4.827030965822985742e+00 -2.692393585062750727e+00
4.907481481920036082e+00 -2.724671993059977204e+00
4.987931998017085533e+00 -2.738799401931970579e+00
5.068382514114135873e+00 -2.724739802723053828e+00
5.148833030211185324e+00 -2.683846686324729891e+00
5.229283546308234776e+00 -2.658833233717845523e+00
5.309734062405285115e+00 -2.669675286055028351e+00
5.390184578502334567e+00 -2.668956724437976824e+00
5.470635094599384018e+00 -2.673762964903720896e+00
5.551085610696433470e+00 -2.673427344506327241e+00
5.631536126793483810e+00 -2.667892260563430984e+00
5.711986642890533261e+00 -2.675948732521794327e+00
5.792437158987582713e+00 -2.677409069912946027e+00
5.872887675084633052e+00 -2.677229476915162554e+00
5.953338191181682504e+00 -2.681886460126846394e+00
6.033788707278731955e+00 -2.696599415031957214e+00
6.114239223375781407e+00 -2.691195577803255468e+00
6.194689739472831747e+00 -2.680238093259907028e+00
6.275140255569881198e+00 -2.664743622357801822e+00
6.355590771666931538e+00 -2.664201125331696396e+00
6.436041287763980989e+00 -2.696747480514892104e+00
6.516491803861030441e+00 -2.739036785807149155e+00
6.596942319958079892e+00 -2.745145914695045875e+00
6.677392836055131120e+00 -2.729432777581649816e+00
6.757843352152180572e+00 -2.722248872962889532e+00
6.838293868249230023e+00 -2.736647914201338239e+00
6.918744384346279475e+00 -2.737478678752886196e+00
6.999194900443328926e+00 -2.747560974764473141e+00
7.079645416540378378e+00 -2.742010387464508092e+00
7.160095932637429605e+00 -2.761541281277373638e+00
7.240546448734479057e+00 -2.782841664728420650e+00
7.320996964831528508e+00 -2.779800363767728211e+00
7.401447480928577960e+00 -2.756531413021859667e+00
7.481897997025627411e+00 -2.734337005501266571e+00
7.562348513122678639e+00 -2.700309433362777067e+00
7.642799029219728091e+00 -2.669589831510837730e+00
7.723249545316777542e+00 -2.649139349416124389e+00
7.803700061413826994e+00 -2.662811695743991791e+00
7.884150577510876445e+00 -2.702660395912822366e+00
7.964601093607927673e+00 -2.732829737860275721e+00
8.045051609704977125e+00 -2.749177694406992334e+00
8.125502125802025688e+00 -2.774364346985330965e+00
8.205952641899076028e+00 -2.795890262495211331e+00
8.286403157996124591e+00 -2.793819550663713791e+00
8.366853674093176707e+00 -2.798059593637082454e+00
8.447304190190225270e+00 -2.814195192182883609e+00
8.527754706287275610e+00 -2.819728809936913994e+00
8.608205222384324173e+00 -2.823902175885951493e+00
8.688655738481374513e+00 -2.836696256748657330e+00
8.769106254578423076e+00 -2.869096721289931651e+00
8.849556770675475192e+00 -2.852054893049639883e+00
8.930007286772523756e+00 -2.826337378265745492e+00
9.010457802869574095e+00 -2.808479360348574705e+00
9.090908318966622659e+00 -2.815911991440049000e+00
9.171358835063672998e+00 -2.810246981282805478e+00
9.251809351160723338e+00 -2.800427183926585961e+00
9.332259867257773678e+00 -2.782092438773604570e+00
9.412710383354822241e+00 -2.772384379154211320e+00
9.493160899451872581e+00 -2.775452798228289719e+00
9.573611415548921144e+00 -2.806227814066644122e+00
9.654061931645971484e+00 -2.841540394957586368e+00
9.734512447743021823e+00 -2.837523212134646311e+00
9.814962963840072163e+00 -2.827467798997968185e+00
9.895413479937120727e+00 -2.838766430888171044e+00
9.975863996034171066e+00 -2.844115910649624990e+00
1.005631451213121963e+01 -2.847697105137729778e+00
1.013676502822827175e+01 -2.839044861865694269e+00
1.021721554432532031e+01 -2.826822361213920942e+00
1.029766606042237065e+01 -2.819777465575966424e+00
