0.000000000000000000e+00 -1.549019599857431873e-01
8.045051609704977069e-02 -2.071787691667215936e-01
1.609010321940995414e-01 -5.551857816979667293e-01
2.413515482911492982e-01 -1.284170699236872215e+00
3.218020643881990828e-01 -1.479092877697096853e+00
4.022525804852488118e-01 -1.543037429047349196e+00
4.827030965822985964e-01 -1.623934872808036722e+00
5.631536126793483810e-01 -1.840290813741811693e+00
6.436041287763981655e-01 -2.095040174599240412e+00
7.240546448734478391e-01 -2.362254586201806283e+00
8.045051609704976237e-01 -2.641151706567103741e+00
8.849556770675472972e-01 -2.826009555941482176e+00
9.654061931645971928e-01 -2.929666559683083982e+00
1.045856709261647088e+00 -2.997425564563481970e+00
1.126307225358696762e+00 -3.003729980469750149e+00
1.206757741455746435e+00 -2.938244717281673690e+00
1.287208257552796331e+00 -2.851650994940179373e+00
1.367658773649846005e+00 -2.777527211413587604e+00
1.448109289746895678e+00 -2.737872939852660892e+00
1.528559805843945352e+00 -2.726426074508910169e+00
1.609010321940995247e+00 -2.744582896891994750e+00
1.689460838038045143e+00 -2.736252679069147931e+00
1.769911354135094594e+00 -2.686916937481311773e+00
1.850361870232144490e+00 -2.669386200417229738e+00
1.930812386329194386e+00 -2.669095604392242915e+00
2.011262902426244281e+00 -2.680326838518633625e+00
2.091713418523294177e+00 -2.694421774083481047e+00
2.172163934620343628e+00 -2.671434703156260859e+00
2.252614450717393524e+00 -2.637466454451413256e+00
2.333064966814443419e+00 -2.594973635106414100e+00
2.413515482911492871e+00 -2.562016416317374645e+00
2.493965999008542767e+00 -2.548907378341630725e+00
2.574416515105592662e+00 -2.563870024551453408e+00
2.654867031202642558e+00 -2.562533764233526856e+00
2.735317547299692009e+00 -2.556401135766743771e+00
2.815768063396741905e+00 -2.567098494902164241e+00
2.896218579493791356e+00 -2.582620127478016503e+00
2.976669095590841252e+00 -2.612421826530499924e+00
3.057119611687890703e+00 -2.654782490029012010e+00
3.137570127784940599e+00 -2.629572204357391918e+00
3.218020643881990495e+00 -2.584356743693655201e+00
3.298471159979039946e+00 -2.578873056466659985e+00
3.378921676076090286e+00 -2.579643017145023087e+00
3.459372192173139737e+00 -2.543633432056500610e+00
3.539822708270189189e+00 -2.529243759411258008e+00
3.620273224367239528e+00 -2.561422661288957237e+00
3.700723740464288980e+00 -2.614821015702844864e+00
3.781174256561339320e+00 -2.634396633629432660e+00
3.861624772658388771e+00 -2.620216613253959714e+00
3.942075288755438223e+00 -2.600576324429288544e+00
4.022525804852488562e+00 -2.590198081590413093e+00
4.102976320949538014e+00 -2.599677861909680754e+00
4.183426837046588354e+00 -2.631270029513581132e+00
4.263877353143637805e+00 -2.663957409255775843e+00
4.344327869240687257e+00 -2.680396331743042371e+00
4.424778385337737596e+00 -2.701017656906217201e+00
4.505228901434787048e+00 -2.700079518762358965e+00
4.585679417531836499e+00 -2.641311208023650270e+00
4.666129933628886839e+00 -2.616044884316965025e+00
4.746580449725936290e+00 -2.634857926266180428e+00
4.827030965822985742e+00 -2.648123803686412536e+00
4.907481481920036082e+00 -2.665796264100286805e+00
4.987931998017085533e+00 -2.658715339336597427e+00
5.068382514114135873e+00 -2.663855990859725242e+00
5.148833030211185324e+00 -2.672491033917827608e+00
5.229283546308234776e+00 -2.699271244570957684e+00
5.309734062405285115e+00 -2.709996772734115655e+00
5.390184578502334567e+00 -2.690243092436396921e+00
5.470635094599384018e+00 -2.645351629257058690e+00
5.551085610696433470e+00 -2.621794999229826395e+00
5.631536126793483810e+00 -2.639873231058073699e+00
5.711986642890533261e+00 -2.678205241053702945e+00
5.792437158987582713e+00 -2.695354364721481488e+00
5.872887675084633052e+00 -2.666832883027680179e+00
5.953338191181682504e+00 -2.648281911603343808e+00
6.033788707278731955e+00 -2.655548949820651039e+00
6.114239223375781407e+00 -2.693705502988631206e+00
6.194689739472831747e+00 -2.709613141329142216e+00
6.275140255569881198e+00 -2.691078769820151262e+00
6.355590771666931538e+00 -2.683997711965689259e+00
6.436041287763980989e+00 -2.691712725638457204e+00
6.516491803861030441e+00 -2.712775813027070715e+00
6.596942319958079892e+00 -2.749891383681318136e+00
6.677392836055131120e+00 -2.761149243816778398e+00
6.757843352152180572e+00 -2.776537591845293917e+00
6.838293868249230023e+00 -2.769297323142354994e+00
6.918744384346279475e+00 -2.728515528637792897e+00
6.999194900443328926e+00 -2.699065126907060908e+00
7.079645416540378378e+00 -2.710941040405145053e+00
7.160095932637429605e+00 -2.726696188494787787e+00
7.240546448734479057e+00 -2.744639167273149383e+00
7.320996964831528508e+00 -2.737655960497568319e+00
7.401447480928577960e+00 -2.745417940980076743e+00
7.481897997025627411e+00 -2.745455535334834885e+00
7.562348513122678639e+00 -2.736653617550700357e+00
7.642799029219728091e+00 -2.724731563126359557e+00
7.723249545316777542e+00 -2.723712560598607002e+00
7.803700061413826994e+00 -2.719425211339344894e+00
7.884150577510876445e+00 -2.719860914754280934e+00
7.964601093607927673e+00 -2.746134819455407605e+00
8.045051609704977125e+00 -2.793335946509985845e+00
8.125502125802025688e+00 -2.800032281550777657e+00
8.205952641899076028e+00 -2.776723483246326118e+00
8.286403157996124591e+00 -2.756003584291911501e+00
8.366853674093176707e+00 -2.766650810649632586e+00
8.447304190190225270e+00 -2.812527067460556474e+00
8.527754706287275610e+00 -2.826794569196855456e+00
8.608205222384324173e+00 -2.843518231176052513e+00
8.688655738481374513e+00 -2.836571956332022637e+00
8.769106254578423076e+00 -2.799041485939586238e+00
8.849556770675475192e+00 -2.767611329419110255e+00
8.930007286772523756e+00 -2.768229893546864773e+00
9.010457802869574095e+00 -2.776865050170733706e+00
9.090908318966622659e+00 -2.776575150903345168e+00
9.171358835063672998e+00 -2.776583321307423802e+00
9.251809351160723338e+00 -2.790125049549947889e+00
9.332259867257773678e+00 -2.800378743541639182e+00
9.412710383354822241e+00 -2.817360580916060897e+00
9.493160899451872581e+00 -2.830987936197439048e+00
9.573611415548921144e+00 -2.811134833431037539e+00
9.654061931645971484e+00 -2.783767392053559497e+00
9.734512447743021823e+00 -2.779984692987035988e+00
9.814962963840072163e+00 -2.802398603081114548e+00
9.895413479937120727e+00 -2.797455793701254745e+00
9.975863996034171066e+00 -2.799140572105335067e+00
1.005631451213121963e+01 -2.812993599549106438e+00
1.013676502822827175e+01 -2.827229465779406592e+00
1.021721554432532031e+01 -2.840178732147748963e+00
1.029766606042237065e+01 -2.856421759962985973e+00
