0.0	-0.17211328887304797
0.08045051609704977	-0.2466130045546283
0.16090103219409954	-0.7371643843417065
0.2413515482911493	-2.8428837174830073
0.3218020643881991	-3.4302971392098947
0.4022525804852488	-3.128918204190232
0.4827030965822986	-3.353025445002391
0.5631536126793484	-3.9218021797006464
0.6436041287763982	-4.335988740100478
0.7240546448734478	-4.581454061186477
0.8045051609704976	-4.7962447144704425
0.8849556770675473	-4.87839435094819
0.9654061931645972	-4.864032243340858
1.045856709261647	-4.828320824154133
1.1263072253586968	-4.800686052677132
1.2067577414557464	-4.770521412601733
1.2872082575527963	-4.727935004949092
1.367658773649846	-4.678685679595371
1.4481092897468957	-4.584822313231087
1.5285598058439454	-4.4628582794222735
1.6090103219409952	-4.307240048240895
1.6894608380380451	-4.167770159046441
1.7699113541350946	-4.023249051050641
1.8503618702321445	-3.8653420575092223
1.9308123863291944	-3.761197289252505
2.0112629024262443	-3.758318042669159
2.091713418523294	-3.8379298444981975
2.1721639346203436	-3.926252887951757
2.2526144507173935	-3.9970776516541235
2.3330649668144434	-4.081683527536049
2.413515482911493	-4.163693510677272
2.4939659990085428	-4.226376472642501
2.5744165151055927	-4.270123603128414
2.6548670312026426	-4.319835309810063
2.735317547299692	-4.3611050791088894
2.815768063396742	-4.38176236822384
2.8962185794937914	-4.405140991216228
2.9766690955908413	-4.4331737154060145
3.0571196116878907	-4.4354035075402045
3.1375701277849406	-4.4344719955239285
3.2180206438819905	-4.41797317901442
3.29847115997904	-4.402654175942794
3.3789216760760903	-4.386843471054136
3.4593721921731397	-4.397521330687299
3.539822708270189	-4.389999970902894
3.6202732243672395	-4.371056613921054
3.700723740464289	-4.340839411644382
3.7811742565613393	-4.31601976905882
3.8616247726583888	-4.320747769788166
3.9420752887554382	-4.333028568557368
4.022525804852489	-4.345826721085745
4.102976320949538	-4.3614763268202275
4.183426837046588	-4.3702989023890355
4.263877353143638	-4.374034459145054
4.344327869240687	-4.383607079266425
4.424778385337738	-4.394187883479345
4.505228901434787	-4.389980007539944
4.5856794175318365	-4.382672739073062
4.666129933628887	-4.388518032924071
4.746580449725936	-4.390501315960083
4.827030965822986	-4.385290522080209
4.907481481920036	-4.383907807607857
4.9879319980170855	-4.374484746182436
5.068382514114136	-4.36912410050881
5.148833030211185	-4.367444369479468
5.229283546308235	-4.373813853899194
5.309734062405285	-4.3729614802488435
5.390184578502335	-4.360334766303101
5.470635094599384	-4.3600386751198466
5.5510856106964335	-4.358605161783844
5.631536126793484	-4.341374390250649
5.711986642890533	-4.338324895753098
5.792437158987583	-4.349249785263918
5.872887675084633	-4.353108411787648
5.9533381911816825	-4.352379243840285
6.033788707278732	-4.35213587596671
6.114239223375781	-4.357048067902351
6.194689739472832	-4.363116872091107
6.275140255569881	-4.3742420451711626
6.3555907716669315	-4.385388457105398
6.436041287763981	-4.396577172909328
6.51649180386103	-4.400334820527983
6.59694231995808	-4.396380439991032
6.677392836055131	-4.379015342506987
6.757843352152181	-4.366139643737355
6.83829386824923	-4.367879675541331
6.9187443843462795	-4.365428884553591
6.999194900443329	-4.36013400118134
7.079645416540378	-4.367307415729543
7.16009593263743	-4.377794455502225
7.240546448734479	-4.378481557349784
7.3209969648315285	-4.380865644495934
7.401447480928578	-4.395435937420327
7.481897997025627	-4.414188131480836
7.562348513122679	-4.418344955589622
7.642799029219728	-4.424958534709252
7.7232495453167775	-4.440865789278188
7.803700061413827	-4.446062697997165
7.8841505775108764	-4.439662699791821
7.964601093607928	-4.443671205691292
8.045051609704977	-4.4452433530822555
8.125502125802026	-4.444531250230391
8.205952641899076	-4.43809292021482
8.286403157996125	-4.453502712500085
8.366853674093177	-4.471582664036641
8.447304190190225	-4.474693935751128
8.527754706287276	-4.46616318239119
8.608205222384324	-4.465060518699659
8.688655738481375	-4.470899556222017
8.769106254578423	-4.481981369300125
8.849556770675475	-4.482596468070882
8.930007286772524	-4.478370215211592
9.010457802869574	-4.480448842562019
9.090908318966623	-4.489610971824522
9.171358835063673	-4.50312509944034
9.251809351160723	-4.508305025118134
9.332259867257774	-4.509390299650449
9.412710383354822	-4.520268844834413
9.493160899451873	-4.517661525800173
9.573611415548921	-4.511123842974816
9.654061931645971	-4.516039467282618
9.734512447743022	-4.521601666716949
9.814962963840072	-4.523797107903362
9.89541347993712	-4.525247951132572
9.975863996034171	-4.527767316294273
10.05631451213122	-4.5279039810786434
10.136765028228272	-4.5425751301583315
10.21721554432532	-4.555347536124018
10.29766606042237	-4.554354165349898
