0.000000000000000000e+00 -1.549019599857431873e-01
8.045051609704977069e-02 -2.122860566459094933e-01
1.609010321940995414e-01 -6.090442785017659011e-01
2.413515482911492982e-01 -2.629887582535821000e+00
3.218020643881990828e-01 -3.105424078284433786e+00
4.022525804852488118e-01 -2.689135997256958621e+00
4.827030965822985964e-01 -2.731170912996931044e+00
5.631536126793483810e-01 -3.009904104701761618e+00
6.436041287763981655e-01 -3.401065704030450387e+00
7.240546448734478391e-01 -3.639208541801281172e+00
8.045051609704976237e-01 -3.758470768880727064e+00
8.849556770675472972e-01 -3.879202791434424480e+00
9.654061931645971928e-01 -3.961744231548002038e+00
1.045856709261647088e+00 -3.974819077164807979e+00
1.126307225358696762e+00 -3.938792253393851084e+00
1.206757741455746435e+00 -3.884204109025592100e+00
1.287208257552796331e+00 -3.858120583270792547e+00
1.367658773649846005e+00 -3.861562843124947797e+00
1.448109289746895678e+00 -3.849160943966478676e+00
1.528559805843945352e+00 -3.722955707981726814e+00
1.609010321940995247e+00 -3.470798191167155267e+00
1.689460838038045143e+00 -3.276059794009568371e+00
1.769911354135094594e+00 -3.164739297281746744e+00
1.850361870232144490e+00 -3.112705933632228472e+00
1.930812386329194386e+00 -3.098261638169416798e+00
2.011262902426244281e+00 -3.139781683491100761e+00
2.091713418523294177e+00 -3.231940477749255525e+00
2.172163934620343628e+00 -3.316353023411095613e+00
2.252614450717393524e+00 -3.402171259327494202e+00
2.333064966814443419e+00 -3.494402664992326990e+00
2.413515482911492871e+00 -3.528332985299150071e+00
2.493965999008542767e+00 -3.519631611810017269e+00
2.574416515105592662e+00 -3.540570162929100650e+00
2.654867031202642558e+00 -3.568922143752002452e+00
2.735317547299692009e+00 -3.610006693690706925e+00
2.815768063396741905e+00 -3.600986200169014939e+00
2.896218579493791356e+00 -3.559717285043719315e+00
2.976669095590841252e+00 -3.584260417479764094e+00
3.057119611687890703e+00 -3.665326954715672603e+00
3.137570127784940599e+00 -3.706519295158717586e+00
3.218020643881990495e+00 -3.692600983220427846e+00
3.298471159979039946e+00 -3.665649958449891166e+00
3.378921676076090286e+00 -3.640929817253165002e+00
3.459372192173139737e+00 -3.581741717344526954e+00
3.539822708270189189e+00 -3.548734641444261761e+00
3.620273224367239528e+00 -3.531964373901217424e+00
3.700723740464288980e+00 -3.528633187776514468e+00
3.781174256561339320e+00 -3.561384466236031887e+00
3.861624772658388771e+00 -3.630354265793045432e+00
3.942075288755438223e+00 -3.685827411825682187e+00
4.022525804852488562e+00 -3.698320731007078255e+00
4.102976320949538014e+00 -3.682526169541084027e+00
4.183426837046588354e+00 -3.654044289183609795e+00
4.263877353143637805e+00 -3.605893263867369747e+00
4.344327869240687257e+00 -3.592957468940767285e+00
4.424778385337737596e+00 -3.617070137946204245e+00
4.505228901434787048e+00 -3.642181555932308523e+00
4.585679417531836499e+00 -3.646202269892038217e+00
4.666129933628886839e+00 -3.622452280743069242e+00
4.746580449725936290e+00 -3.630439462141593410e+00
4.827030965822985742e+00 -3.647706479776475330e+00
4.907481481920036082e+00 -3.617964339740024293e+00
4.987931998017085533e+00 -3.578947375859249824e+00
5.068382514114135873e+00 -3.542150384098297522e+00
5.148833030211185324e+00 -3.493412807466541814e+00
5.229283546308234776e+00 -3.462617113807795466e+00
5.309734062405285115e+00 -3.492316915818507450e+00
5.390184578502334567e+00 -3.554911937388540277e+00
5.470635094599384018e+00 -3.589785922951808761e+00
5.551085610696433470e+00 -3.584624377874100265e+00
5.631536126793483810e+00 -3.587086978370149115e+00
5.711986642890533261e+00 -3.596758741195535070e+00
5.792437158987582713e+00 -3.581381106269077019e+00
5.872887675084633052e+00 -3.580576806408787061e+00
5.953338191181682504e+00 -3.590418531391181389e+00
6.033788707278731955e+00 -3.603005339487034053e+00
6.114239223375781407e+00 -3.593784062173504879e+00
6.194689739472831747e+00 -3.547445029894195745e+00
6.275140255569881198e+00 -3.555189799541882856e+00
6.355590771666931538e+00 -3.593805480839796118e+00
6.436041287763980989e+00 -3.638190848504053942e+00
6.516491803861030441e+00 -3.635470808558887601e+00
6.596942319958079892e+00 -3.613117753887493677e+00
6.677392836055131120e+00 -3.606869854657005270e+00
6.757843352152180572e+00 -3.612216305142686767e+00
6.838293868249230023e+00 -3.600436420041930763e+00
6.918744384346279475e+00 -3.599475969815993714e+00
6.999194900443328926e+00 -3.613946776213430301e+00
7.079645416540378378e+00 -3.627787621863428846e+00
7.160095932637429605e+00 -3.621681857836617890e+00
7.240546448734479057e+00 -3.612176014082639774e+00
7.320996964831528508e+00 -3.587725033638633043e+00
7.401447480928577960e+00 -3.598316637222573888e+00
7.481897997025627411e+00 -3.610667049157811892e+00
7.562348513122678639e+00 -3.616788350988120015e+00
7.642799029219728091e+00 -3.633349665688445640e+00
7.723249545316777542e+00 -3.660759144565859824e+00
7.803700061413826994e+00 -3.644611528545642187e+00
7.884150577510876445e+00 -3.632897048027208697e+00
7.964601093607927673e+00 -3.641564125072090263e+00
8.045051609704977125e+00 -3.639394128727181599e+00
8.125502125802025688e+00 -3.618408974946038192e+00
8.205952641899076028e+00 -3.604614568553259346e+00
8.286403157996124591e+00 -3.616574996636116257e+00
8.366853674093176707e+00 -3.648905610117654685e+00
8.447304190190225270e+00 -3.683580523905006121e+00
8.527754706287275610e+00 -3.689276759199517031e+00
8.608205222384324173e+00 -3.686242834032874782e+00
8.688655738481374513e+00 -3.676863197680486639e+00
8.769106254578423076e+00 -3.676673571359617920e+00
8.849556770675475192e+00 -3.689269588574772385e+00
8.930007286772523756e+00 -3.713204759058396753e+00
9.010457802869574095e+00 -3.714798256950762934e+00
9.090908318966622659e+00 -3.695242364950271696e+00
9.171358835063672998e+00 -3.694229967728317021e+00
9.251809351160723338e+00 -3.716637872150816868e+00
9.332259867257773678e+00 -3.725986189536773185e+00
9.412710383354822241e+00 -3.741281209868842605e+00
9.493160899451872581e+00 -3.737582041750912687e+00
9.573611415548921144e+00 -3.718265082425979084e+00
9.654061931645971484e+00 -3.702863852943113265e+00
9.734512447743021823e+00 -3.702672890184133703e+00
9.814962963840072163e+00 -3.703669713363701099e+00
9.895413479937120727e+00 -3.712945209040506178e+00
9.975863996034171066e+00 -3.707928076260987638e+00
1.005631451213121963e+01 -3.712816441273457002e+00
1.013676502822827175e+01 -3.724319610629304389e+00
1.021721554432532031e+01 -3.722504828238204055e+00
1.029766606042237065e+01 -3.719368827961358814e+00
