0.000000000000000000e+00 -1.549019599857431873e-01
8.045051609704977069e-02 -1.872104038771712775e-01
1.609010321940995414e-01 -5.070434917393722429e-01
2.413515482911492982e-01 -2.003289535645415675e+00
3.218020643881990828e-01 -3.263845296111908656e+00
4.022525804852488118e-01 -3.286104446891798148e+00
4.827030965822985964e-01 -3.203198469763279821e+00
5.631536126793483810e-01 -3.219964738640386681e+00
6.436041287763981655e-01 -3.308554837467553522e+00
7.240546448734478391e-01 -3.499491212477988444e+00
8.045051609704976237e-01 -3.761242474632003674e+00
8.849556770675472972e-01 -3.879388095922639224e+00
9.654061931645971928e-01 -3.846028841513893237e+00
1.045856709261647088e+00 -3.837353529654010220e+00
1.126307225358696762e+00 -3.858893354151574862e+00
1.206757741455746435e+00 -3.867284095988057224e+00
1.287208257552796331e+00 -3.843998066402083857e+00
1.367658773649846005e+00 -3.747759623400230833e+00
1.448109289746895678e+00 -3.614359143806897379e+00
1.528559805843945352e+00 -3.509459935210931025e+00
1.609010321940995247e+00 -3.431775364896825664e+00
1.689460838038045143e+00 -3.378242914673108110e+00
1.769911354135094594e+00 -3.281665075711059476e+00
1.850361870232144490e+00 -3.191257625071942439e+00
1.930812386329194386e+00 -3.162619392083086289e+00
2.011262902426244281e+00 -3.156986803970280864e+00
2.091713418523294177e+00 -3.172317715718498743e+00
2.172163934620343628e+00 -3.245858418461045503e+00
2.252614450717393524e+00 -3.336592356305736917e+00
2.333064966814443419e+00 -3.454670483475229759e+00
2.413515482911492871e+00 -3.547941608785311285e+00
2.493965999008542767e+00 -3.587106122641261496e+00
2.574416515105592662e+00 -3.564014839351780317e+00
2.654867031202642558e+00 -3.541412827377750538e+00
2.735317547299692009e+00 -3.538468966469692667e+00
2.815768063396741905e+00 -3.557391629933376986e+00
2.896218579493791356e+00 -3.578438330621550367e+00
2.976669095590841252e+00 -3.580968198040703765e+00
3.057119611687890703e+00 -3.593454564014038510e+00
3.137570127784940599e+00 -3.632942469824354870e+00
3.218020643881990495e+00 -3.652562519956529474e+00
3.298471159979039946e+00 -3.670344345670481179e+00
3.378921676076090286e+00 -3.642020489988025744e+00
3.459372192173139737e+00 -3.605841779406230962e+00
3.539822708270189189e+00 -3.577408597125299572e+00
3.620273224367239528e+00 -3.582444852311938099e+00
3.700723740464288980e+00 -3.633509642449735288e+00
3.781174256561339320e+00 -3.687369982213742681e+00
3.861624772658388771e+00 -3.721365815395432985e+00
3.942075288755438223e+00 -3.690888055324696104e+00
4.022525804852488562e+00 -3.612988039703259435e+00
4.102976320949538014e+00 -3.558291848176481587e+00
4.183426837046588354e+00 -3.521930356240222437e+00
4.263877353143637805e+00 -3.502127034385147386e+00
4.344327869240687257e+00 -3.489157741355890963e+00
4.424778385337737596e+00 -3.504683559001594784e+00
4.505228901434787048e+00 -3.553117413939991476e+00
4.585679417531836499e+00 -3.586147310070589622e+00
4.666129933628886839e+00 -3.602473606799637906e+00
4.746580449725936290e+00 -3.617573423588043902e+00
4.827030965822985742e+00 -3.642313443189029165e+00
4.907481481920036082e+00 -3.668640974084106610e+00
4.987931998017085533e+00 -3.659637059241165336e+00
5.068382514114135873e+00 -3.627776034437052655e+00
5.148833030211185324e+00 -3.606743890028988986e+00
5.229283546308234776e+00 -3.579952390913511362e+00
5.309734062405285115e+00 -3.549361617118559575e+00
5.390184578502334567e+00 -3.531137032367071438e+00
5.470635094599384018e+00 -3.520270878935554126e+00
5.551085610696433470e+00 -3.519692219289618507e+00
5.631536126793483810e+00 -3.538460547117966204e+00
5.711986642890533261e+00 -3.564878833146238879e+00
5.792437158987582713e+00 -3.568370360980960498e+00
5.872887675084633052e+00 -3.540397691433037064e+00
5.953338191181682504e+00 -3.517349864938232429e+00
6.033788707278731955e+00 -3.516387883699815919e+00
6.114239223375781407e+00 -3.531785641662415376e+00
6.194689739472831747e+00 -3.571423526545599803e+00
6.275140255569881198e+00 -3.597357050212014240e+00
6.355590771666931538e+00 -3.604861968629679669e+00
6.436041287763980989e+00 -3.591259398534346392e+00
6.516491803861030441e+00 -3.567649351564312177e+00
6.596942319958079892e+00 -3.558027053791689820e+00
6.677392836055131120e+00 -3.568920171684852871e+00
6.757843352152180572e+00 -3.608994608567815732e+00
6.838293868249230023e+00 -3.624455371397814929e+00
6.918744384346279475e+00 -3.603987716012273523e+00
6.999194900443328926e+00 -3.579571507615186388e+00
7.079645416540378378e+00 -3.581258588544319554e+00
7.160095932637429605e+00 -3.612420091538749212e+00
7.240546448734479057e+00 -3.648491752165828661e+00
7.320996964831528508e+00 -3.659798062746395519e+00
7.401447480928577960e+00 -3.624730904785007812e+00
7.481897997025627411e+00 -3.587479856617123097e+00
7.562348513122678639e+00 -3.566005576412083933e+00
7.642799029219728091e+00 -3.560458994778124886e+00
7.723249545316777542e+00 -3.588662088318820942e+00
7.803700061413826994e+00 -3.610995866385325659e+00
7.884150577510876445e+00 -3.626051882575494378e+00
7.964601093607927673e+00 -3.651118570359078497e+00
8.045051609704977125e+00 -3.681308605510094978e+00
8.125502125802025688e+00 -3.701892408337501106e+00
8.205952641899076028e+00 -3.671117886804750263e+00
8.286403157996124591e+00 -3.636533533742082103e+00
8.366853674093176707e+00 -3.618565607778245319e+00
8.447304190190225270e+00 -3.608845952507842902e+00
8.527754706287275610e+00 -3.595654712507612594e+00
8.608205222384324173e+00 -3.624530653665671842e+00
8.688655738481374513e+00 -3.643915386505287568e+00
8.769106254578423076e+00 -3.657435739614359527e+00
8.849556770675475192e+00 -3.678957249423238984e+00
8.930007286772523756e+00 -3.685280568639181631e+00
9.010457802869574095e+00 -3.681416083586959154e+00
9.090908318966622659e+00 -3.675641547314527635e+00
9.171358835063672998e+00 -3.703330819055217216e+00
9.251809351160723338e+00 -3.699466634014493938e+00
9.332259867257773678e+00 -3.659468518184460173e+00
9.412710383354822241e+00 -3.617515867604987445e+00
9.493160899451872581e+00 -3.598921276721416262e+00
9.573611415548921144e+00 -3.628839383773819094e+00
9.654061931645971484e+00 -3.683374504250132464e+00
9.734512447743021823e+00 -3.720187644577265029e+00
9.814962963840072163e+00 -3.714170802356801193e+00
9.895413479937120727e+00 -3.699206914330888551e+00
9.975863996034171066e+00 -3.716252586570465422e+00
1.005631451213121963e+01 -3.735852399400358514e+00
1.013676502822827175e+01 -3.724907003447759823e+00
1.021721554432532031e+01 -3.729504554659673676e+00
1.029766606042237065e+01 -3.738993868398979181e+00
