0.000000000000000000e+00 -1.549019599857431873e-01
8.045051609704977069e-02 -2.125103865026639338e-01
1.609010321940995414e-01 -6.543148927655729752e-01
2.413515482911492982e-01 -2.618069758035675765e+00
3.218020643881990828e-01 -2.531615080591276268e+00
4.022525804852488118e-01 -2.323000545476559875e+00
4.827030965822985964e-01 -2.577067792312438765e+00
5.631536126793483810e-01 -3.144809281393730505e+00
6.436041287763981655e-01 -3.507607892537453420e+00
7.240546448734478391e-01 -3.736315440787902009e+00
8.045051609704976237e-01 -3.982777903145805709e+00
8.849556770675472972e-01 -4.115242852092906745e+00
9.654061931645971928e-01 -4.043360114702006847e+00
1.045856709261647088e+00 -3.905779831281986247e+00
1.126307225358696762e+00 -3.850232325758891960e+00
1.206757741455746435e+00 -3.828935326650752202e+00
1.287208257552796331e+00 -3.852477079967121742e+00
1.367658773649846005e+00 -3.870862313149468825e+00
1.448109289746895678e+00 -3.823470380404712543e+00
1.528559805843945352e+00 -3.745079506620059728e+00
1.609010321940995247e+00 -3.584700209674323901e+00
1.689460838038045143e+00 -3.376554736179248728e+00
1.769911354135094594e+00 -3.203991062597572714e+00
1.850361870232144490e+00 -3.086489261366647696e+00
1.930812386329194386e+00 -3.055068399239334820e+00
2.011262902426244281e+00 -3.078449062736949848e+00
2.091713418523294177e+00 -3.126197014295247989e+00
2.172163934620343628e+00 -3.204638664338570919e+00
2.252614450717393524e+00 -3.294199660951822484e+00
2.333064966814443419e+00 -3.397488805084281083e+00
2.413515482911492871e+00 -3.428938423408321778e+00
2.493965999008542767e+00 -3.434208686344847994e+00
2.574416515105592662e+00 -3.448420405080717455e+00
2.654867031202642558e+00 -3.520261520974502290e+00
2.735317547299692009e+00 -3.597946398095114962e+00
2.815768063396741905e+00 -3.610186219469515123e+00
2.896218579493791356e+00 -3.622151889406792336e+00
2.976669095590841252e+00 -3.657713399110885444e+00
3.057119611687890703e+00 -3.647540278666808966e+00
3.137570127784940599e+00 -3.632833873156695592e+00
3.218020643881990495e+00 -3.629672058551623781e+00
3.298471159979039946e+00 -3.630317971397344579e+00
3.378921676076090286e+00 -3.585062549710436919e+00
3.459372192173139737e+00 -3.575026755962141145e+00
3.539822708270189189e+00 -3.585130926118802908e+00
3.620273224367239528e+00 -3.573953656999780293e+00
3.700723740464288980e+00 -3.544970071420538993e+00
3.781174256561339320e+00 -3.517054983997336404e+00
3.861624772658388771e+00 -3.515191423279829586e+00
3.942075288755438223e+00 -3.535435140342737537e+00
4.022525804852488562e+00 -3.562993916936318062e+00
4.102976320949538014e+00 -3.568859426921289213e+00
4.183426837046588354e+00 -3.586225184859014536e+00
4.263877353143637805e+00 -3.609532869493705221e+00
4.344327869240687257e+00 -3.600692541315487993e+00
4.424778385337737596e+00 -3.595143273496620662e+00
4.505228901434787048e+00 -3.608404883573633981e+00
4.585679417531836499e+00 -3.656614598016139528e+00
4.666129933628886839e+00 -3.665145724838349217e+00
4.746580449725936290e+00 -3.649724028254847763e+00
4.827030965822985742e+00 -3.655480485443267202e+00
4.907481481920036082e+00 -3.637962753047289777e+00
4.987931998017085533e+00 -3.594397088467986112e+00
5.068382514114135873e+00 -3.561036579850453077e+00
5.148833030211185324e+00 -3.584521692373185520e+00
5.229283546308234776e+00 -3.613830839953488638e+00
5.309734062405285115e+00 -3.601718771098873617e+00
5.390184578502334567e+00 -3.584672674050289221e+00
5.470635094599384018e+00 -3.582658413849531431e+00
5.551085610696433470e+00 -3.570981900253524799e+00
5.631536126793483810e+00 -3.548138697661622043e+00
5.711986642890533261e+00 -3.584147980465180350e+00
5.792437158987582713e+00 -3.645330199952203643e+00
5.872887675084633052e+00 -3.674349909867111297e+00
5.953338191181682504e+00 -3.650433206049182200e+00
6.033788707278731955e+00 -3.606718597626057399e+00
6.114239223375781407e+00 -3.582688904273585440e+00
6.194689739472831747e+00 -3.583871118550358670e+00
6.275140255569881198e+00 -3.617040811971040881e+00
6.355590771666931538e+00 -3.614555602899440334e+00
6.436041287763980989e+00 -3.593817274355446845e+00
6.516491803861030441e+00 -3.598779377291413617e+00
6.596942319958079892e+00 -3.605859609873818705e+00
6.677392836055131120e+00 -3.601865513180546152e+00
6.757843352152180572e+00 -3.586959599083158423e+00
6.838293868249230023e+00 -3.562070941664850832e+00
6.918744384346279475e+00 -3.571733981340177611e+00
6.999194900443328926e+00 -3.574852359461913043e+00
7.079645416540378378e+00 -3.580187722685273854e+00
7.160095932637429605e+00 -3.592235754397814951e+00
7.240546448734479057e+00 -3.585751048307352917e+00
7.320996964831528508e+00 -3.603264243847887460e+00
7.401447480928577960e+00 -3.656302523090557255e+00
7.481897997025627411e+00 -3.699064881519707804e+00
7.562348513122678639e+00 -3.678541610379008286e+00
7.642799029219728091e+00 -3.636237162194793093e+00
7.723249545316777542e+00 -3.629133877902228633e+00
7.803700061413826994e+00 -3.632840294312628338e+00
7.884150577510876445e+00 -3.618732913855601918e+00
7.964601093607927673e+00 -3.613227020931700562e+00
8.045051609704977125e+00 -3.609143095417347347e+00
8.125502125802025688e+00 -3.610329205262266861e+00
8.205952641899076028e+00 -3.616529578866766848e+00
8.286403157996124591e+00 -3.655438852258154903e+00
8.366853674093176707e+00 -3.679743219708736746e+00
8.447304190190225270e+00 -3.667728385804560176e+00
8.527754706287275610e+00 -3.657347855717556495e+00
8.608205222384324173e+00 -3.658835859924818301e+00
8.688655738481374513e+00 -3.658922437316417753e+00
8.769106254578423076e+00 -3.639958991899131302e+00
8.849556770675475192e+00 -3.650812381910105930e+00
8.930007286772523756e+00 -3.697783910856781375e+00
9.010457802869574095e+00 -3.729059176605240111e+00
9.090908318966622659e+00 -3.729713006776659512e+00
9.171358835063672998e+00 -3.736356372258891945e+00
9.251809351160723338e+00 -3.748713424660001348e+00
9.332259867257773678e+00 -3.740184149137308012e+00
9.412710383354822241e+00 -3.749574227340619181e+00
9.493160899451872581e+00 -3.743756569240893395e+00
9.573611415548921144e+00 -3.739349592217044993e+00
9.654061931645971484e+00 -3.737330153534415444e+00
9.734512447743021823e+00 -3.731910189248939691e+00
9.814962963840072163e+00 -3.714424083998399073e+00
9.895413479937120727e+00 -3.708637261324859935e+00
9.975863996034171066e+00 -3.713876159480046901e+00
1.005631451213121963e+01 -3.703791414329391074e+00
1.013676502822827175e+01 -3.716063828138663538e+00
1.021721554432532031e+01 -3.747325047362192851e+00
1.029766606042237065e+01 -3.753192634144653983e+00
