0.000000000000000000e+00 -1.549019599857431873e-01
8.045051609704977069e-02 -1.936218368273039114e-01
1.609010321940995414e-01 -5.698514106669103629e-01
2.413515482911492982e-01 -2.015682979869797720e+00
3.218020643881990828e-01 -3.070195107468744578e+00
4.022525804852488118e-01 -2.756478679089512163e+00
4.827030965822985964e-01 -2.715005896331978086e+00
5.631536126793483810e-01 -2.937194071470015100e+00
6.436041287763981655e-01 -3.239331330042453327e+00
7.240546448734478391e-01 -3.507857102594057253e+00
8.045051609704976237e-01 -3.710041416973243855e+00
8.849556770675472972e-01 -3.886616291282773528e+00
9.654061931645971928e-01 -3.926361654297520154e+00
1.045856709261647088e+00 -3.899819377051821245e+00
1.126307225358696762e+00 -3.854975178494282950e+00
1.206757741455746435e+00 -3.851379958085020760e+00
1.287208257552796331e+00 -3.859613509372279427e+00
1.367658773649846005e+00 -3.816868350275337995e+00
1.448109289746895678e+00 -3.712769140987747463e+00
1.528559805843945352e+00 -3.609485123943115603e+00
1.609010321940995247e+00 -3.489418858613227314e+00
1.689460838038045143e+00 -3.326432711961962774e+00
1.769911354135094594e+00 -3.197472325476860888e+00
1.850361870232144490e+00 -3.148260618758896623e+00
1.930812386329194386e+00 -3.163864589753095036e+00
2.011262902426244281e+00 -3.222613477761172796e+00
2.091713418523294177e+00 -3.312246877957890412e+00
2.172163934620343628e+00 -3.370042017750670915e+00
2.252614450717393524e+00 -3.416855658041926702e+00
2.333064966814443419e+00 -3.451820483041619259e+00
2.413515482911492871e+00 -3.469228963671412203e+00
2.493965999008542767e+00 -3.505146183965994311e+00
2.574416515105592662e+00 -3.536054614553564956e+00
2.654867031202642558e+00 -3.571953020359655007e+00
2.735317547299692009e+00 -3.620738546707151340e+00
2.815768063396741905e+00 -3.648119230030875126e+00
2.896218579493791356e+00 -3.632027816453976765e+00
2.976669095590841252e+00 -3.615520409024649773e+00
3.057119611687890703e+00 -3.639220655233165402e+00
3.137570127784940599e+00 -3.661253950941988133e+00
3.218020643881990495e+00 -3.660018493332387379e+00
3.298471159979039946e+00 -3.603041109155039390e+00
3.378921676076090286e+00 -3.509635159721883557e+00
3.459372192173139737e+00 -3.457135307147205960e+00
3.539822708270189189e+00 -3.470345942202325507e+00
3.620273224367239528e+00 -3.546152553132617236e+00
3.700723740464288980e+00 -3.602363026130998680e+00
3.781174256561339320e+00 -3.617122794843065758e+00
3.861624772658388771e+00 -3.571979323455771738e+00
3.942075288755438223e+00 -3.528033544300035018e+00
4.022525804852488562e+00 -3.538539025506734603e+00
4.102976320949538014e+00 -3.546691203374094492e+00
4.183426837046588354e+00 -3.534268873392022670e+00
4.263877353143637805e+00 -3.532369591003906795e+00
4.344327869240687257e+00 -3.549216627924312029e+00
4.424778385337737596e+00 -3.569567389131933055e+00
4.505228901434787048e+00 -3.574610674044524927e+00
4.585679417531836499e+00 -3.599323068010047422e+00
4.666129933628886839e+00 -3.590548534147511184e+00
4.746580449725936290e+00 -3.590387905697317361e+00
4.827030965822985742e+00 -3.586433611271249156e+00
4.907481481920036082e+00 -3.598286951284379143e+00
4.987931998017085533e+00 -3.598457153271289233e+00
5.068382514114135873e+00 -3.615911273560162176e+00
5.148833030211185324e+00 -3.594277465738165311e+00
5.229283546308234776e+00 -3.560881097071557200e+00
5.309734062405285115e+00 -3.552531772245766550e+00
5.390184578502334567e+00 -3.563445496822267078e+00
5.470635094599384018e+00 -3.556336485722205953e+00
5.551085610696433470e+00 -3.528535214794684460e+00
5.631536126793483810e+00 -3.487453273754847594e+00
5.711986642890533261e+00 -3.456980375547868078e+00
5.792437158987582713e+00 -3.446652481218695829e+00
5.872887675084633052e+00 -3.487450080181227818e+00
5.953338191181682504e+00 -3.532622564132587684e+00
6.033788707278731955e+00 -3.553776422760937415e+00
6.114239223375781407e+00 -3.542699271035686159e+00
6.194689739472831747e+00 -3.554015227122828247e+00
6.275140255569881198e+00 -3.567944645760031896e+00
6.355590771666931538e+00 -3.590773428238381637e+00
6.436041287763980989e+00 -3.586827954987068079e+00
6.516491803861030441e+00 -3.574577506804902605e+00
6.596942319958079892e+00 -3.569842764878192298e+00
6.677392836055131120e+00 -3.546481314133190565e+00
6.757843352152180572e+00 -3.534544556980874663e+00
6.838293868249230023e+00 -3.566718615811319548e+00
6.918744384346279475e+00 -3.606434741039971303e+00
6.999194900443328926e+00 -3.612480289107461662e+00
7.079645416540378378e+00 -3.623247174567242990e+00
7.160095932637429605e+00 -3.614404334912686867e+00
7.240546448734479057e+00 -3.600222220675315832e+00
7.320996964831528508e+00 -3.598768240960819931e+00
7.401447480928577960e+00 -3.598101135361752245e+00
7.481897997025627411e+00 -3.577463671520788591e+00
7.562348513122678639e+00 -3.578050890479663515e+00
7.642799029219728091e+00 -3.603613721335013675e+00
7.723249545316777542e+00 -3.602611012264906876e+00
7.803700061413826994e+00 -3.600389611796488420e+00
7.884150577510876445e+00 -3.614066426870529813e+00
7.964601093607927673e+00 -3.658651875651127483e+00
8.045051609704977125e+00 -3.653041250487532032e+00
8.125502125802025688e+00 -3.621318633706775980e+00
8.205952641899076028e+00 -3.613728488007434514e+00
8.286403157996124591e+00 -3.625809592090059041e+00
8.366853674093176707e+00 -3.634854659636346685e+00
8.447304190190225270e+00 -3.633246161971555477e+00
8.527754706287275610e+00 -3.628000192046038741e+00
8.608205222384324173e+00 -3.631809694265171640e+00
8.688655738481374513e+00 -3.648336571856468868e+00
8.769106254578423076e+00 -3.653491773978702728e+00
8.849556770675475192e+00 -3.648137655402797108e+00
8.930007286772523756e+00 -3.647324501259986196e+00
9.010457802869574095e+00 -3.651898494854952659e+00
9.090908318966622659e+00 -3.654742289011273737e+00
9.171358835063672998e+00 -3.659211184104179893e+00
9.251809351160723338e+00 -3.672097653095422576e+00
9.332259867257773678e+00 -3.714150025515159825e+00
9.412710383354822241e+00 -3.735693699715981531e+00
9.493160899451872581e+00 -3.716963860656961050e+00
9.573611415548921144e+00 -3.711734402477343320e+00
9.654061931645971484e+00 -3.706675334621614581e+00
9.734512447743021823e+00 -3.700961913312163176e+00
9.814962963840072163e+00 -3.709733154913006814e+00
9.895413479937120727e+00 -3.707091960885845694e+00
9.975863996034171066e+00 -3.715830453825381241e+00
1.005631451213121963e+01 -3.748292797479148675e+00
1.013676502822827175e+01 -3.763419037221555907e+00
1.021721554432532031e+01 -3.767623300559198807e+00
1.029766606042237065e+01 -3.736194783354698679e+00
