0.000000000000000000e+00 -1.549019599857431873e-01
8.045051609704977069e-02 -2.055411655426994944e-01
1.609010321940995414e-01 -6.393966360127032456e-01
2.413515482911492982e-01 -2.688362656168109321e+00
3.218020643881990828e-01 -2.928254343332189258e+00
4.022525804852488118e-01 -2.624147496721014328e+00
4.827030965822985964e-01 -2.816341048837819550e+00
5.631536126793483810e-01 -3.248825978741276987e+00
6.436041287763981655e-01 -3.573544552501294103e+00
7.240546448734478391e-01 -3.816283295169459855e+00
8.045051609704976237e-01 -3.935610839505617520e+00
8.849556770675472972e-01 -3.895856276932080142e+00
9.654061931645971928e-01 -3.891698556533003561e+00
1.045856709261647088e+00 -3.931033181657487052e+00
1.126307225358696762e+00 -3.908905915811527354e+00
1.206757741455746435e+00 -3.883596552495923060e+00
1.287208257552796331e+00 -3.906738650268422486e+00
1.367658773649846005e+00 -3.909827251033290985e+00
1.448109289746895678e+00 -3.805343252351160110e+00
1.528559805843945352e+00 -3.676658960756562955e+00
1.609010321940995247e+00 -3.512289020678807105e+00
1.689460838038045143e+00 -3.352075400713263598e+00
1.769911354135094594e+00 -3.188546157652073720e+00
1.850361870232144490e+00 -3.033041837365070048e+00
1.930812386329194386e+00 -2.999155492789337796e+00
2.011262902426244281e+00 -3.090943319764202002e+00
2.091713418523294177e+00 -3.211760631908717301e+00
2.172163934620343628e+00 -3.274916799457727734e+00
2.252614450717393524e+00 -3.326664857152365151e+00
2.333064966814443419e+00 -3.403141804668368131e+00
2.413515482911492871e+00 -3.483194570777841115e+00
2.493965999008542767e+00 -3.527522595819466922e+00
2.574416515105592662e+00 -3.527881281508332023e+00
2.654867031202642558e+00 -3.543295079601038289e+00
2.735317547299692009e+00 -3.572591649123969759e+00
2.815768063396741905e+00 -3.617121512235331515e+00
2.896218579493791356e+00 -3.643137426327706763e+00
2.976669095590841252e+00 -3.618471671547945689e+00
3.057119611687890703e+00 -3.604313982277471684e+00
3.137570127784940599e+00 -3.627674117143769639e+00
3.218020643881990495e+00 -3.629701654880887141e+00
3.298471159979039946e+00 -3.569291336639135448e+00
3.378921676076090286e+00 -3.527959495042170879e+00
3.459372192173139737e+00 -3.518016758762629870e+00
3.539822708270189189e+00 -3.506396496905630489e+00
3.620273224367239528e+00 -3.489011683178371737e+00
3.700723740464288980e+00 -3.485199795071860507e+00
3.781174256561339320e+00 -3.493177524126869216e+00
3.861624772658388771e+00 -3.531407904009953747e+00
3.942075288755438223e+00 -3.530548671285339779e+00
4.022525804852488562e+00 -3.531500858227118567e+00
4.102976320949538014e+00 -3.542177233359095290e+00
4.183426837046588354e+00 -3.557135186376284786e+00
4.263877353143637805e+00 -3.592673327874069678e+00
4.344327869240687257e+00 -3.637571914805523665e+00
4.424778385337737596e+00 -3.659052225535517788e+00
4.505228901434787048e+00 -3.645946900552662573e+00
4.585679417531836499e+00 -3.607352788244690966e+00
4.666129933628886839e+00 -3.553833090293684993e+00
4.746580449725936290e+00 -3.517592335885673105e+00
4.827030965822985742e+00 -3.501742101602002499e+00
4.907481481920036082e+00 -3.545437592828489137e+00
4.987931998017085533e+00 -3.577488263059325657e+00
5.068382514114135873e+00 -3.545875726894155200e+00
5.148833030211185324e+00 -3.512412572483873063e+00
5.229283546308234776e+00 -3.510064182224906126e+00
5.309734062405285115e+00 -3.515673240798722787e+00
5.390184578502334567e+00 -3.545730549909119400e+00
5.470635094599384018e+00 -3.563162267025528074e+00
5.551085610696433470e+00 -3.575248168406594651e+00
5.631536126793483810e+00 -3.575150850381844769e+00
5.711986642890533261e+00 -3.587364164934672583e+00
5.792437158987582713e+00 -3.590547408651645789e+00
5.872887675084633052e+00 -3.572805181341946579e+00
5.953338191181682504e+00 -3.545890538422563409e+00
6.033788707278731955e+00 -3.539078049304873907e+00
6.114239223375781407e+00 -3.558365764438443435e+00
6.194689739472831747e+00 -3.574203130451109267e+00
6.275140255569881198e+00 -3.580724953259730725e+00
6.355590771666931538e+00 -3.585731422721576411e+00
6.436041287763980989e+00 -3.613748374337988789e+00
6.516491803861030441e+00 -3.636015332624168650e+00
6.596942319958079892e+00 -3.627968365543797979e+00
6.677392836055131120e+00 -3.577008383155884097e+00
6.757843352152180572e+00 -3.552736300772820766e+00
6.838293868249230023e+00 -3.563006273774380617e+00
6.918744384346279475e+00 -3.558690142680661861e+00
6.999194900443328926e+00 -3.545220361071740545e+00
7.079645416540378378e+00 -3.528435369322787896e+00
7.160095932637429605e+00 -3.526529262225024830e+00
7.240546448734479057e+00 -3.558383290608540861e+00
7.320996964831528508e+00 -3.600286711015602048e+00
7.401447480928577960e+00 -3.653341088458521568e+00
7.481897997025627411e+00 -3.684895960236729273e+00
7.562348513122678639e+00 -3.646732498119860111e+00
7.642799029219728091e+00 -3.604848843251115209e+00
7.723249545316777542e+00 -3.581189217748931952e+00
7.803700061413826994e+00 -3.597951469976865990e+00
7.884150577510876445e+00 -3.624764641711251567e+00
7.964601093607927673e+00 -3.675580433848077533e+00
8.045051609704977125e+00 -3.704845761546675220e+00
8.125502125802025688e+00 -3.675927707608410255e+00
8.205952641899076028e+00 -3.629529320243722434e+00
8.286403157996124591e+00 -3.625761630414360503e+00
8.366853674093176707e+00 -3.659355146979115236e+00
8.447304190190225270e+00 -3.671948479603268201e+00
8.527754706287275610e+00 -3.665561947232629514e+00
8.608205222384324173e+00 -3.635738862115088121e+00
8.688655738481374513e+00 -3.618974127805959728e+00
8.769106254578423076e+00 -3.615828779576629071e+00
8.849556770675475192e+00 -3.627316105685980396e+00
8.930007286772523756e+00 -3.627760437289931250e+00
9.010457802869574095e+00 -3.643369078500407365e+00
9.090908318966622659e+00 -3.659304671207894710e+00
9.171358835063672998e+00 -3.652290265195237584e+00
9.251809351160723338e+00 -3.647322890426828224e+00
9.332259867257773678e+00 -3.661498135658559860e+00
9.412710383354822241e+00 -3.683992228325581930e+00
9.493160899451872581e+00 -3.705265325653687825e+00
9.573611415548921144e+00 -3.718452100329933341e+00
9.654061931645971484e+00 -3.728748016010463573e+00
9.734512447743021823e+00 -3.728033371415722552e+00
9.814962963840072163e+00 -3.735948528652018652e+00
9.895413479937120727e+00 -3.734278998080990952e+00
9.975863996034171066e+00 -3.728188737286408205e+00
1.005631451213121963e+01 -3.731231537695403944e+00
1.013676502822827175e+01 -3.751979747511078322e+00
1.021721554432532031e+01 -3.773569975415790090e+00
1.029766606042237065e+01 -3.772523422066565324e+00
