0.000000000000000000e+00 -1.549019599857431873e-01
8.045051609704977069e-02 -2.103574766095663851e-01
1.609010321940995414e-01 -6.568586635154719522e-01
2.413515482911492982e-01 -2.905489552405625009e+00
3.218020643881990828e-01 -2.918278086605377020e+00
4.022525804852488118e-01 -2.604764686681134922e+00
4.827030965822985964e-01 -2.838082695505653064e+00
5.631536126793483810e-01 -3.245549590454933853e+00
6.436041287763981655e-01 -3.517164650433084905e+00
7.240546448734478391e-01 -3.572296147039333736e+00
8.045051609704976237e-01 -3.640014933281173981e+00
8.849556770675472972e-01 -3.811450814385637820e+00
9.654061931645971928e-01 -3.931883288672590737e+00
1.045856709261647088e+00 -3.924514874226538552e+00
1.126307225358696762e+00 -3.888651230468505915e+00
1.206757741455746435e+00 -3.886242472415001092e+00
1.287208257552796331e+00 -3.920777195479580257e+00
1.367658773649846005e+00 -3.918356566946031627e+00
1.448109289746895678e+00 -3.761553283577915074e+00
1.528559805843945352e+00 -3.623216569782791385e+00
1.609010321940995247e+00 -3.522846455078131100e+00
1.689460838038045143e+00 -3.407437018246652016e+00
1.769911354135094594e+00 -3.296592850383946782e+00
1.850361870232144490e+00 -3.217348874538203063e+00
1.930812386329194386e+00 -3.181242715715771219e+00
2.011262902426244281e+00 -3.176161413012144941e+00
2.091713418523294177e+00 -3.168003423742297375e+00
2.172163934620343628e+00 -3.215640288161410787e+00
2.252614450717393524e+00 -3.302790730607921610e+00
2.333064966814443419e+00 -3.358701361761815996e+00
2.413515482911492871e+00 -3.429839856945975374e+00
2.493965999008542767e+00 -3.531467798700608896e+00
2.574416515105592662e+00 -3.608724115992402393e+00
2.654867031202642558e+00 -3.637468540870457456e+00
2.735317547299692009e+00 -3.683509195557445270e+00
2.815768063396741905e+00 -3.740349131632029867e+00
2.896218579493791356e+00 -3.740018517056941327e+00
2.976669095590841252e+00 -3.698791631470020214e+00
3.057119611687890703e+00 -3.638242412640309453e+00
3.137570127784940599e+00 -3.609705003858095562e+00
3.218020643881990495e+00 -3.581337579872288845e+00
3.298471159979039946e+00 -3.544612368227835209e+00
3.378921676076090286e+00 -3.538563411572788198e+00
3.459372192173139737e+00 -3.582691894199768967e+00
3.539822708270189189e+00 -3.605748051494025219e+00
3.620273224367239528e+00 -3.597933064749963883e+00
3.700723740464288980e+00 -3.608802979391592558e+00
3.781174256561339320e+00 -3.627352346692560570e+00
3.861624772658388771e+00 -3.607950068757571405e+00
3.942075288755438223e+00 -3.590511013316800337e+00
4.022525804852488562e+00 -3.582240268465522348e+00
4.102976320949538014e+00 -3.587446919991059247e+00
4.183426837046588354e+00 -3.596993214974886666e+00
4.263877353143637805e+00 -3.569910179201531530e+00
4.344327869240687257e+00 -3.565574113985391591e+00
4.424778385337737596e+00 -3.573663030618504877e+00
4.505228901434787048e+00 -3.574761750813133077e+00
4.585679417531836499e+00 -3.575249812009968053e+00
4.666129933628886839e+00 -3.552044453478985009e+00
4.746580449725936290e+00 -3.537822766301141009e+00
4.827030965822985742e+00 -3.562201591147662771e+00
4.907481481920036082e+00 -3.612704102690317498e+00
4.987931998017085533e+00 -3.641734743530383955e+00
5.068382514114135873e+00 -3.618697575609556516e+00
5.148833030211185324e+00 -3.596140343260710193e+00
5.229283546308234776e+00 -3.595844758782367201e+00
5.309734062405285115e+00 -3.570307273310192819e+00
5.390184578502334567e+00 -3.560103445133488531e+00
5.470635094599384018e+00 -3.567776305306721074e+00
5.551085610696433470e+00 -3.561848585719976867e+00
5.631536126793483810e+00 -3.549310878048070883e+00
5.711986642890533261e+00 -3.542799097133349839e+00
5.792437158987582713e+00 -3.547445820972790820e+00
5.872887675084633052e+00 -3.576018569353217380e+00
5.953338191181682504e+00 -3.588096868481543300e+00
6.033788707278731955e+00 -3.581297934208872658e+00
6.114239223375781407e+00 -3.560654591768854349e+00
6.194689739472831747e+00 -3.563249953145192439e+00
6.275140255569881198e+00 -3.618866579436557984e+00
6.355590771666931538e+00 -3.642302764149361938e+00
6.436041287763980989e+00 -3.625310153686332804e+00
6.516491803861030441e+00 -3.600215065363192135e+00
6.596942319958079892e+00 -3.573503625349992774e+00
6.677392836055131120e+00 -3.535218048332854135e+00
6.757843352152180572e+00 -3.527318973841370386e+00
6.838293868249230023e+00 -3.563259021141543581e+00
6.918744384346279475e+00 -3.604572102894130659e+00
6.999194900443328926e+00 -3.630389465559046958e+00
7.079645416540378378e+00 -3.656110033331174236e+00
7.160095932637429605e+00 -3.661536063787499184e+00
7.240546448734479057e+00 -3.652068267355166764e+00
7.320996964831528508e+00 -3.648307674964353264e+00
7.401447480928577960e+00 -3.669676471247528493e+00
7.481897997025627411e+00 -3.669609843272733762e+00
7.562348513122678639e+00 -3.630326215548148827e+00
7.642799029219728091e+00 -3.602691540226608424e+00
7.723249545316777542e+00 -3.599783131369636902e+00
7.803700061413826994e+00 -3.612261576371757155e+00
7.884150577510876445e+00 -3.622145546717856490e+00
7.964601093607927673e+00 -3.617765011641939754e+00
8.045051609704977125e+00 -3.621012100648610232e+00
8.125502125802025688e+00 -3.640568690803117846e+00
8.205952641899076028e+00 -3.662947032423615745e+00
8.286403157996124591e+00 -3.689055345868425650e+00
8.366853674093176707e+00 -3.717405887176723045e+00
8.447304190190225270e+00 -3.720423945813898570e+00
8.527754706287275610e+00 -3.699763198470857883e+00
8.608205222384324173e+00 -3.680532827583906208e+00
8.688655738481374513e+00 -3.710172216020027225e+00
8.769106254578423076e+00 -3.723289507039867274e+00
8.849556770675475192e+00 -3.690912547002012989e+00
8.930007286772523756e+00 -3.672998995445216242e+00
9.010457802869574095e+00 -3.680833044362127549e+00
9.090908318966622659e+00 -3.701273558836457145e+00
9.171358835063672998e+00 -3.694893416017170473e+00
9.251809351160723338e+00 -3.707902382128255514e+00
9.332259867257773678e+00 -3.720513172895060450e+00
9.412710383354822241e+00 -3.741448312924918973e+00
9.493160899451872581e+00 -3.752304748101194853e+00
9.573611415548921144e+00 -3.760331615759803014e+00
9.654061931645971484e+00 -3.753092627976728046e+00
9.734512447743021823e+00 -3.736897875153680992e+00
9.814962963840072163e+00 -3.724602054447045507e+00
9.895413479937120727e+00 -3.734785762343700188e+00
9.975863996034171066e+00 -3.745150106603187812e+00
1.005631451213121963e+01 -3.743684706381895211e+00
1.013676502822827175e+01 -3.760314402646821819e+00
1.021721554432532031e+01 -3.787292889832622578e+00
1.029766606042237065e+01 -3.797776308075555551e+00
