0.000000000000000000e+00 -1.549019599857431873e-01
8.045051609704977069e-02 -2.125256283574593896e-01
1.609010321940995414e-01 -6.553905985496736308e-01
2.413515482911492982e-01 -2.928408655728753196e+00
3.218020643881990828e-01 -3.376430999815158263e+00
4.022525804852488118e-01 -2.955133003912029821e+00
4.827030965822985964e-01 -2.910367553068025082e+00
5.631536126793483810e-01 -2.988806075941216278e+00
6.436041287763981655e-01 -3.199749517851094627e+00
7.240546448734478391e-01 -3.556169667544434088e+00
8.045051609704976237e-01 -3.746880812044247833e+00
8.849556770675472972e-01 -3.745472805526322446e+00
9.654061931645971928e-01 -3.768763428052484432e+00
1.045856709261647088e+00 -3.796855369240025979e+00
1.126307225358696762e+00 -3.778850218934758587e+00
1.206757741455746435e+00 -3.765386414931230163e+00
1.287208257552796331e+00 -3.807938014313235531e+00
1.367658773649846005e+00 -3.828250803490902854e+00
1.448109289746895678e+00 -3.749015353235752634e+00
1.528559805843945352e+00 -3.660751709799640707e+00
1.609010321940995247e+00 -3.506840794252287452e+00
1.689460838038045143e+00 -3.340706107418816906e+00
1.769911354135094594e+00 -3.193230845296722631e+00
1.850361870232144490e+00 -3.051805079018418798e+00
1.930812386329194386e+00 -2.963935302454696608e+00
2.011262902426244281e+00 -3.028759278597791926e+00
2.091713418523294177e+00 -3.131898443325386250e+00
2.172163934620343628e+00 -3.218277959430558610e+00
2.252614450717393524e+00 -3.336649551511956080e+00
2.333064966814443419e+00 -3.431857346366802286e+00
2.413515482911492871e+00 -3.492429281984191558e+00
2.493965999008542767e+00 -3.539751193729389733e+00
2.574416515105592662e+00 -3.576371592756647289e+00
2.654867031202642558e+00 -3.626308532533389695e+00
2.735317547299692009e+00 -3.651411054817047308e+00
2.815768063396741905e+00 -3.691491787410400960e+00
2.896218579493791356e+00 -3.737837219328699057e+00
2.976669095590841252e+00 -3.752938180256314205e+00
3.057119611687890703e+00 -3.749602581404473778e+00
3.137570127784940599e+00 -3.706796181929489009e+00
3.218020643881990495e+00 -3.661738619960184682e+00
3.298471159979039946e+00 -3.643131996334648015e+00
3.378921676076090286e+00 -3.622504635495518155e+00
3.459372192173139737e+00 -3.592283125377273567e+00
3.539822708270189189e+00 -3.581285539417571329e+00
3.620273224367239528e+00 -3.568000698918791347e+00
3.700723740464288980e+00 -3.553728074555082106e+00
3.781174256561339320e+00 -3.541470541118485915e+00
3.861624772658388771e+00 -3.559710198815541737e+00
3.942075288755438223e+00 -3.569707615964577752e+00
4.022525804852488562e+00 -3.580498357903741713e+00
4.102976320949538014e+00 -3.601181846942680842e+00
4.183426837046588354e+00 -3.611348702074594463e+00
4.263877353143637805e+00 -3.590135055379981122e+00
4.344327869240687257e+00 -3.573991309300222241e+00
4.424778385337737596e+00 -3.575445588459799762e+00
4.505228901434787048e+00 -3.606192370249627910e+00
4.585679417531836499e+00 -3.611747011032755861e+00
4.666129933628886839e+00 -3.584784129160158539e+00
4.746580449725936290e+00 -3.574926603367606148e+00
4.827030965822985742e+00 -3.605776289728417794e+00
4.907481481920036082e+00 -3.621699327601652474e+00
4.987931998017085533e+00 -3.609322000632641636e+00
5.068382514114135873e+00 -3.609011661635360468e+00
5.148833030211185324e+00 -3.609660857511582943e+00
5.229283546308234776e+00 -3.598968241417545677e+00
5.309734062405285115e+00 -3.560667648154092202e+00
5.390184578502334567e+00 -3.549778136473555890e+00
5.470635094599384018e+00 -3.560493903258515225e+00
5.551085610696433470e+00 -3.580099044113266959e+00
5.631536126793483810e+00 -3.534214003046816099e+00
5.711986642890533261e+00 -3.503726208059389169e+00
5.792437158987582713e+00 -3.533433240527897201e+00
5.872887675084633052e+00 -3.589547090362226189e+00
5.953338191181682504e+00 -3.604398569227807325e+00
6.033788707278731955e+00 -3.585568877954718126e+00
6.114239223375781407e+00 -3.551566422671766254e+00
6.194689739472831747e+00 -3.535971639561678703e+00
6.275140255569881198e+00 -3.553054258007176447e+00
6.355590771666931538e+00 -3.575310888832647915e+00
6.436041287763980989e+00 -3.560563618575601996e+00
6.516491803861030441e+00 -3.552839964665492900e+00
6.596942319958079892e+00 -3.573841694606795460e+00
6.677392836055131120e+00 -3.583768459774271609e+00
6.757843352152180572e+00 -3.568086285538041746e+00
6.838293868249230023e+00 -3.566289228035713244e+00
6.918744384346279475e+00 -3.569974081889291551e+00
6.999194900443328926e+00 -3.585293483717414631e+00
7.079645416540378378e+00 -3.579153567145006321e+00
7.160095932637429605e+00 -3.574923990297770526e+00
7.240546448734479057e+00 -3.592117635658380603e+00
7.320996964831528508e+00 -3.644492824377164819e+00
7.401447480928577960e+00 -3.664733388613668819e+00
7.481897997025627411e+00 -3.631727272474730928e+00
7.562348513122678639e+00 -3.623247322983093266e+00
7.642799029219728091e+00 -3.656249720996696428e+00
7.723249545316777542e+00 -3.666049215948919748e+00
7.803700061413826994e+00 -3.661151234703538648e+00
7.884150577510876445e+00 -3.666924939575083808e+00
7.964601093607927673e+00 -3.687122280417135745e+00
8.045051609704977125e+00 -3.697998014167841685e+00
8.125502125802025688e+00 -3.687001854573937809e+00
8.205952641899076028e+00 -3.657954551626705353e+00
8.286403157996124591e+00 -3.622886001034400838e+00
8.366853674093176707e+00 -3.623132924643416963e+00
8.447304190190225270e+00 -3.643625353512829346e+00
8.527754706287275610e+00 -3.644330010397440311e+00
8.608205222384324173e+00 -3.640901747647432352e+00
8.688655738481374513e+00 -3.649621096670417675e+00
8.769106254578423076e+00 -3.675662944044307601e+00
8.849556770675475192e+00 -3.676443879751456478e+00
8.930007286772523756e+00 -3.642777422736290127e+00
9.010457802869574095e+00 -3.618119894603369247e+00
9.090908318966622659e+00 -3.648351922491819721e+00
9.171358835063672998e+00 -3.678431355044930573e+00
9.251809351160723338e+00 -3.701056728409645835e+00
9.332259867257773678e+00 -3.705582254400852094e+00
9.412710383354822241e+00 -3.713460924125634222e+00
9.493160899451872581e+00 -3.711959219994293679e+00
9.573611415548921144e+00 -3.702187792846861392e+00
9.654061931645971484e+00 -3.726338037272925785e+00
9.734512447743021823e+00 -3.741736121108395263e+00
9.814962963840072163e+00 -3.732511344465798686e+00
9.895413479937120727e+00 -3.734248995518245628e+00
9.975863996034171066e+00 -3.737626282673085054e+00
1.005631451213121963e+01 -3.727501713682446649e+00
1.013676502822827175e+01 -3.740144479379523546e+00
1.021721554432532031e+01 -3.750456212477678797e+00
1.029766606042237065e+01 -3.746841020419717783e+00
