0.000000000000000000e+00 -1.549019599857431873e-01
8.045051609704977069e-02 -2.056141396306825075e-01
1.609010321940995414e-01 -5.459212360954288634e-01
2.413515482911492982e-01 -2.304247040106371713e+00
3.218020643881990828e-01 -3.368893034484970794e+00
4.022525804852488118e-01 -3.055306184760895771e+00
4.827030965822985964e-01 -3.107143382032323764e+00
5.631536126793483810e-01 -3.221265514863413948e+00
6.436041287763981655e-01 -3.330169546712474560e+00
7.240546448734478391e-01 -3.459783043194145868e+00
8.045051609704976237e-01 -3.630003408068736892e+00
8.849556770675472972e-01 -3.837355563974039541e+00
9.654061931645971928e-01 -3.973199797494461727e+00
1.045856709261647088e+00 -3.911413086273874296e+00
1.126307225358696762e+00 -3.815175284559941371e+00
1.206757741455746435e+00 -3.794568823509477884e+00
1.287208257552796331e+00 -3.821957479093477161e+00
1.367658773649846005e+00 -3.817626804642678895e+00
1.448109289746895678e+00 -3.712518335635862865e+00
1.528559805843945352e+00 -3.578650393943276331e+00
1.609010321940995247e+00 -3.466540241351275142e+00
1.689460838038045143e+00 -3.395459874311258286e+00
1.769911354135094594e+00 -3.316485661312869482e+00
1.850361870232144490e+00 -3.242136528245720850e+00
1.930812386329194386e+00 -3.204888911847291855e+00
2.011262902426244281e+00 -3.209081010525580258e+00
2.091713418523294177e+00 -3.216249967464053228e+00
2.172163934620343628e+00 -3.216707554694584026e+00
2.252614450717393524e+00 -3.271552496403725918e+00
2.333064966814443419e+00 -3.380019227368311618e+00
2.413515482911492871e+00 -3.474421304151515955e+00
2.493965999008542767e+00 -3.526777401033579284e+00
2.574416515105592662e+00 -3.557926886179219927e+00
2.654867031202642558e+00 -3.593176731399687185e+00
2.735317547299692009e+00 -3.593350164732485474e+00
2.815768063396741905e+00 -3.576085277917195882e+00
2.896218579493791356e+00 -3.573228504664596628e+00
2.976669095590841252e+00 -3.576923917494363447e+00
3.057119611687890703e+00 -3.560441862040097050e+00
3.137570127784940599e+00 -3.540334214568269466e+00
3.218020643881990495e+00 -3.539401630900371298e+00
3.298471159979039946e+00 -3.570041528182328339e+00
3.378921676076090286e+00 -3.619928415765183427e+00
3.459372192173139737e+00 -3.637431089484789659e+00
3.539822708270189189e+00 -3.614632584461882292e+00
3.620273224367239528e+00 -3.581952932550751978e+00
3.700723740464288980e+00 -3.563278293580151690e+00
3.781174256561339320e+00 -3.558214058264582480e+00
3.861624772658388771e+00 -3.547693281511302477e+00
3.942075288755438223e+00 -3.509802570366363561e+00
4.022525804852488562e+00 -3.481101621651415901e+00
4.102976320949538014e+00 -3.496129741068619179e+00
4.183426837046588354e+00 -3.541249917641077438e+00
4.263877353143637805e+00 -3.554516140023962656e+00
4.344327869240687257e+00 -3.530113754614938149e+00
4.424778385337737596e+00 -3.540983271526172427e+00
4.505228901434787048e+00 -3.580852103610190351e+00
4.585679417531836499e+00 -3.620952412629307560e+00
4.666129933628886839e+00 -3.664717306581935841e+00
4.746580449725936290e+00 -3.679568670806958597e+00
4.827030965822985742e+00 -3.693381314667489868e+00
4.907481481920036082e+00 -3.694849268424873934e+00
4.987931998017085533e+00 -3.670149168977590914e+00
5.068382514114135873e+00 -3.632166153920694196e+00
5.148833030211185324e+00 -3.599781022628559146e+00
5.229283546308234776e+00 -3.566768238924018952e+00
5.309734062405285115e+00 -3.530119696443482891e+00
5.390184578502334567e+00 -3.488181308282350290e+00
5.470635094599384018e+00 -3.461595780843838011e+00
5.551085610696433470e+00 -3.460907581589403481e+00
5.631536126793483810e+00 -3.480364413100751175e+00
5.711986642890533261e+00 -3.498243438859546028e+00
5.792437158987582713e+00 -3.508554309452800890e+00
5.872887675084633052e+00 -3.518318645412426893e+00
5.953338191181682504e+00 -3.532196001180608835e+00
6.033788707278731955e+00 -3.539233696381263172e+00
6.114239223375781407e+00 -3.528811862974207791e+00
6.194689739472831747e+00 -3.507185700916565452e+00
6.275140255569881198e+00 -3.483652999402841122e+00
6.355590771666931538e+00 -3.485512135767868003e+00
6.436041287763980989e+00 -3.495212946324684822e+00
6.516491803861030441e+00 -3.512802905619540894e+00
6.596942319958079892e+00 -3.533527150289550445e+00
6.677392836055131120e+00 -3.536802404466097283e+00
6.757843352152180572e+00 -3.529129481365006260e+00
6.838293868249230023e+00 -3.538660482712123301e+00
6.918744384346279475e+00 -3.566589830088152446e+00
6.999194900443328926e+00 -3.573734816852035756e+00
7.079645416540378378e+00 -3.554202827998119929e+00
7.160095932637429605e+00 -3.564013475075025195e+00
7.240546448734479057e+00 -3.603086911331657927e+00
7.320996964831528508e+00 -3.640502584773094519e+00
7.401447480928577960e+00 -3.645273558239190415e+00
7.481897997025627411e+00 -3.627019436697124011e+00
7.562348513122678639e+00 -3.625808704225086387e+00
7.642799029219728091e+00 -3.639004234088583978e+00
7.723249545316777542e+00 -3.627530710875666919e+00
7.803700061413826994e+00 -3.611925372519420474e+00
7.884150577510876445e+00 -3.609510579792535534e+00
7.964601093607927673e+00 -3.636936017135908639e+00
8.045051609704977125e+00 -3.656354559871036525e+00
8.125502125802025688e+00 -3.649890615878329303e+00
8.205952641899076028e+00 -3.626427040927418854e+00
8.286403157996124591e+00 -3.607298840333386547e+00
8.366853674093176707e+00 -3.609209022641378883e+00
8.447304190190225270e+00 -3.640119880725567025e+00
8.527754706287275610e+00 -3.691304687621409730e+00
8.608205222384324173e+00 -3.712527810589219879e+00
8.688655738481374513e+00 -3.686199421824782885e+00
8.769106254578423076e+00 -3.658104837216010985e+00
8.849556770675475192e+00 -3.639036600555150436e+00
8.930007286772523756e+00 -3.639177304549685577e+00
9.010457802869574095e+00 -3.656642668686135522e+00
9.090908318966622659e+00 -3.689173109559568786e+00
9.171358835063672998e+00 -3.712260190292102191e+00
9.251809351160723338e+00 -3.691896740050201409e+00
9.332259867257773678e+00 -3.684890198796572758e+00
9.412710383354822241e+00 -3.702238905741844111e+00
9.493160899451872581e+00 -3.714368943078688368e+00
9.573611415548921144e+00 -3.713085709653666022e+00
9.654061931645971484e+00 -3.702993234994029770e+00
9.734512447743021823e+00 -3.702269509616753052e+00
9.814962963840072163e+00 -3.708092938747373779e+00
9.895413479937120727e+00 -3.694341301178463599e+00
9.975863996034171066e+00 -3.692637115791023383e+00
1.005631451213121963e+01 -3.717620069092463453e+00
1.013676502822827175e+01 -3.726753671785615118e+00
1.021721554432532031e+01 -3.708369307184088637e+00
1.029766606042237065e+01 -3.696586085250530562e+00
