0.000000000000000000e+00 -1.549019599857431873e-01
8.045051609704977069e-02 -3.955696048391835196e-01
1.609010321940995414e-01 -1.381349510325782681e+00
2.413515482911492982e-01 -5.558903491531559382e+00
3.218020643881990828e-01 -6.308000330698390279e+00
4.022525804852488118e-01 -5.593219589523540591e+00
4.827030965822985964e-01 -5.829267172578309619e+00
5.631536126793483810e-01 -6.379626762085089275e+00
6.436041287763981655e-01 -6.870416877684390577e+00
7.240546448734478391e-01 -7.270192031717773062e+00
8.045051609704976237e-01 -7.757845738251801571e+00
8.849556770675472972e-01 -7.968296281449661400e+00
9.654061931645971928e-01 -7.871766288899709529e+00
1.045856709261647088e+00 -7.731381100820477137e+00
1.126307225358696762e+00 -7.655190616262742331e+00
1.206757741455746435e+00 -7.639240738023772792e+00
1.287208257552796331e+00 -7.667876860534662775e+00
1.367658773649846005e+00 -7.578515351229673236e+00
1.448109289746895678e+00 -7.367002873612228164e+00
1.528559805843945352e+00 -7.251056810566921307e+00
1.609010321940995247e+00 -7.225027929584825870e+00
1.689460838038045143e+00 -7.051578985035900082e+00
1.769911354135094594e+00 -6.583802474889257184e+00
1.850361870232144490e+00 -6.273650955057534340e+00
1.930812386329194386e+00 -6.158282763830084328e+00
2.011262902426244281e+00 -6.179075898129586797e+00
2.091713418523294177e+00 -6.265730186581714101e+00
2.172163934620343628e+00 -6.367510520474774616e+00
2.252614450717393524e+00 -6.481056206329729896e+00
2.333064966814443419e+00 -6.674395592187455151e+00
2.413515482911492871e+00 -6.928107718428994311e+00
2.493965999008542767e+00 -7.035360804519066313e+00
2.574416515105592662e+00 -7.100201150808594264e+00
2.654867031202642558e+00 -7.155856156632607323e+00
2.735317547299692009e+00 -7.185870460813300831e+00
2.815768063396741905e+00 -7.182911598487256910e+00
2.896218579493791356e+00 -7.210835461856048845e+00
2.976669095590841252e+00 -7.280059360211621033e+00
3.057119611687890703e+00 -7.358546914031411035e+00
3.137570127784940599e+00 -7.383051991477244336e+00
3.218020643881990495e+00 -7.319885593181039596e+00
3.298471159979039946e+00 -7.264730985604332503e+00
3.378921676076090286e+00 -7.242201566535785950e+00
3.459372192173139737e+00 -7.207927425507528518e+00
3.539822708270189189e+00 -7.167964912581166637e+00
3.620273224367239528e+00 -7.117133424510293516e+00
3.700723740464288980e+00 -7.080253161412942475e+00
3.781174256561339320e+00 -7.138523843022694493e+00
3.861624772658388771e+00 -7.216748682603585152e+00
3.942075288755438223e+00 -7.258142793279160010e+00
4.022525804852488562e+00 -7.243848896920764169e+00
4.102976320949538014e+00 -7.163477024396366133e+00
4.183426837046588354e+00 -7.050298463342852706e+00
4.263877353143637805e+00 -6.976032879489907579e+00
4.344327869240687257e+00 -7.025736581724541630e+00
4.424778385337737596e+00 -7.148438887410032194e+00
4.505228901434787048e+00 -7.211572646935196396e+00
4.585679417531836499e+00 -7.297258644250709025e+00
4.666129933628886839e+00 -7.368115765901680270e+00
4.746580449725936290e+00 -7.406970377984457343e+00
4.827030965822985742e+00 -7.323213911030202361e+00
4.907481481920036082e+00 -7.179160962306375460e+00
4.987931998017085533e+00 -7.063820537013992151e+00
5.068382514114135873e+00 -7.055608026236101615e+00
5.148833030211185324e+00 -7.106610845618376970e+00
5.229283546308234776e+00 -7.100981199361087626e+00
5.309734062405285115e+00 -7.125537227797736683e+00
5.390184578502334567e+00 -7.164547863557666929e+00
5.470635094599384018e+00 -7.139668354157572949e+00
5.551085610696433470e+00 -7.083606091782908010e+00
5.631536126793483810e+00 -7.052081343821559933e+00
5.711986642890533261e+00 -7.043372824559162915e+00
5.792437158987582713e+00 -7.054165179512878581e+00
5.872887675084633052e+00 -7.078563860506902117e+00
5.953338191181682504e+00 -7.081962580960480480e+00
6.033788707278731955e+00 -7.078885512387762091e+00
6.114239223375781407e+00 -7.121076618400568492e+00
6.194689739472831747e+00 -7.175393605275217190e+00
6.275140255569881198e+00 -7.156084165302480926e+00
6.355590771666931538e+00 -7.109481162589942116e+00
6.436041287763980989e+00 -7.132330287181643413e+00
6.516491803861030441e+00 -7.145878370213149644e+00
6.596942319958079892e+00 -7.127893099384070119e+00
6.677392836055131120e+00 -7.120849811682380626e+00
6.757843352152180572e+00 -7.120007154075724820e+00
6.838293868249230023e+00 -7.132121667927111552e+00
6.918744384346279475e+00 -7.188923113504365858e+00
6.999194900443328926e+00 -7.257123412733636592e+00
7.079645416540378378e+00 -7.282053293835493157e+00
7.160095932637429605e+00 -7.340439520527700878e+00
7.240546448734479057e+00 -7.382113149006644726e+00
7.320996964831528508e+00 -7.365579853232544494e+00
7.401447480928577960e+00 -7.304699618415687823e+00
7.481897997025627411e+00 -7.255905638360257370e+00
7.562348513122678639e+00 -7.252050871566518175e+00
7.642799029219728091e+00 -7.273238212461198948e+00
7.723249545316777542e+00 -7.324643367857619936e+00
7.803700061413826994e+00 -7.361835427290077227e+00
7.884150577510876445e+00 -7.341323619662540878e+00
7.964601093607927673e+00 -7.330432959216361510e+00
8.045051609704977125e+00 -7.330517233836210345e+00
8.125502125802025688e+00 -7.289403414276471871e+00
8.205952641899076028e+00 -7.251370009673206773e+00
8.286403157996124591e+00 -7.219476084338000810e+00
8.366853674093176707e+00 -7.189200654180703864e+00
8.447304190190225270e+00 -7.228602263427106323e+00
8.527754706287275610e+00 -7.310400828145334096e+00
8.608205222384324173e+00 -7.395860716564314430e+00
8.688655738481374513e+00 -7.429578221338745792e+00
8.769106254578423076e+00 -7.432903500035777711e+00
8.849556770675475192e+00 -7.359562516405525834e+00
8.930007286772523756e+00 -7.321243736043442141e+00
9.010457802869574095e+00 -7.301521773914736890e+00
9.090908318966622659e+00 -7.323869745912801044e+00
9.171358835063672998e+00 -7.372915381454207662e+00
9.251809351160723338e+00 -7.396928985179316740e+00
9.332259867257773678e+00 -7.369290759186850615e+00
9.412710383354822241e+00 -7.369552705658548142e+00
9.493160899451872581e+00 -7.422924258824949106e+00
9.573611415548921144e+00 -7.455036030312027329e+00
9.654061931645971484e+00 -7.458642169776923403e+00
9.734512447743021823e+00 -7.451682123782116030e+00
9.814962963840072163e+00 -7.387801346359450072e+00
9.895413479937120727e+00 -7.344327981548512518e+00
9.975863996034171066e+00 -7.411915149967402527e+00
1.005631451213121963e+01 -7.473390335423273356e+00
1.013676502822827175e+01 -7.414365633368141140e+00
1.021721554432532031e+01 -7.393923589260000817e+00
1.029766606042237065e+01 -7.425167547907054022e+00
