0.000000000000000000e+00 -1.549019599857431873e-01
8.045051609704977069e-02 -1.998968141948593846e-01
1.609010321940995414e-01 -5.751509230451232746e-01
2.413515482911492982e-01 -2.283632962238732578e+00
3.218020643881990828e-01 -2.817758370694787295e+00
4.022525804852488118e-01 -2.564823607799987304e+00
4.827030965822985964e-01 -2.788922186373453460e+00
5.631536126793483810e-01 -3.157277973669656124e+00
6.436041287763981655e-01 -3.369213773724342609e+00
7.240546448734478391e-01 -3.537911593457609527e+00
8.045051609704976237e-01 -3.755049913850506904e+00
8.849556770675472972e-01 -3.901367787457834524e+00
9.654061931645971928e-01 -3.967502822778027127e+00
1.045856709261647088e+00 -3.932494161233041741e+00
1.126307225358696762e+00 -3.898876514481122157e+00
1.206757741455746435e+00 -3.877048028115085643e+00
1.287208257552796331e+00 -3.847529472701100239e+00
1.367658773649846005e+00 -3.792859569835715039e+00
1.448109289746895678e+00 -3.723921852729099147e+00
1.528559805843945352e+00 -3.585801284458782767e+00
1.609010321940995247e+00 -3.450169877484722036e+00
1.689460838038045143e+00 -3.343494146492091978e+00
1.769911354135094594e+00 -3.241700065462763458e+00
1.850361870232144490e+00 -3.174258432635936877e+00
1.930812386329194386e+00 -3.137863048493247931e+00
2.011262902426244281e+00 -3.145164728793358400e+00
2.091713418523294177e+00 -3.101317480124015535e+00
2.172163934620343628e+00 -3.083747275846314029e+00
2.252614450717393524e+00 -3.181758732977105097e+00
2.333064966814443419e+00 -3.313197251724212311e+00
2.413515482911492871e+00 -3.410853632856305051e+00
2.493965999008542767e+00 -3.499575786444744985e+00
2.574416515105592662e+00 -3.619468420212200055e+00
2.654867031202642558e+00 -3.684408964599033887e+00
2.735317547299692009e+00 -3.723949452398677362e+00
2.815768063396741905e+00 -3.707505220267420576e+00
2.896218579493791356e+00 -3.645091657383954242e+00
2.976669095590841252e+00 -3.591668679978390788e+00
3.057119611687890703e+00 -3.546313207950267721e+00
3.137570127784940599e+00 -3.529223134514693161e+00
3.218020643881990495e+00 -3.560300696320256364e+00
3.298471159979039946e+00 -3.557071590585381138e+00
3.378921676076090286e+00 -3.543035529742430523e+00
3.459372192173139737e+00 -3.554396973593980658e+00
3.539822708270189189e+00 -3.563339395402334020e+00
3.620273224367239528e+00 -3.555413000988989491e+00
3.700723740464288980e+00 -3.536103325206074288e+00
3.781174256561339320e+00 -3.538523017215599697e+00
3.861624772658388771e+00 -3.550792166196181654e+00
3.942075288755438223e+00 -3.544647286633417771e+00
4.022525804852488562e+00 -3.516202210657080052e+00
4.102976320949538014e+00 -3.521550775076390138e+00
4.183426837046588354e+00 -3.557736126778981767e+00
4.263877353143637805e+00 -3.602851934256720234e+00
4.344327869240687257e+00 -3.592052667027393564e+00
4.424778385337737596e+00 -3.560390442917512832e+00
4.505228901434787048e+00 -3.551867191419026071e+00
4.585679417531836499e+00 -3.556711541031741586e+00
4.666129933628886839e+00 -3.566360348581363748e+00
4.746580449725936290e+00 -3.570588000559703712e+00
4.827030965822985742e+00 -3.555669888647036370e+00
4.907481481920036082e+00 -3.533409770332269328e+00
4.987931998017085533e+00 -3.529290026183323992e+00
5.068382514114135873e+00 -3.550591121753024826e+00
5.148833030211185324e+00 -3.574803967899286672e+00
5.229283546308234776e+00 -3.556127626219030891e+00
5.309734062405285115e+00 -3.552850030541065074e+00
5.390184578502334567e+00 -3.573853022159026338e+00
5.470635094599384018e+00 -3.571455432324466273e+00
5.551085610696433470e+00 -3.541629792761360473e+00
5.631536126793483810e+00 -3.531513294217967225e+00
5.711986642890533261e+00 -3.562949076374573920e+00
5.792437158987582713e+00 -3.599376016951574275e+00
5.872887675084633052e+00 -3.603234981966955797e+00
5.953338191181682504e+00 -3.564467128432387000e+00
6.033788707278731955e+00 -3.542360679814223978e+00
6.114239223375781407e+00 -3.546679774740959967e+00
6.194689739472831747e+00 -3.570235275030321453e+00
6.275140255569881198e+00 -3.564046662720641745e+00
6.355590771666931538e+00 -3.536651880188373731e+00
6.436041287763980989e+00 -3.498647946817309506e+00
6.516491803861030441e+00 -3.465092490679174020e+00
6.596942319958079892e+00 -3.452132493001213831e+00
6.677392836055131120e+00 -3.476406994972351061e+00
6.757843352152180572e+00 -3.510229087343835541e+00
6.838293868249230023e+00 -3.532839170798857786e+00
6.918744384346279475e+00 -3.549352833346018254e+00
6.999194900443328926e+00 -3.574680164084920619e+00
7.079645416540378378e+00 -3.574284003976195390e+00
7.160095932637429605e+00 -3.570283745502265571e+00
7.240546448734479057e+00 -3.576187711930777891e+00
7.320996964831528508e+00 -3.590393627689076883e+00
7.401447480928577960e+00 -3.593199808231985592e+00
7.481897997025627411e+00 -3.601309969442866521e+00
7.562348513122678639e+00 -3.610292768576458311e+00
7.642799029219728091e+00 -3.599364440090795370e+00
7.723249545316777542e+00 -3.617917979119385397e+00
7.803700061413826994e+00 -3.661097107754382129e+00
7.884150577510876445e+00 -3.679489313719972010e+00
7.964601093607927673e+00 -3.641631949214541031e+00
8.045051609704977125e+00 -3.605569372306310694e+00
8.125502125802025688e+00 -3.617878171723069691e+00
8.205952641899076028e+00 -3.643542266657269213e+00
8.286403157996124591e+00 -3.647839840925402477e+00
8.366853674093176707e+00 -3.638207335333532022e+00
8.447304190190225270e+00 -3.668187133787339516e+00
8.527754706287275610e+00 -3.682238520843132523e+00
8.608205222384324173e+00 -3.658273734674682753e+00
8.688655738481374513e+00 -3.619925185519428101e+00
8.769106254578423076e+00 -3.619859354676934871e+00
8.849556770675475192e+00 -3.614417706601606994e+00
8.930007286772523756e+00 -3.608082407457032126e+00
9.010457802869574095e+00 -3.633392416793862267e+00
9.090908318966622659e+00 -3.667935669699190271e+00
9.171358835063672998e+00 -3.690954661801630898e+00
9.251809351160723338e+00 -3.669155993642648106e+00
9.332259867257773678e+00 -3.626553884947313566e+00
9.412710383354822241e+00 -3.611768915949796543e+00
9.493160899451872581e+00 -3.634451389970245749e+00
9.573611415548921144e+00 -3.661652872415791737e+00
9.654061931645971484e+00 -3.692252933931034597e+00
9.734512447743021823e+00 -3.707800683078949611e+00
9.814962963840072163e+00 -3.719202413196363466e+00
9.895413479937120727e+00 -3.706202276193924838e+00
9.975863996034171066e+00 -3.711096466898765822e+00
1.005631451213121963e+01 -3.731029832679841007e+00
1.013676502822827175e+01 -3.742865332782462140e+00
1.021721554432532031e+01 -3.738995311982041159e+00
1.029766606042237065e+01 -3.730626488361522775e+00
