0.000000000000000000e+00 -1.549019599857431873e-01
8.045051609704977069e-02 -1.977720875122819244e-01
1.609010321940995414e-01 -5.470389855182798966e-01
2.413515482911492982e-01 -1.514553830307338922e+00
3.218020643881990828e-01 -2.274617458791410307e+00
4.022525804852488118e-01 -2.958697994030304645e+00
4.827030965822985964e-01 -3.462548214847546824e+00
5.631536126793483810e-01 -3.554245844829327261e+00
6.436041287763981655e-01 -3.703645588397505239e+00
7.240546448734478391e-01 -3.844983350490464691e+00
8.045051609704976237e-01 -3.928707591831807289e+00
8.849556770675472972e-01 -3.924150891614803793e+00
9.654061931645971928e-01 -3.905488742661622936e+00
1.045856709261647088e+00 -3.910136937359308895e+00
1.126307225358696762e+00 -3.896066145192301100e+00
1.206757741455746435e+00 -3.827924421644564479e+00
1.287208257552796331e+00 -3.787411798922263539e+00
1.367658773649846005e+00 -3.813713409365898421e+00
1.448109289746895678e+00 -3.834335059158794135e+00
1.528559805843945352e+00 -3.727039291164850443e+00
1.609010321940995247e+00 -3.593833449709386230e+00
1.689460838038045143e+00 -3.485728568022997909e+00
1.769911354135094594e+00 -3.397580634878285544e+00
1.850361870232144490e+00 -3.310811575521037664e+00
1.930812386329194386e+00 -3.263813750837916583e+00
2.011262902426244281e+00 -3.227133317656710076e+00
2.091713418523294177e+00 -3.196311019996220359e+00
2.172163934620343628e+00 -3.174719558567496325e+00
2.252614450717393524e+00 -3.174602521074334049e+00
2.333064966814443419e+00 -3.238512507637904214e+00
2.413515482911492871e+00 -3.270636621956014789e+00
2.493965999008542767e+00 -3.274091503927494262e+00
2.574416515105592662e+00 -3.278586898331234067e+00
2.654867031202642558e+00 -3.234656676630260463e+00
2.735317547299692009e+00 -3.215419728035123104e+00
2.815768063396741905e+00 -3.292033093367070506e+00
2.896218579493791356e+00 -3.346693536968822880e+00
2.976669095590841252e+00 -3.283161093480938320e+00
3.057119611687890703e+00 -3.235827206086157037e+00
3.137570127784940599e+00 -3.204992887492996267e+00
3.218020643881990495e+00 -3.181806801293813436e+00
3.298471159979039946e+00 -3.179791145457349089e+00
3.378921676076090286e+00 -3.142661114460009841e+00
3.459372192173139737e+00 -3.110188903952843642e+00
3.539822708270189189e+00 -3.108859109267136489e+00
3.620273224367239528e+00 -3.147519390568101372e+00
3.700723740464288980e+00 -3.168954061427939450e+00
3.781174256561339320e+00 -3.181015985802766899e+00
3.861624772658388771e+00 -3.198632326247363267e+00
3.942075288755438223e+00 -3.224573237443712159e+00
4.022525804852488562e+00 -3.236741260156639211e+00
4.102976320949538014e+00 -3.246056638642320635e+00
4.183426837046588354e+00 -3.233448594396109765e+00
4.263877353143637805e+00 -3.238212889000290584e+00
4.344327869240687257e+00 -3.257788602772480502e+00
4.424778385337737596e+00 -3.254188246191465073e+00
4.505228901434787048e+00 -3.241514850680728976e+00
4.585679417531836499e+00 -3.274093615235419197e+00
4.666129933628886839e+00 -3.291127620085914973e+00
4.746580449725936290e+00 -3.284393460998501713e+00
4.827030965822985742e+00 -3.267272628468198992e+00
4.907481481920036082e+00 -3.247462092953160351e+00
4.987931998017085533e+00 -3.230526622208807375e+00
5.068382514114135873e+00 -3.245669081881519258e+00
5.148833030211185324e+00 -3.274187056554639152e+00
5.229283546308234776e+00 -3.291027302643557029e+00
5.309734062405285115e+00 -3.260151694389056498e+00
5.390184578502334567e+00 -3.235214856128378003e+00
5.470635094599384018e+00 -3.210850405055111434e+00
5.551085610696433470e+00 -3.185549241770048834e+00
5.631536126793483810e+00 -3.186793400696897649e+00
5.711986642890533261e+00 -3.217564428719760894e+00
5.792437158987582713e+00 -3.258881149543771283e+00
5.872887675084633052e+00 -3.297505732242825616e+00
5.953338191181682504e+00 -3.334296431806009320e+00
6.033788707278731955e+00 -3.327054658315777846e+00
6.114239223375781407e+00 -3.290160859713658237e+00
6.194689739472831747e+00 -3.258163504746879546e+00
6.275140255569881198e+00 -3.255929641578833689e+00
6.355590771666931538e+00 -3.295177455897914776e+00
6.436041287763980989e+00 -3.331674147761905846e+00
6.516491803861030441e+00 -3.325785205241671427e+00
6.596942319958079892e+00 -3.291444203145502456e+00
6.677392836055131120e+00 -3.293727451754611568e+00
6.757843352152180572e+00 -3.316598943390226761e+00
6.838293868249230023e+00 -3.337709750184192359e+00
6.918744384346279475e+00 -3.321013247255843570e+00
6.999194900443328926e+00 -3.298026678793199551e+00
7.079645416540378378e+00 -3.306593097763327105e+00
7.160095932637429605e+00 -3.297836481383748186e+00
7.240546448734479057e+00 -3.284220751501806035e+00
7.320996964831528508e+00 -3.282313721140637242e+00
7.401447480928577960e+00 -3.277767588870069915e+00
7.481897997025627411e+00 -3.273675095433553395e+00
7.562348513122678639e+00 -3.293242555184455522e+00
7.642799029219728091e+00 -3.341531546620067239e+00
7.723249545316777542e+00 -3.391477238016507467e+00
7.803700061413826994e+00 -3.388708323620831742e+00
7.884150577510876445e+00 -3.367804695958576122e+00
7.964601093607927673e+00 -3.366031638623192990e+00
8.045051609704977125e+00 -3.371790125101961966e+00
8.125502125802025688e+00 -3.352056650633486790e+00
8.205952641899076028e+00 -3.324122114547990225e+00
8.286403157996124591e+00 -3.322634800321936144e+00
8.366853674093176707e+00 -3.325090019460917645e+00
8.447304190190225270e+00 -3.320254327536182437e+00
8.527754706287275610e+00 -3.324162150326485321e+00
8.608205222384324173e+00 -3.344107138555383330e+00
8.688655738481374513e+00 -3.357084341423118623e+00
8.769106254578423076e+00 -3.375428337536956924e+00
8.849556770675475192e+00 -3.372326461634943762e+00
8.930007286772523756e+00 -3.380557403882895162e+00
9.010457802869574095e+00 -3.386642068235451664e+00
9.090908318966622659e+00 -3.401655120033181490e+00
9.171358835063672998e+00 -3.423911788118014776e+00
9.251809351160723338e+00 -3.415427862062928366e+00
9.332259867257773678e+00 -3.376032917664598010e+00
9.412710383354822241e+00 -3.337858369546877313e+00
9.493160899451872581e+00 -3.333355321392934556e+00
9.573611415548921144e+00 -3.340962536816848516e+00
9.654061931645971484e+00 -3.355504661579049142e+00
9.734512447743021823e+00 -3.391895693741274087e+00
9.814962963840072163e+00 -3.429512639232286553e+00
9.895413479937120727e+00 -3.464337162520802593e+00
9.975863996034171066e+00 -3.467883089331255331e+00
1.005631451213121963e+01 -3.452272691612739308e+00
1.013676502822827175e+01 -3.433142875040592124e+00
1.021721554432532031e+01 -3.421766267745232515e+00
1.029766606042237065e+01 -3.420019574175931609e+00
