0.000000000000000000e+00 -1.549019599857431873e-01
8.045051609704977069e-02 -1.952496366297208075e-01
1.609010321940995414e-01 -5.603773841854743365e-01
2.413515482911492982e-01 -1.579655063854009223e+00
3.218020643881990828e-01 -2.432212221073915881e+00
4.022525804852488118e-01 -3.047658843801343220e+00
4.827030965822985964e-01 -3.399632606676088908e+00
5.631536126793483810e-01 -3.556343381068566512e+00
6.436041287763981655e-01 -3.724084774147783161e+00
7.240546448734478391e-01 -3.820213128786332124e+00
8.045051609704976237e-01 -3.841987715072302745e+00
8.849556770675472972e-01 -3.911006944016676812e+00
9.654061931645971928e-01 -4.034768515092105545e+00
1.045856709261647088e+00 -4.158694630197018682e+00
1.126307225358696762e+00 -4.112070427145873452e+00
1.206757741455746435e+00 -4.026647394959749882e+00
1.287208257552796331e+00 -3.907314281400923406e+00
1.367658773649846005e+00 -3.848987252046946583e+00
1.448109289746895678e+00 -3.860799803860521795e+00
1.528559805843945352e+00 -3.818193087167270683e+00
1.609010321940995247e+00 -3.693815652865275467e+00
1.689460838038045143e+00 -3.573618958169681559e+00
1.769911354135094594e+00 -3.483782540727278665e+00
1.850361870232144490e+00 -3.383442561796982773e+00
1.930812386329194386e+00 -3.281461772467979543e+00
2.011262902426244281e+00 -3.257001864113906908e+00
2.091713418523294177e+00 -3.264379621294294154e+00
2.172163934620343628e+00 -3.219884838615716394e+00
2.252614450717393524e+00 -3.175693911642733180e+00
2.333064966814443419e+00 -3.118873659401952381e+00
2.413515482911492871e+00 -3.104576907748922032e+00
2.493965999008542767e+00 -3.165417751968552462e+00
2.574416515105592662e+00 -3.243718581460239836e+00
2.654867031202642558e+00 -3.273331793198516859e+00
2.735317547299692009e+00 -3.260186751556156892e+00
2.815768063396741905e+00 -3.257631251306730036e+00
2.896218579493791356e+00 -3.259497977536462532e+00
2.976669095590841252e+00 -3.278031732313444024e+00
3.057119611687890703e+00 -3.296204509035368435e+00
3.137570127784940599e+00 -3.325066048100631999e+00
3.218020643881990495e+00 -3.354607158605292572e+00
3.298471159979039946e+00 -3.353457910748864457e+00
3.378921676076090286e+00 -3.249372290432040788e+00
3.459372192173139737e+00 -3.157848127148347839e+00
3.539822708270189189e+00 -3.167584181310688418e+00
3.620273224367239528e+00 -3.215139221442855355e+00
3.700723740464288980e+00 -3.222807609121329353e+00
3.781174256561339320e+00 -3.177715458799310166e+00
3.861624772658388771e+00 -3.159837437670888871e+00
3.942075288755438223e+00 -3.188515760051388703e+00
4.022525804852488562e+00 -3.215774202937609516e+00
4.102976320949538014e+00 -3.237573999938094804e+00
4.183426837046588354e+00 -3.252453756529782414e+00
4.263877353143637805e+00 -3.280659304380335151e+00
4.344327869240687257e+00 -3.290371134602558811e+00
4.424778385337737596e+00 -3.279697050168426387e+00
4.505228901434787048e+00 -3.282647226966478815e+00
4.585679417531836499e+00 -3.298627645471461367e+00
4.666129933628886839e+00 -3.312528735344862252e+00
4.746580449725936290e+00 -3.291036496736954753e+00
4.827030965822985742e+00 -3.259664246189763581e+00
4.907481481920036082e+00 -3.240293686956256192e+00
4.987931998017085533e+00 -3.218117293685882174e+00
5.068382514114135873e+00 -3.215075562819924127e+00
5.148833030211185324e+00 -3.202260596706820284e+00
5.229283546308234776e+00 -3.188309959480327027e+00
5.309734062405285115e+00 -3.206822763072334048e+00
5.390184578502334567e+00 -3.218270853359319172e+00
5.470635094599384018e+00 -3.232005092518585254e+00
5.551085610696433470e+00 -3.231014875476694748e+00
5.631536126793483810e+00 -3.259723724811075751e+00
5.711986642890533261e+00 -3.291174609582716126e+00
5.792437158987582713e+00 -3.278753936872509822e+00
5.872887675084633052e+00 -3.252150968991451396e+00
5.953338191181682504e+00 -3.255318949783922999e+00
6.033788707278731955e+00 -3.286762101664770785e+00
6.114239223375781407e+00 -3.286207725639188837e+00
6.194689739472831747e+00 -3.274812694665227397e+00
6.275140255569881198e+00 -3.285245152251063949e+00
6.355590771666931538e+00 -3.298287560581332212e+00
6.436041287763980989e+00 -3.263848858197194058e+00
6.516491803861030441e+00 -3.239641724229467279e+00
6.596942319958079892e+00 -3.280826883908157576e+00
6.677392836055131120e+00 -3.351739003059025279e+00
6.757843352152180572e+00 -3.391016184359904262e+00
6.838293868249230023e+00 -3.413029289311229952e+00
6.918744384346279475e+00 -3.392665879699024778e+00
6.999194900443328926e+00 -3.335603561418449825e+00
7.079645416540378378e+00 -3.294438946579338445e+00
7.160095932637429605e+00 -3.285340880898221183e+00
7.240546448734479057e+00 -3.274001187469690599e+00
7.320996964831528508e+00 -3.284773936439691067e+00
7.401447480928577960e+00 -3.299975726879855742e+00
7.481897997025627411e+00 -3.275193138538918802e+00
7.562348513122678639e+00 -3.274470807513214954e+00
7.642799029219728091e+00 -3.296510769186099310e+00
7.723249545316777542e+00 -3.324507924905783174e+00
7.803700061413826994e+00 -3.345053563013224540e+00
7.884150577510876445e+00 -3.358759139943418681e+00
7.964601093607927673e+00 -3.353334996687272973e+00
8.045051609704977125e+00 -3.328805624957710929e+00
8.125502125802025688e+00 -3.306199217486777808e+00
8.205952641899076028e+00 -3.318239525629611109e+00
8.286403157996124591e+00 -3.332546451174164037e+00
8.366853674093176707e+00 -3.342896476402371420e+00
8.447304190190225270e+00 -3.340655007239215379e+00
8.527754706287275610e+00 -3.346581687856858611e+00
8.608205222384324173e+00 -3.335680317446400700e+00
8.688655738481374513e+00 -3.343323605714476177e+00
8.769106254578423076e+00 -3.346820316691963448e+00
8.849556770675475192e+00 -3.357164341278194186e+00
8.930007286772523756e+00 -3.369969212421129789e+00
9.010457802869574095e+00 -3.369518902860233478e+00
9.090908318966622659e+00 -3.376207944373774250e+00
9.171358835063672998e+00 -3.385155344881462192e+00
9.251809351160723338e+00 -3.393178982389615239e+00
9.332259867257773678e+00 -3.374446734075162269e+00
9.412710383354822241e+00 -3.355350939826813761e+00
9.493160899451872581e+00 -3.353828057284474085e+00
9.573611415548921144e+00 -3.357504741151639216e+00
9.654061931645971484e+00 -3.355608912268990274e+00
9.734512447743021823e+00 -3.357730964433617959e+00
9.814962963840072163e+00 -3.383757108728475238e+00
9.895413479937120727e+00 -3.389436751647410873e+00
9.975863996034171066e+00 -3.377801061962609541e+00
1.005631451213121963e+01 -3.339078878034973386e+00
1.013676502822827175e+01 -3.326484874538269576e+00
1.021721554432532031e+01 -3.361678575631855015e+00
1.029766606042237065e+01 -3.394008264344980041e+00
