0.000000000000000000e+00 -1.549019599857431873e-01
8.045051609704977069e-02 -2.113383284650271754e-01
1.609010321940995414e-01 -6.407781146816083906e-01
2.413515482911492982e-01 -2.235680910202377802e+00
3.218020643881990828e-01 -2.582170209899014246e+00
4.022525804852488118e-01 -2.956859083846446357e+00
4.827030965822985964e-01 -3.184654283088820481e+00
5.631536126793483810e-01 -3.302730583678843423e+00
6.436041287763981655e-01 -3.461094434146667176e+00
7.240546448734478391e-01 -3.631339858500423290e+00
8.045051609704976237e-01 -3.694607710462590955e+00
8.849556770675472972e-01 -3.755098925038530933e+00
9.654061931645971928e-01 -3.921074159602035980e+00
1.045856709261647088e+00 -4.070873304375479229e+00
1.126307225358696762e+00 -4.004436981559083009e+00
1.206757741455746435e+00 -3.893041381716503047e+00
1.287208257552796331e+00 -3.829482398009447230e+00
1.367658773649846005e+00 -3.736464473216060789e+00
1.448109289746895678e+00 -3.638357480711980951e+00
1.528559805843945352e+00 -3.566181351640981489e+00
1.609010321940995247e+00 -3.534242334834843291e+00
1.689460838038045143e+00 -3.531790809841862888e+00
1.769911354135094594e+00 -3.490636547219514441e+00
1.850361870232144490e+00 -3.400737466983800861e+00
1.930812386329194386e+00 -3.244077890248411755e+00
2.011262902426244281e+00 -3.159219196892317338e+00
2.091713418523294177e+00 -3.183908158100372976e+00
2.172163934620343628e+00 -3.219726155551558833e+00
2.252614450717393524e+00 -3.186228167344478113e+00
2.333064966814443419e+00 -3.135348919177078919e+00
2.413515482911492871e+00 -3.153015561003644329e+00
2.493965999008542767e+00 -3.195885315336119969e+00
2.574416515105592662e+00 -3.209128311091133945e+00
2.654867031202642558e+00 -3.217141645871805178e+00
2.735317547299692009e+00 -3.240554007606157416e+00
2.815768063396741905e+00 -3.252388950125891132e+00
2.896218579493791356e+00 -3.220308617666828965e+00
2.976669095590841252e+00 -3.202219323830396203e+00
3.057119611687890703e+00 -3.250616388643591925e+00
3.137570127784940599e+00 -3.276298143684907238e+00
3.218020643881990495e+00 -3.267011514610375755e+00
3.298471159979039946e+00 -3.217993891708551324e+00
3.378921676076090286e+00 -3.190889045328125118e+00
3.459372192173139737e+00 -3.185241227988160340e+00
3.539822708270189189e+00 -3.243267388724241140e+00
3.620273224367239528e+00 -3.257096275514998585e+00
3.700723740464288980e+00 -3.229816767072017036e+00
3.781174256561339320e+00 -3.210244455582492051e+00
3.861624772658388771e+00 -3.213592804967279282e+00
3.942075288755438223e+00 -3.210408327292698871e+00
4.022525804852488562e+00 -3.212226406293342329e+00
4.102976320949538014e+00 -3.202552122312434246e+00
4.183426837046588354e+00 -3.169218068927164289e+00
4.263877353143637805e+00 -3.148915622084820676e+00
4.344327869240687257e+00 -3.176487058986587009e+00
4.424778385337737596e+00 -3.230970313841251329e+00
4.505228901434787048e+00 -3.273270241684585802e+00
4.585679417531836499e+00 -3.290236579429552055e+00
4.666129933628886839e+00 -3.270059770117669462e+00
4.746580449725936290e+00 -3.270359878844844026e+00
4.827030965822985742e+00 -3.275360174515304035e+00
4.907481481920036082e+00 -3.289012666121370110e+00
4.987931998017085533e+00 -3.310121317113595918e+00
5.068382514114135873e+00 -3.320620644311491620e+00
5.148833030211185324e+00 -3.267974225048935644e+00
5.229283546308234776e+00 -3.263750021576885096e+00
5.309734062405285115e+00 -3.305850046421543897e+00
5.390184578502334567e+00 -3.367402397236615386e+00
5.470635094599384018e+00 -3.372078233495481303e+00
5.551085610696433470e+00 -3.322746623347662354e+00
5.631536126793483810e+00 -3.275775921926911138e+00
5.711986642890533261e+00 -3.261678745432364579e+00
5.792437158987582713e+00 -3.245802530860045998e+00
5.872887675084633052e+00 -3.227191467853587792e+00
5.953338191181682504e+00 -3.240626298261942040e+00
6.033788707278731955e+00 -3.281357642190368740e+00
6.114239223375781407e+00 -3.284528919166464167e+00
6.194689739472831747e+00 -3.252571615568218721e+00
6.275140255569881198e+00 -3.238694062009106034e+00
6.355590771666931538e+00 -3.249241280486022454e+00
6.436041287763980989e+00 -3.263286486523308216e+00
6.516491803861030441e+00 -3.281843866738837878e+00
6.596942319958079892e+00 -3.281134434836450176e+00
6.677392836055131120e+00 -3.295609488487705185e+00
6.757843352152180572e+00 -3.326359670088928855e+00
6.838293868249230023e+00 -3.351901940954838288e+00
6.918744384346279475e+00 -3.339930858588781692e+00
6.999194900443328926e+00 -3.324039312999704343e+00
7.079645416540378378e+00 -3.324213539034586162e+00
7.160095932637429605e+00 -3.305671355996554261e+00
7.240546448734479057e+00 -3.287815894943969752e+00
7.320996964831528508e+00 -3.301291237029327252e+00
7.401447480928577960e+00 -3.320563229175255593e+00
7.481897997025627411e+00 -3.320632419140098879e+00
7.562348513122678639e+00 -3.326212524539210236e+00
7.642799029219728091e+00 -3.328715730141093676e+00
7.723249545316777542e+00 -3.309876270109972207e+00
7.803700061413826994e+00 -3.322450221393362213e+00
7.884150577510876445e+00 -3.337820298608695779e+00
7.964601093607927673e+00 -3.328067182109922584e+00
8.045051609704977125e+00 -3.319242862088794599e+00
8.125502125802025688e+00 -3.341319430996928741e+00
8.205952641899076028e+00 -3.352513847260323754e+00
8.286403157996124591e+00 -3.347690029355743224e+00
8.366853674093176707e+00 -3.341908639691869798e+00
8.447304190190225270e+00 -3.356043458337249152e+00
8.527754706287275610e+00 -3.357317227613040078e+00
8.608205222384324173e+00 -3.348597818796014369e+00
8.688655738481374513e+00 -3.345709881173761779e+00
8.769106254578423076e+00 -3.353378575631186909e+00
8.849556770675475192e+00 -3.353752328283756690e+00
8.930007286772523756e+00 -3.356295310463186965e+00
9.010457802869574095e+00 -3.349958787102925051e+00
9.090908318966622659e+00 -3.354269597762521649e+00
9.171358835063672998e+00 -3.360211024395785895e+00
9.251809351160723338e+00 -3.396602492210255342e+00
9.332259867257773678e+00 -3.413797327689006789e+00
9.412710383354822241e+00 -3.415031559108492321e+00
9.493160899451872581e+00 -3.416676074211898673e+00
9.573611415548921144e+00 -3.430943365701595749e+00
9.654061931645971484e+00 -3.433415918207276540e+00
9.734512447743021823e+00 -3.456860745156143278e+00
9.814962963840072163e+00 -3.472016933315709597e+00
9.895413479937120727e+00 -3.442602011396584061e+00
9.975863996034171066e+00 -3.424912837997308390e+00
1.005631451213121963e+01 -3.430980238174881958e+00
1.013676502822827175e+01 -3.444177738199901473e+00
1.021721554432532031e+01 -3.450007337453318002e+00
1.029766606042237065e+01 -3.439439948342200459e+00
