0.000000000000000000e+00 -1.549019599857431873e-01
8.045051609704977069e-02 -2.011341391729628558e-01
1.609010321940995414e-01 -5.724898809208061046e-01
2.413515482911492982e-01 -1.479012486186809916e+00
3.218020643881990828e-01 -2.058870599484864616e+00
4.022525804852488118e-01 -2.748786496099222543e+00
4.827030965822985964e-01 -3.222450370771986705e+00
5.631536126793483810e-01 -3.435254145663348524e+00
6.436041287763981655e-01 -3.512716422242121883e+00
7.240546448734478391e-01 -3.626437305260559185e+00
8.045051609704976237e-01 -3.746113671938906542e+00
8.849556770675472972e-01 -3.797777591783534135e+00
9.654061931645971928e-01 -3.857956726995500407e+00
1.045856709261647088e+00 -3.903940549451121900e+00
1.126307225358696762e+00 -3.814633831327964852e+00
1.206757741455746435e+00 -3.785745838520982787e+00
1.287208257552796331e+00 -3.863525820583130432e+00
1.367658773649846005e+00 -3.923259925344596333e+00
1.448109289746895678e+00 -3.842347675240676441e+00
1.528559805843945352e+00 -3.691988862104058633e+00
1.609010321940995247e+00 -3.556428698026202539e+00
1.689460838038045143e+00 -3.490156015277861901e+00
1.769911354135094594e+00 -3.447920871604461812e+00
1.850361870232144490e+00 -3.367670970703469102e+00
1.930812386329194386e+00 -3.363127767777026378e+00
2.011262902426244281e+00 -3.419183934299032668e+00
2.091713418523294177e+00 -3.392112347116487125e+00
2.172163934620343628e+00 -3.304225697307511478e+00
2.252614450717393524e+00 -3.215065549213707463e+00
2.333064966814443419e+00 -3.187098998630420343e+00
2.413515482911492871e+00 -3.164678659838724428e+00
2.493965999008542767e+00 -3.175584000149956676e+00
2.574416515105592662e+00 -3.214460753134287696e+00
2.654867031202642558e+00 -3.240063540669152253e+00
2.735317547299692009e+00 -3.239634301097208624e+00
2.815768063396741905e+00 -3.226076766099425619e+00
2.896218579493791356e+00 -3.206146724734608711e+00
2.976669095590841252e+00 -3.205971604750668114e+00
3.057119611687890703e+00 -3.217530762296909597e+00
3.137570127784940599e+00 -3.262261212150931122e+00
3.218020643881990495e+00 -3.257689177525346480e+00
3.298471159979039946e+00 -3.231629040338956038e+00
3.378921676076090286e+00 -3.227934600422140754e+00
3.459372192173139737e+00 -3.224361620402167894e+00
3.539822708270189189e+00 -3.245769023477652837e+00
3.620273224367239528e+00 -3.289788925282641774e+00
3.700723740464288980e+00 -3.289370161647353186e+00
3.781174256561339320e+00 -3.234925479595804010e+00
3.861624772658388771e+00 -3.219666195497007610e+00
3.942075288755438223e+00 -3.232204048374339056e+00
4.022525804852488562e+00 -3.245009416561056348e+00
4.102976320949538014e+00 -3.259366939964601695e+00
4.183426837046588354e+00 -3.278384114113061631e+00
4.263877353143637805e+00 -3.275617918502119696e+00
4.344327869240687257e+00 -3.276235665404986896e+00
4.424778385337737596e+00 -3.282596562981104249e+00
4.505228901434787048e+00 -3.281445099972604140e+00
4.585679417531836499e+00 -3.240065586571579281e+00
4.666129933628886839e+00 -3.201501318917646444e+00
4.746580449725936290e+00 -3.218624660286152128e+00
4.827030965822985742e+00 -3.248548733923027676e+00
4.907481481920036082e+00 -3.250020296752731408e+00
4.987931998017085533e+00 -3.253326757287140936e+00
5.068382514114135873e+00 -3.249315056325781992e+00
5.148833030211185324e+00 -3.257771396128119612e+00
5.229283546308234776e+00 -3.265959785437218432e+00
5.309734062405285115e+00 -3.279618234660524934e+00
5.390184578502334567e+00 -3.279694873981966463e+00
5.470635094599384018e+00 -3.285577508819161885e+00
5.551085610696433470e+00 -3.292384200232544522e+00
5.631536126793483810e+00 -3.303628995270961877e+00
5.711986642890533261e+00 -3.306530519135973289e+00
5.792437158987582713e+00 -3.294473771356006164e+00
5.872887675084633052e+00 -3.296462880669078555e+00
5.953338191181682504e+00 -3.323959205438562492e+00
6.033788707278731955e+00 -3.333197133132220547e+00
6.114239223375781407e+00 -3.303264464393994793e+00
6.194689739472831747e+00 -3.261479211359484154e+00
6.275140255569881198e+00 -3.270164401408293120e+00
6.355590771666931538e+00 -3.326396870948008733e+00
6.436041287763980989e+00 -3.378966878179952893e+00
6.516491803861030441e+00 -3.382551587950516581e+00
6.596942319958079892e+00 -3.345513722877491603e+00
6.677392836055131120e+00 -3.302333818167842328e+00
6.757843352152180572e+00 -3.282204822876957362e+00
6.838293868249230023e+00 -3.309035572951853688e+00
6.918744384346279475e+00 -3.333761548845859402e+00
6.999194900443328926e+00 -3.336055618145023605e+00
7.079645416540378378e+00 -3.341378949009444987e+00
7.160095932637429605e+00 -3.363325226033682558e+00
7.240546448734479057e+00 -3.398529070357838133e+00
7.320996964831528508e+00 -3.368207922202744342e+00
7.401447480928577960e+00 -3.331052707999383244e+00
7.481897997025627411e+00 -3.322393226881371842e+00
7.562348513122678639e+00 -3.336224377850900424e+00
7.642799029219728091e+00 -3.354214172010281381e+00
7.723249545316777542e+00 -3.361595775430575639e+00
7.803700061413826994e+00 -3.343735584855159093e+00
7.884150577510876445e+00 -3.303054977609545251e+00
7.964601093607927673e+00 -3.287578345596392726e+00
8.045051609704977125e+00 -3.326894245963746943e+00
8.125502125802025688e+00 -3.358502274212421312e+00
8.205952641899076028e+00 -3.361663672169134642e+00
8.286403157996124591e+00 -3.346055874362422689e+00
8.366853674093176707e+00 -3.347194560616128189e+00
8.447304190190225270e+00 -3.372247054569071256e+00
8.527754706287275610e+00 -3.406386300595564798e+00
8.608205222384324173e+00 -3.416463978554924452e+00
8.688655738481374513e+00 -3.406997435782687766e+00
8.769106254578423076e+00 -3.393740062957334658e+00
8.849556770675475192e+00 -3.390791390677293737e+00
8.930007286772523756e+00 -3.382359577834638920e+00
9.010457802869574095e+00 -3.401694149670626555e+00
9.090908318966622659e+00 -3.440964178255785821e+00
9.171358835063672998e+00 -3.439383072362619753e+00
9.251809351160723338e+00 -3.430520327376606282e+00
9.332259867257773678e+00 -3.422602098697794748e+00
9.412710383354822241e+00 -3.434706031053434305e+00
9.493160899451872581e+00 -3.440969369282047108e+00
9.573611415548921144e+00 -3.440664887871033528e+00
9.654061931645971484e+00 -3.440225655318699616e+00
9.734512447743021823e+00 -3.449555103864185845e+00
9.814962963840072163e+00 -3.443845321241031154e+00
9.895413479937120727e+00 -3.447945374676092634e+00
9.975863996034171066e+00 -3.452897576381164679e+00
1.005631451213121963e+01 -3.447704049551897576e+00
1.013676502822827175e+01 -3.443942063137480414e+00
1.021721554432532031e+01 -3.439509984604517623e+00
1.029766606042237065e+01 -3.453163791057801912e+00
