0.000000000000000000e+00 -1.549019599857431873e-01
8.045051609704977069e-02 -2.089044606367054524e-01
1.609010321940995414e-01 -5.778030883710246757e-01
2.413515482911492982e-01 -1.545160770069592182e+00
3.218020643881990828e-01 -2.095288696888579771e+00
4.022525804852488118e-01 -2.695502507705739070e+00
4.827030965822985964e-01 -3.196305986029180257e+00
5.631536126793483810e-01 -3.349902615745365964e+00
6.436041287763981655e-01 -3.416098226609062483e+00
7.240546448734478391e-01 -3.605850957173521998e+00
8.045051609704976237e-01 -3.825042537491040839e+00
8.849556770675472972e-01 -3.938444186701244298e+00
9.654061931645971928e-01 -3.976103577548069534e+00
1.045856709261647088e+00 -3.912642827332993622e+00
1.126307225358696762e+00 -3.839958369412588279e+00
1.206757741455746435e+00 -3.816786885005932994e+00
1.287208257552796331e+00 -3.782120737905802610e+00
1.367658773649846005e+00 -3.750089443329106764e+00
1.448109289746895678e+00 -3.669324052732233721e+00
1.528559805843945352e+00 -3.595278029164357125e+00
1.609010321940995247e+00 -3.569816318406129341e+00
1.689460838038045143e+00 -3.559102936388866656e+00
1.769911354135094594e+00 -3.522984862073279544e+00
1.850361870232144490e+00 -3.443650164862473773e+00
1.930812386329194386e+00 -3.349285564401478066e+00
2.011262902426244281e+00 -3.300285658453728566e+00
2.091713418523294177e+00 -3.255388734073118684e+00
2.172163934620343628e+00 -3.195018750011193287e+00
2.252614450717393524e+00 -3.110136597403216019e+00
2.333064966814443419e+00 -3.059153931491759071e+00
2.413515482911492871e+00 -3.119770468202575309e+00
2.493965999008542767e+00 -3.210014228650674095e+00
2.574416515105592662e+00 -3.296434082423766565e+00
2.654867031202642558e+00 -3.355157642505919746e+00
2.735317547299692009e+00 -3.377980157965916774e+00
2.815768063396741905e+00 -3.376377817701270434e+00
2.896218579493791356e+00 -3.368276227944356105e+00
2.976669095590841252e+00 -3.338323512093283707e+00
3.057119611687890703e+00 -3.330673625988041842e+00
3.137570127784940599e+00 -3.299069877243273829e+00
3.218020643881990495e+00 -3.265232982133996043e+00
3.298471159979039946e+00 -3.220844123800405967e+00
3.378921676076090286e+00 -3.192046140503809415e+00
3.459372192173139737e+00 -3.194338949140708817e+00
3.539822708270189189e+00 -3.196543401900125314e+00
3.620273224367239528e+00 -3.195373377725313713e+00
3.700723740464288980e+00 -3.200336091673411154e+00
3.781174256561339320e+00 -3.215054639437270101e+00
3.861624772658388771e+00 -3.237616128957193418e+00
3.942075288755438223e+00 -3.233224942128303692e+00
4.022525804852488562e+00 -3.230011648069343266e+00
4.102976320949538014e+00 -3.226175952282332560e+00
4.183426837046588354e+00 -3.239497796190329293e+00
4.263877353143637805e+00 -3.239989068573832398e+00
4.344327869240687257e+00 -3.253138849794702470e+00
4.424778385337737596e+00 -3.235375820172416539e+00
4.505228901434787048e+00 -3.228774313843667532e+00
4.585679417531836499e+00 -3.252565914570012762e+00
4.666129933628886839e+00 -3.257866195946323984e+00
4.746580449725936290e+00 -3.228334563481412012e+00
4.827030965822985742e+00 -3.182049151479610316e+00
4.907481481920036082e+00 -3.158392491333635643e+00
4.987931998017085533e+00 -3.160254558348911225e+00
5.068382514114135873e+00 -3.191264375424921695e+00
5.148833030211185324e+00 -3.226183030475397562e+00
5.229283546308234776e+00 -3.232967218891959149e+00
5.309734062405285115e+00 -3.229433417333524847e+00
5.390184578502334567e+00 -3.240801737290953888e+00
5.470635094599384018e+00 -3.261375538217154535e+00
5.551085610696433470e+00 -3.257771463094589759e+00
5.631536126793483810e+00 -3.268527761284786504e+00
5.711986642890533261e+00 -3.309161397286155548e+00
5.792437158987582713e+00 -3.336945644498917396e+00
5.872887675084633052e+00 -3.317753674437834199e+00
5.953338191181682504e+00 -3.292625585070089844e+00
6.033788707278731955e+00 -3.298610695672430371e+00
6.114239223375781407e+00 -3.288358744993846283e+00
6.194689739472831747e+00 -3.283936193910330203e+00
6.275140255569881198e+00 -3.307464304114960285e+00
6.355590771666931538e+00 -3.329011091258460286e+00
6.436041287763980989e+00 -3.327092618496056975e+00
6.516491803861030441e+00 -3.301334968653772517e+00
6.596942319958079892e+00 -3.264417000262991309e+00
6.677392836055131120e+00 -3.282160236879033022e+00
6.757843352152180572e+00 -3.320244089065602644e+00
6.838293868249230023e+00 -3.331796032602196256e+00
6.918744384346279475e+00 -3.337217670674510472e+00
6.999194900443328926e+00 -3.323863490685236677e+00
7.079645416540378378e+00 -3.311293598127293958e+00
7.160095932637429605e+00 -3.305630576654268626e+00
7.240546448734479057e+00 -3.335551171546444316e+00
7.320996964831528508e+00 -3.356271778161545871e+00
7.401447480928577960e+00 -3.346227027878129423e+00
7.481897997025627411e+00 -3.319346241070532333e+00
7.562348513122678639e+00 -3.338503627277906727e+00
7.642799029219728091e+00 -3.366634876330178994e+00
7.723249545316777542e+00 -3.375767499786062498e+00
7.803700061413826994e+00 -3.368588800667351446e+00
7.884150577510876445e+00 -3.361008646121988797e+00
7.964601093607927673e+00 -3.374314879848501203e+00
8.045051609704977125e+00 -3.389661800955437787e+00
8.125502125802025688e+00 -3.387952036713812731e+00
8.205952641899076028e+00 -3.375363309538947476e+00
8.286403157996124591e+00 -3.363189713425831506e+00
8.366853674093176707e+00 -3.365010255908595038e+00
8.447304190190225270e+00 -3.388707023634423887e+00
8.527754706287275610e+00 -3.369490382074740609e+00
8.608205222384324173e+00 -3.360000451429312029e+00
8.688655738481374513e+00 -3.390004944560331523e+00
8.769106254578423076e+00 -3.409029710859024398e+00
8.849556770675475192e+00 -3.398128535561828478e+00
8.930007286772523756e+00 -3.397918190386145287e+00
9.010457802869574095e+00 -3.421807900848212292e+00
9.090908318966622659e+00 -3.422856854979662078e+00
9.171358835063672998e+00 -3.400712124011505466e+00
9.251809351160723338e+00 -3.386165239873952792e+00
9.332259867257773678e+00 -3.387830800190609004e+00
9.412710383354822241e+00 -3.397905318429937260e+00
9.493160899451872581e+00 -3.415885892813014912e+00
9.573611415548921144e+00 -3.454906966787599565e+00
9.654061931645971484e+00 -3.468113138201829315e+00
9.734512447743021823e+00 -3.445744272033619549e+00
9.814962963840072163e+00 -3.432526943401451369e+00
9.895413479937120727e+00 -3.443674827590994525e+00
9.975863996034171066e+00 -3.446733235305903253e+00
1.005631451213121963e+01 -3.449240032692343583e+00
1.013676502822827175e+01 -3.458765021019877040e+00
1.021721554432532031e+01 -3.458261375295411888e+00
1.029766606042237065e+01 -3.448204456396851469e+00
