0.000000000000000000e+00 -1.549019599857431873e-01
8.045051609704977069e-02 -2.121604921943355260e-01
1.609010321940995414e-01 -6.433092646713993723e-01
2.413515482911492982e-01 -1.772180822375633014e+00
3.218020643881990828e-01 -1.530471086569979988e+00
4.022525804852488118e-01 -1.341402870751106979e+00
4.827030965822985964e-01 -1.416166812856094692e+00
5.631536126793483810e-01 -1.681613415180652327e+00
6.436041287763981655e-01 -1.929320158473862401e+00
7.240546448734478391e-01 -2.244454407561743192e+00
8.045051609704976237e-01 -2.470119633488822686e+00
8.849556770675472972e-01 -2.556960888154666378e+00
9.654061931645971928e-01 -2.667587526934162234e+00
1.045856709261647088e+00 -2.765050712857010318e+00
1.126307225358696762e+00 -2.778570565100386247e+00
1.206757741455746435e+00 -2.827277862157475674e+00
1.287208257552796331e+00 -2.913149731727168401e+00
1.367658773649846005e+00 -2.939369218666294969e+00
1.448109289746895678e+00 -2.930998276732573959e+00
1.528559805843945352e+00 -2.900834919926333022e+00
1.609010321940995247e+00 -2.840840198669130956e+00
1.689460838038045143e+00 -2.825227537882183171e+00
1.769911354135094594e+00 -2.822767993385392860e+00
1.850361870232144490e+00 -2.760438434775803529e+00
1.930812386329194386e+00 -2.667072734656054767e+00
2.011262902426244281e+00 -2.659917675590493857e+00
2.091713418523294177e+00 -2.726877882887777549e+00
2.172163934620343628e+00 -2.743742976062717442e+00
2.252614450717393524e+00 -2.707276723295508614e+00
2.333064966814443419e+00 -2.661648483252367026e+00
2.413515482911492871e+00 -2.615041624221758010e+00
2.493965999008542767e+00 -2.609434011565410216e+00
2.574416515105592662e+00 -2.615090275138074905e+00
2.654867031202642558e+00 -2.614906411617461846e+00
2.735317547299692009e+00 -2.575602978285036482e+00
2.815768063396741905e+00 -2.571668656511664430e+00
2.896218579493791356e+00 -2.604254435758256214e+00
2.976669095590841252e+00 -2.637460777729321304e+00
3.057119611687890703e+00 -2.633828723192708221e+00
3.137570127784940599e+00 -2.634012618818275531e+00
3.218020643881990495e+00 -2.661170106121458989e+00
3.298471159979039946e+00 -2.673453399237548211e+00
3.378921676076090286e+00 -2.650425323392200827e+00
3.459372192173139737e+00 -2.629170546353721605e+00
3.539822708270189189e+00 -2.628511072362793133e+00
3.620273224367239528e+00 -2.658724807282150771e+00
3.700723740464288980e+00 -2.674381888637747284e+00
3.781174256561339320e+00 -2.688628157893473869e+00
3.861624772658388771e+00 -2.718511313877322255e+00
3.942075288755438223e+00 -2.707195454947726621e+00
4.022525804852488562e+00 -2.635173791312697134e+00
4.102976320949538014e+00 -2.593235976597002779e+00
4.183426837046588354e+00 -2.596282482295203309e+00
4.263877353143637805e+00 -2.617705251646773146e+00
4.344327869240687257e+00 -2.617951404997481468e+00
4.424778385337737596e+00 -2.630233978962058572e+00
4.505228901434787048e+00 -2.632689141415726741e+00
4.585679417531836499e+00 -2.643766809444451305e+00
4.666129933628886839e+00 -2.658675925868732026e+00
4.746580449725936290e+00 -2.678228571732089058e+00
4.827030965822985742e+00 -2.683199030767763116e+00
4.907481481920036082e+00 -2.660906778477481360e+00
4.987931998017085533e+00 -2.652649727021203052e+00
5.068382514114135873e+00 -2.689934501579875903e+00
5.148833030211185324e+00 -2.705934247772738832e+00
5.229283546308234776e+00 -2.743117656584598496e+00
5.309734062405285115e+00 -2.752053648697418087e+00
5.390184578502334567e+00 -2.721747627831183625e+00
5.470635094599384018e+00 -2.726479397828991402e+00
5.551085610696433470e+00 -2.765341830910767573e+00
5.631536126793483810e+00 -2.779991389512593170e+00
5.711986642890533261e+00 -2.743045012538303684e+00
5.792437158987582713e+00 -2.725602728643558237e+00
5.872887675084633052e+00 -2.727754471459069574e+00
5.953338191181682504e+00 -2.729375229287217319e+00
6.033788707278731955e+00 -2.723193506357056926e+00
6.114239223375781407e+00 -2.719579667481417662e+00
6.194689739472831747e+00 -2.691979554453320933e+00
6.275140255569881198e+00 -2.694546204568479819e+00
6.355590771666931538e+00 -2.704605648348448632e+00
6.436041287763980989e+00 -2.704135162048689089e+00
6.516491803861030441e+00 -2.680285274718730903e+00
6.596942319958079892e+00 -2.685148599340806630e+00
6.677392836055131120e+00 -2.704645459996641854e+00
6.757843352152180572e+00 -2.718809726000113614e+00
6.838293868249230023e+00 -2.719591143576984837e+00
6.918744384346279475e+00 -2.697569052523828503e+00
6.999194900443328926e+00 -2.716601329419636279e+00
7.079645416540378378e+00 -2.750498766434251507e+00
7.160095932637429605e+00 -2.742183091496898761e+00
7.240546448734479057e+00 -2.716962220588108767e+00
7.320996964831528508e+00 -2.700133284308958270e+00
7.401447480928577960e+00 -2.685917560651283065e+00
7.481897997025627411e+00 -2.666380502423868037e+00
7.562348513122678639e+00 -2.677928589502944323e+00
7.642799029219728091e+00 -2.726145721984468917e+00
7.723249545316777542e+00 -2.734500103735922671e+00
7.803700061413826994e+00 -2.713313517511874551e+00
7.884150577510876445e+00 -2.741606915925971943e+00
7.964601093607927673e+00 -2.771231855177707537e+00
8.045051609704977125e+00 -2.751660946512468175e+00
8.125502125802025688e+00 -2.722016771558815940e+00
8.205952641899076028e+00 -2.738260934032752392e+00
8.286403157996124591e+00 -2.773468135384384414e+00
8.366853674093176707e+00 -2.804040875871849803e+00
8.447304190190225270e+00 -2.798556072765947533e+00
8.527754706287275610e+00 -2.755372417809094365e+00
8.608205222384324173e+00 -2.749700130148972743e+00
8.688655738481374513e+00 -2.779429779444058113e+00
8.769106254578423076e+00 -2.795694511640238744e+00
8.849556770675475192e+00 -2.785229595632030541e+00
8.930007286772523756e+00 -2.740534672879600731e+00
9.010457802869574095e+00 -2.702701298655481033e+00
9.090908318966622659e+00 -2.716367147115714697e+00
9.171358835063672998e+00 -2.748865651224730922e+00
9.251809351160723338e+00 -2.766255469082878005e+00
9.332259867257773678e+00 -2.762581637608560570e+00
9.412710383354822241e+00 -2.754898803996328471e+00
9.493160899451872581e+00 -2.765502942857536173e+00
9.573611415548921144e+00 -2.784458665682382428e+00
9.654061931645971484e+00 -2.771454468463983911e+00
9.734512447743021823e+00 -2.762259220426872108e+00
9.814962963840072163e+00 -2.777698039690414067e+00
9.895413479937120727e+00 -2.785479729616207933e+00
9.975863996034171066e+00 -2.794356592887917934e+00
1.005631451213121963e+01 -2.845917120167778869e+00
1.013676502822827175e+01 -2.853319271781590061e+00
1.021721554432532031e+01 -2.844468491972231394e+00
1.029766606042237065e+01 -2.849608892957847583e+00
