0.000000000000000000e+00 -1.549019599857431873e-01
8.045051609704977069e-02 -2.048443143959594037e-01
1.609010321940995414e-01 -6.245214246324243268e-01
2.413515482911492982e-01 -1.697653245377026110e+00
3.218020643881990828e-01 -1.835901037018036641e+00
4.022525804852488118e-01 -1.793915230974615804e+00
4.827030965822985964e-01 -1.776737454036892760e+00
5.631536126793483810e-01 -1.884447710834549872e+00
6.436041287763981655e-01 -2.046798864505506188e+00
7.240546448734478391e-01 -2.246925277576255375e+00
8.045051609704976237e-01 -2.408273526357105787e+00
8.849556770675472972e-01 -2.490273748748663252e+00
9.654061931645971928e-01 -2.596450884053025376e+00
1.045856709261647088e+00 -2.726015695613042134e+00
1.126307225358696762e+00 -2.827079818505874087e+00
1.206757741455746435e+00 -2.891716491997439853e+00
1.287208257552796331e+00 -2.888725349193321357e+00
1.367658773649846005e+00 -2.874318363683005639e+00
1.448109289746895678e+00 -2.913080589728077818e+00
1.528559805843945352e+00 -2.917811340429908196e+00
1.609010321940995247e+00 -2.869215543544040514e+00
1.689460838038045143e+00 -2.863714342770384835e+00
1.769911354135094594e+00 -2.836086927321980866e+00
1.850361870232144490e+00 -2.779363612571395858e+00
1.930812386329194386e+00 -2.691137970048459671e+00
2.011262902426244281e+00 -2.611193126203143144e+00
2.091713418523294177e+00 -2.594059997993662936e+00
2.172163934620343628e+00 -2.617733398395866384e+00
2.252614450717393524e+00 -2.636102465133288941e+00
2.333064966814443419e+00 -2.625568263486431242e+00
2.413515482911492871e+00 -2.595268035198958767e+00
2.493965999008542767e+00 -2.546875680784879581e+00
2.574416515105592662e+00 -2.518294156705676468e+00
2.654867031202642558e+00 -2.549140883878720842e+00
2.735317547299692009e+00 -2.623398362474019585e+00
2.815768063396741905e+00 -2.672023925272525080e+00
2.896218579493791356e+00 -2.659626557375773803e+00
2.976669095590841252e+00 -2.645335495962546357e+00
3.057119611687890703e+00 -2.648587697878056701e+00
3.137570127784940599e+00 -2.660892784974083103e+00
3.218020643881990495e+00 -2.658793993101104203e+00
3.298471159979039946e+00 -2.613077139638734891e+00
3.378921676076090286e+00 -2.580436405070271277e+00
3.459372192173139737e+00 -2.599371132285230868e+00
3.539822708270189189e+00 -2.645374013622091347e+00
3.620273224367239528e+00 -2.630076022355838372e+00
3.700723740464288980e+00 -2.556724969195771191e+00
3.781174256561339320e+00 -2.535985780781679910e+00
3.861624772658388771e+00 -2.545779842621181288e+00
3.942075288755438223e+00 -2.556888003994135516e+00
4.022525804852488562e+00 -2.579518232909459918e+00
4.102976320949538014e+00 -2.597135741720367097e+00
4.183426837046588354e+00 -2.613714273959326206e+00
4.263877353143637805e+00 -2.620413762775691602e+00
4.344327869240687257e+00 -2.625052187057842712e+00
4.424778385337737596e+00 -2.620623707683152670e+00
4.505228901434787048e+00 -2.615100461958229872e+00
4.585679417531836499e+00 -2.618285339770283215e+00
4.666129933628886839e+00 -2.629643963595595935e+00
4.746580449725936290e+00 -2.637571961690590605e+00
4.827030965822985742e+00 -2.654659386968880597e+00
4.907481481920036082e+00 -2.696929705067021121e+00
4.987931998017085533e+00 -2.672012322596123202e+00
5.068382514114135873e+00 -2.601466075339871509e+00
5.148833030211185324e+00 -2.584883558576190676e+00
5.229283546308234776e+00 -2.639854400440154958e+00
5.309734062405285115e+00 -2.686219368729496626e+00
5.390184578502334567e+00 -2.706478036086697792e+00
5.470635094599384018e+00 -2.712937156578914877e+00
5.551085610696433470e+00 -2.720622508062313205e+00
5.631536126793483810e+00 -2.714510093023267956e+00
5.711986642890533261e+00 -2.704133334099317665e+00
5.792437158987582713e+00 -2.702467407827660484e+00
5.872887675084633052e+00 -2.687144040484044538e+00
5.953338191181682504e+00 -2.663392802977446294e+00
6.033788707278731955e+00 -2.635504582747335345e+00
6.114239223375781407e+00 -2.625855050596707763e+00
6.194689739472831747e+00 -2.648810482993344984e+00
6.275140255569881198e+00 -2.674406255874475224e+00
6.355590771666931538e+00 -2.686842148206852077e+00
6.436041287763980989e+00 -2.680143357382958946e+00
6.516491803861030441e+00 -2.678753516716867011e+00
6.596942319958079892e+00 -2.666675434264648814e+00
6.677392836055131120e+00 -2.666852615600873833e+00
6.757843352152180572e+00 -2.673879222235393982e+00
6.838293868249230023e+00 -2.689530938328200449e+00
6.918744384346279475e+00 -2.716260314519712615e+00
6.999194900443328926e+00 -2.748787955025946861e+00
7.079645416540378378e+00 -2.770625868494157373e+00
7.160095932637429605e+00 -2.774319634970978221e+00
7.240546448734479057e+00 -2.745078807276907895e+00
7.320996964831528508e+00 -2.746160164317592578e+00
7.401447480928577960e+00 -2.756836545204749633e+00
7.481897997025627411e+00 -2.777950461151101891e+00
7.562348513122678639e+00 -2.759910383290549607e+00
7.642799029219728091e+00 -2.731884322667364362e+00
7.723249545316777542e+00 -2.715426291863668240e+00
7.803700061413826994e+00 -2.716230401580248977e+00
7.884150577510876445e+00 -2.713874763764174691e+00
7.964601093607927673e+00 -2.718265471898927643e+00
8.045051609704977125e+00 -2.753209421040906602e+00
8.125502125802025688e+00 -2.771245054996398061e+00
8.205952641899076028e+00 -2.756174884880787879e+00
8.286403157996124591e+00 -2.735542725115926999e+00
8.366853674093176707e+00 -2.733287743468298281e+00
8.447304190190225270e+00 -2.743598576801838274e+00
8.527754706287275610e+00 -2.731656921239476787e+00
8.608205222384324173e+00 -2.748347946197568614e+00
8.688655738481374513e+00 -2.745603381295999679e+00
8.769106254578423076e+00 -2.734054645535394457e+00
8.849556770675475192e+00 -2.723696157688370256e+00
8.930007286772523756e+00 -2.739863671980092175e+00
9.010457802869574095e+00 -2.762259861066802991e+00
9.090908318966622659e+00 -2.790412577741875566e+00
9.171358835063672998e+00 -2.820460926646835897e+00
9.251809351160723338e+00 -2.832756219536732623e+00
9.332259867257773678e+00 -2.847504880018372209e+00
9.412710383354822241e+00 -2.841039668561433640e+00
9.493160899451872581e+00 -2.811880120492933344e+00
9.573611415548921144e+00 -2.795789629509833674e+00
9.654061931645971484e+00 -2.802347032154288708e+00
9.734512447743021823e+00 -2.804604777143944183e+00
9.814962963840072163e+00 -2.817283077351528942e+00
9.895413479937120727e+00 -2.830331071625154404e+00
9.975863996034171066e+00 -2.834388709017832131e+00
1.005631451213121963e+01 -2.854008762557199042e+00
1.013676502822827175e+01 -2.861158667840575820e+00
1.021721554432532031e+01 -2.839623267413887930e+00
1.029766606042237065e+01 -2.838470870032112625e+00
