0.000000000000000000e+00 -1.549019599857431873e-01
8.045051609704977069e-02 -2.101599920800930610e-01
1.609010321940995414e-01 -6.508410909558434154e-01
2.413515482911492982e-01 -1.849891144308023483e+00
3.218020643881990828e-01 -1.761703169862836926e+00
4.022525804852488118e-01 -1.508264919738678156e+00
4.827030965822985964e-01 -1.461819886717648398e+00
5.631536126793483810e-01 -1.614449389484234887e+00
6.436041287763981655e-01 -1.969617439175661122e+00
7.240546448734478391e-01 -2.255633794820621318e+00
8.045051609704976237e-01 -2.431954359795757803e+00
8.849556770675472972e-01 -2.511907975972999640e+00
9.654061931645971928e-01 -2.582053947762877666e+00
1.045856709261647088e+00 -2.688083224148907213e+00
1.126307225358696762e+00 -2.789728741090760078e+00
1.206757741455746435e+00 -2.848188793739335090e+00
1.287208257552796331e+00 -2.875913525915965607e+00
1.367658773649846005e+00 -2.845282653717123633e+00
1.448109289746895678e+00 -2.805432186105769166e+00
1.528559805843945352e+00 -2.799371908290994693e+00
1.609010321940995247e+00 -2.790279968481375050e+00
1.689460838038045143e+00 -2.808535115784197789e+00
1.769911354135094594e+00 -2.815456825273370711e+00
1.850361870232144490e+00 -2.794765641836038483e+00
1.930812386329194386e+00 -2.774745522439311607e+00
2.011262902426244281e+00 -2.753647407819980852e+00
2.091713418523294177e+00 -2.696932655111177191e+00
2.172163934620343628e+00 -2.675196474296766880e+00
2.252614450717393524e+00 -2.688849981474611184e+00
2.333064966814443419e+00 -2.677385310483653136e+00
2.413515482911492871e+00 -2.629640306069806144e+00
2.493965999008542767e+00 -2.576709905515858878e+00
2.574416515105592662e+00 -2.533925222990712101e+00
2.654867031202642558e+00 -2.535247958292006221e+00
2.735317547299692009e+00 -2.556101354882527765e+00
2.815768063396741905e+00 -2.583540849842803855e+00
2.896218579493791356e+00 -2.595812132374645032e+00
2.976669095590841252e+00 -2.578391330717818786e+00
3.057119611687890703e+00 -2.545062420490010524e+00
3.137570127784940599e+00 -2.553942217697778627e+00
3.218020643881990495e+00 -2.570760565501957196e+00
3.298471159979039946e+00 -2.590344073780058931e+00
3.378921676076090286e+00 -2.578211895639455520e+00
3.459372192173139737e+00 -2.579743251071523247e+00
3.539822708270189189e+00 -2.602761088317705251e+00
3.620273224367239528e+00 -2.645104921792745145e+00
3.700723740464288980e+00 -2.619991271211165262e+00
3.781174256561339320e+00 -2.595462545606306293e+00
3.861624772658388771e+00 -2.591856685090821344e+00
3.942075288755438223e+00 -2.613763246533286289e+00
4.022525804852488562e+00 -2.632012933018736511e+00
4.102976320949538014e+00 -2.638014297385595786e+00
4.183426837046588354e+00 -2.633419838188595818e+00
4.263877353143637805e+00 -2.655745357521020367e+00
4.344327869240687257e+00 -2.689280314981720821e+00
4.424778385337737596e+00 -2.702810921322457816e+00
4.505228901434787048e+00 -2.685632041244025547e+00
4.585679417531836499e+00 -2.635251914963693931e+00
4.666129933628886839e+00 -2.621919091360387366e+00
4.746580449725936290e+00 -2.633460244714172838e+00
4.827030965822985742e+00 -2.655498889480541802e+00
4.907481481920036082e+00 -2.651857827738475226e+00
4.987931998017085533e+00 -2.622675110908933682e+00
5.068382514114135873e+00 -2.597259897185890232e+00
5.148833030211185324e+00 -2.597446106518737086e+00
5.229283546308234776e+00 -2.641421660201910271e+00
5.309734062405285115e+00 -2.700916418174331035e+00
5.390184578502334567e+00 -2.729981566985035801e+00
5.470635094599384018e+00 -2.745782838311031426e+00
5.551085610696433470e+00 -2.743438642085131107e+00
5.631536126793483810e+00 -2.719385822775956640e+00
5.711986642890533261e+00 -2.716599782118227058e+00
5.792437158987582713e+00 -2.727659895953456815e+00
5.872887675084633052e+00 -2.706838242795960081e+00
5.953338191181682504e+00 -2.717323471517650635e+00
6.033788707278731955e+00 -2.736772534896245279e+00
6.114239223375781407e+00 -2.735471901481806523e+00
6.194689739472831747e+00 -2.734014102801942236e+00
6.275140255569881198e+00 -2.716693035092056174e+00
6.355590771666931538e+00 -2.724507381078196122e+00
6.436041287763980989e+00 -2.732177871433514760e+00
6.516491803861030441e+00 -2.701607163337845563e+00
6.596942319958079892e+00 -2.680164629798682085e+00
6.677392836055131120e+00 -2.705005924226258074e+00
6.757843352152180572e+00 -2.719154077884862630e+00
6.838293868249230023e+00 -2.667278298848552609e+00
6.918744384346279475e+00 -2.637357270724414615e+00
6.999194900443328926e+00 -2.672298910922202175e+00
7.079645416540378378e+00 -2.701690807009576201e+00
7.160095932637429605e+00 -2.687346959754071118e+00
7.240546448734479057e+00 -2.695789764726901350e+00
7.320996964831528508e+00 -2.721794648716373111e+00
7.401447480928577960e+00 -2.714000290938401339e+00
7.481897997025627411e+00 -2.692420353400091670e+00
7.562348513122678639e+00 -2.690726682564171579e+00
7.642799029219728091e+00 -2.704018578528090355e+00
7.723249545316777542e+00 -2.702448608245475281e+00
7.803700061413826994e+00 -2.717262363576944395e+00
7.884150577510876445e+00 -2.750938872998554885e+00
7.964601093607927673e+00 -2.768015847346377178e+00
8.045051609704977125e+00 -2.744435003089472858e+00
8.125502125802025688e+00 -2.714886526732033900e+00
8.205952641899076028e+00 -2.706349144924156125e+00
8.286403157996124591e+00 -2.737997400108679535e+00
8.366853674093176707e+00 -2.763120947911962499e+00
8.447304190190225270e+00 -2.761667858512081075e+00
8.527754706287275610e+00 -2.780699332586434647e+00
8.608205222384324173e+00 -2.819983607164491257e+00
8.688655738481374513e+00 -2.824739920418589900e+00
8.769106254578423076e+00 -2.794307079971912522e+00
8.849556770675475192e+00 -2.781612540332109251e+00
8.930007286772523756e+00 -2.785949077198898394e+00
9.010457802869574095e+00 -2.783424743461623052e+00
9.090908318966622659e+00 -2.807946005053240324e+00
9.171358835063672998e+00 -2.791502145973956850e+00
9.251809351160723338e+00 -2.752955498839420478e+00
9.332259867257773678e+00 -2.744812761273105473e+00
9.412710383354822241e+00 -2.790569676755973560e+00
9.493160899451872581e+00 -2.808970702591012891e+00
9.573611415548921144e+00 -2.783830072405296452e+00
9.654061931645971484e+00 -2.771482272762436860e+00
9.734512447743021823e+00 -2.792168441846620830e+00
9.814962963840072163e+00 -2.811885900067863986e+00
9.895413479937120727e+00 -2.828045352549244384e+00
9.975863996034171066e+00 -2.838822253816919883e+00
1.005631451213121963e+01 -2.829892969656153223e+00
1.013676502822827175e+01 -2.824738046455764540e+00
1.021721554432532031e+01 -2.823147571866469807e+00
1.029766606042237065e+01 -2.833079050708442459e+00
