0.000000000000000000e+00 -1.549019599857431873e-01
8.045051609704977069e-02 -1.970180522484912544e-01
1.609010321940995414e-01 -5.815357516682501116e-01
2.413515482911492982e-01 -1.542813275592646693e+00
3.218020643881990828e-01 -1.762223630255238538e+00
4.022525804852488118e-01 -1.451710990059607687e+00
4.827030965822985964e-01 -1.495463154892644475e+00
5.631536126793483810e-01 -1.649258498517004679e+00
6.436041287763981655e-01 -1.877870854145163415e+00
7.240546448734478391e-01 -2.054317038123222083e+00
8.045051609704976237e-01 -2.222928342244181898e+00
8.849556770675472972e-01 -2.439466226482666311e+00
9.654061931645971928e-01 -2.593990628821079891e+00
1.045856709261647088e+00 -2.717341704890352094e+00
1.126307225358696762e+00 -2.797700395382793914e+00
1.206757741455746435e+00 -2.882049257598878089e+00
1.287208257552796331e+00 -2.885866691293970554e+00
1.367658773649846005e+00 -2.894882091600274876e+00
1.448109289746895678e+00 -2.879003752848696696e+00
1.528559805843945352e+00 -2.824585967725457003e+00
1.609010321940995247e+00 -2.753506041372876467e+00
1.689460838038045143e+00 -2.764580504742378153e+00
1.769911354135094594e+00 -2.797415938695901882e+00
1.850361870232144490e+00 -2.771817172208291602e+00
1.930812386329194386e+00 -2.749532827185168227e+00
2.011262902426244281e+00 -2.764162698918880778e+00
2.091713418523294177e+00 -2.696234081926422110e+00
2.172163934620343628e+00 -2.649827595894316712e+00
2.252614450717393524e+00 -2.658099882560278182e+00
2.333064966814443419e+00 -2.700463944589919674e+00
2.413515482911492871e+00 -2.647663621882371476e+00
2.493965999008542767e+00 -2.577916256289818353e+00
2.574416515105592662e+00 -2.551833643475899915e+00
2.654867031202642558e+00 -2.567405496099628426e+00
2.735317547299692009e+00 -2.576677368902026366e+00
2.815768063396741905e+00 -2.569268562585865112e+00
2.896218579493791356e+00 -2.591024836282205257e+00
2.976669095590841252e+00 -2.600956429339456921e+00
3.057119611687890703e+00 -2.596047872631517706e+00
3.137570127784940599e+00 -2.609814211618587176e+00
3.218020643881990495e+00 -2.638997306672865584e+00
3.298471159979039946e+00 -2.650179411367236337e+00
3.378921676076090286e+00 -2.660256070386088911e+00
3.459372192173139737e+00 -2.684093908117118232e+00
3.539822708270189189e+00 -2.686014577196565334e+00
3.620273224367239528e+00 -2.663368882700839269e+00
3.700723740464288980e+00 -2.631446215328547389e+00
3.781174256561339320e+00 -2.637364757596677656e+00
3.861624772658388771e+00 -2.688611687072038681e+00
3.942075288755438223e+00 -2.714811095059634471e+00
4.022525804852488562e+00 -2.692239446545034998e+00
4.102976320949538014e+00 -2.674175343823985251e+00
4.183426837046588354e+00 -2.657891201795671510e+00
4.263877353143637805e+00 -2.633925797456605711e+00
4.344327869240687257e+00 -2.607279924022515960e+00
4.424778385337737596e+00 -2.605868241392527374e+00
4.505228901434787048e+00 -2.642423303536987511e+00
4.585679417531836499e+00 -2.665187769333523971e+00
4.666129933628886839e+00 -2.683800880357199770e+00
4.746580449725936290e+00 -2.701580698472153763e+00
4.827030965822985742e+00 -2.699262691996236807e+00
4.907481481920036082e+00 -2.666641561574520480e+00
4.987931998017085533e+00 -2.650670464342971488e+00
5.068382514114135873e+00 -2.666803727794467616e+00
5.148833030211185324e+00 -2.683525457444937423e+00
5.229283546308234776e+00 -2.679626463605421005e+00
5.309734062405285115e+00 -2.661441953194082277e+00
5.390184578502334567e+00 -2.658214965745482328e+00
5.470635094599384018e+00 -2.666337084544099678e+00
5.551085610696433470e+00 -2.665073373492705677e+00
5.631536126793483810e+00 -2.662466325520536081e+00
5.711986642890533261e+00 -2.671662189027145917e+00
5.792437158987582713e+00 -2.681608996346735108e+00
5.872887675084633052e+00 -2.705738272671248001e+00
5.953338191181682504e+00 -2.724114323282089245e+00
6.033788707278731955e+00 -2.703763589896001296e+00
6.114239223375781407e+00 -2.646436046957934440e+00
6.194689739472831747e+00 -2.613006698931720440e+00
6.275140255569881198e+00 -2.626652157710214652e+00
6.355590771666931538e+00 -2.657397268652491817e+00
6.436041287763980989e+00 -2.675955903811549685e+00
6.516491803861030441e+00 -2.655909458092656106e+00
6.596942319958079892e+00 -2.641482105323280649e+00
6.677392836055131120e+00 -2.658446660531434969e+00
6.757843352152180572e+00 -2.683619314947237822e+00
6.838293868249230023e+00 -2.696011176905170448e+00
6.918744384346279475e+00 -2.701162981717068146e+00
6.999194900443328926e+00 -2.708211457983102477e+00
7.079645416540378378e+00 -2.695550206902841861e+00
7.160095932637429605e+00 -2.680401881590116275e+00
7.240546448734479057e+00 -2.674016439141116308e+00
7.320996964831528508e+00 -2.692310295307381640e+00
7.401447480928577960e+00 -2.705506834929011006e+00
7.481897997025627411e+00 -2.735970538088490223e+00
7.562348513122678639e+00 -2.736003335081189203e+00
7.642799029219728091e+00 -2.717705638473902674e+00
7.723249545316777542e+00 -2.688572341136620469e+00
7.803700061413826994e+00 -2.667646019159627624e+00
7.884150577510876445e+00 -2.678216916900034494e+00
7.964601093607927673e+00 -2.707356198723020135e+00
8.045051609704977125e+00 -2.721721897812927171e+00
8.125502125802025688e+00 -2.724981052405067050e+00
8.205952641899076028e+00 -2.713846094554250854e+00
8.286403157996124591e+00 -2.717865235792191303e+00
8.366853674093176707e+00 -2.757916435675815237e+00
8.447304190190225270e+00 -2.784521980059705637e+00
8.527754706287275610e+00 -2.797942307354734481e+00
8.608205222384324173e+00 -2.805248361477489905e+00
8.688655738481374513e+00 -2.800376745387513910e+00
8.769106254578423076e+00 -2.795352598431441571e+00
8.849556770675475192e+00 -2.776488833852625682e+00
8.930007286772523756e+00 -2.790090548672538251e+00
9.010457802869574095e+00 -2.826404413930749371e+00
9.090908318966622659e+00 -2.834354520721480419e+00
9.171358835063672998e+00 -2.780385182425679780e+00
9.251809351160723338e+00 -2.713777764883640309e+00
9.332259867257773678e+00 -2.685460610933680492e+00
9.412710383354822241e+00 -2.722535738652791526e+00
9.493160899451872581e+00 -2.767004191157852677e+00
9.573611415548921144e+00 -2.782126969428800667e+00
9.654061931645971484e+00 -2.793068440607947789e+00
9.734512447743021823e+00 -2.800877297150503598e+00
9.814962963840072163e+00 -2.811024073598388906e+00
9.895413479937120727e+00 -2.804786480632130985e+00
9.975863996034171066e+00 -2.796495181212873327e+00
1.005631451213121963e+01 -2.787918814378954391e+00
1.013676502822827175e+01 -2.792872149887492661e+00
1.021721554432532031e+01 -2.796893531610182837e+00
1.029766606042237065e+01 -2.807989319237341963e+00
