0.000000000000000000e+00 -1.549019599857431873e-01
8.045051609704977069e-02 -1.865263922162047339e-01
1.609010321940995414e-01 -5.015891634159811430e-01
2.413515482911492982e-01 -1.485583269876717072e+00
3.218020643881990828e-01 -1.795519805927124901e+00
4.022525804852488118e-01 -1.669404456677194171e+00
4.827030965822985964e-01 -1.604857845566316499e+00
5.631536126793483810e-01 -1.661555327582255881e+00
6.436041287763981655e-01 -1.854191898529025551e+00
7.240546448734478391e-01 -2.128255603121139483e+00
8.045051609704976237e-01 -2.325129956150511212e+00
8.849556770675472972e-01 -2.452328950251771555e+00
9.654061931645971928e-01 -2.589961118692225561e+00
1.045856709261647088e+00 -2.704755315946362426e+00
1.126307225358696762e+00 -2.804032671427213241e+00
1.206757741455746435e+00 -2.880501360813723100e+00
1.287208257552796331e+00 -2.899117595201457842e+00
1.367658773649846005e+00 -2.901517712969265084e+00
1.448109289746895678e+00 -2.917277040903368146e+00
1.528559805843945352e+00 -2.937743415738911956e+00
1.609010321940995247e+00 -2.905679460184696694e+00
1.689460838038045143e+00 -2.828334245395944802e+00
1.769911354135094594e+00 -2.760863548284252733e+00
1.850361870232144490e+00 -2.744271348765071394e+00
1.930812386329194386e+00 -2.747210016009629552e+00
2.011262902426244281e+00 -2.702379716341833493e+00
2.091713418523294177e+00 -2.657116494256411166e+00
2.172163934620343628e+00 -2.650429220811800324e+00
2.252614450717393524e+00 -2.650592366951605161e+00
2.333064966814443419e+00 -2.621268968460253035e+00
2.413515482911492871e+00 -2.583096818437690345e+00
2.493965999008542767e+00 -2.555482156103965785e+00
2.574416515105592662e+00 -2.575496052717899165e+00
2.654867031202642558e+00 -2.581198787148889284e+00
2.735317547299692009e+00 -2.547700482671547473e+00
2.815768063396741905e+00 -2.525564556008449646e+00
2.896218579493791356e+00 -2.514366631407338737e+00
2.976669095590841252e+00 -2.501311238308096652e+00
3.057119611687890703e+00 -2.482733660158557232e+00
3.137570127784940599e+00 -2.499326055216287479e+00
3.218020643881990495e+00 -2.533277455526660837e+00
3.298471159979039946e+00 -2.595065544115413125e+00
3.378921676076090286e+00 -2.635726678267428458e+00
3.459372192173139737e+00 -2.628678923844721904e+00
3.539822708270189189e+00 -2.641433621867206316e+00
3.620273224367239528e+00 -2.647997664816588159e+00
3.700723740464288980e+00 -2.659300976120448468e+00
3.781174256561339320e+00 -2.658570135854255057e+00
3.861624772658388771e+00 -2.661249404864065582e+00
3.942075288755438223e+00 -2.681796076848289356e+00
4.022525804852488562e+00 -2.684332538039345462e+00
4.102976320949538014e+00 -2.653984903352546443e+00
4.183426837046588354e+00 -2.643567062196106043e+00
4.263877353143637805e+00 -2.645533561917954746e+00
4.344327869240687257e+00 -2.659619143868718005e+00
4.424778385337737596e+00 -2.646041129429864025e+00
4.505228901434787048e+00 -2.627587010550341606e+00
4.585679417531836499e+00 -2.604305772112757378e+00
4.666129933628886839e+00 -2.605207368251038158e+00
4.746580449725936290e+00 -2.616371498216109703e+00
4.827030965822985742e+00 -2.639265608748956549e+00
4.907481481920036082e+00 -2.660079792000395127e+00
4.987931998017085533e+00 -2.684684061493570084e+00
5.068382514114135873e+00 -2.701923204989212568e+00
5.148833030211185324e+00 -2.732592775121306605e+00
5.229283546308234776e+00 -2.746739566229730478e+00
5.309734062405285115e+00 -2.735188155652692021e+00
5.390184578502334567e+00 -2.705478398621757652e+00
5.470635094599384018e+00 -2.676919349592901121e+00
5.551085610696433470e+00 -2.685674541817312910e+00
5.631536126793483810e+00 -2.720567018937584347e+00
5.711986642890533261e+00 -2.742560775614316437e+00
5.792437158987582713e+00 -2.714699171056827787e+00
5.872887675084633052e+00 -2.676556014535184769e+00
5.953338191181682504e+00 -2.653472090545823558e+00
6.033788707278731955e+00 -2.662197726259066588e+00
6.114239223375781407e+00 -2.672638296463369922e+00
6.194689739472831747e+00 -2.664436233434327672e+00
6.275140255569881198e+00 -2.641153855171660680e+00
6.355590771666931538e+00 -2.639934856698699317e+00
6.436041287763980989e+00 -2.653043641180071521e+00
6.516491803861030441e+00 -2.653262276375333073e+00
6.596942319958079892e+00 -2.680574874271543617e+00
6.677392836055131120e+00 -2.715766108853427507e+00
6.757843352152180572e+00 -2.738339462918973233e+00
6.838293868249230023e+00 -2.714190334508172153e+00
6.918744384346279475e+00 -2.663167327536905216e+00
6.999194900443328926e+00 -2.635270126288423498e+00
7.079645416540378378e+00 -2.634811343886494850e+00
7.160095932637429605e+00 -2.664276724371904770e+00
7.240546448734479057e+00 -2.674789230677586449e+00
7.320996964831528508e+00 -2.671230951100321160e+00
7.401447480928577960e+00 -2.666104770512453648e+00
7.481897997025627411e+00 -2.688330659649696752e+00
7.562348513122678639e+00 -2.721494862920352364e+00
7.642799029219728091e+00 -2.740156444579449513e+00
7.723249545316777542e+00 -2.738708183976163557e+00
7.803700061413826994e+00 -2.745446963518516803e+00
7.884150577510876445e+00 -2.762933080644380812e+00
7.964601093607927673e+00 -2.762806233236161813e+00
8.045051609704977125e+00 -2.724321316800394577e+00
8.125502125802025688e+00 -2.686844314934905942e+00
8.205952641899076028e+00 -2.695251716952507870e+00
8.286403157996124591e+00 -2.716203255821091567e+00
8.366853674093176707e+00 -2.736599063164712131e+00
8.447304190190225270e+00 -2.739035563057643952e+00
8.527754706287275610e+00 -2.735667525233719921e+00
8.608205222384324173e+00 -2.738157337122447021e+00
8.688655738481374513e+00 -2.730466971611857918e+00
8.769106254578423076e+00 -2.718842463084737648e+00
8.849556770675475192e+00 -2.700222382565427459e+00
8.930007286772523756e+00 -2.692983876966193790e+00
9.010457802869574095e+00 -2.713934226223896573e+00
9.090908318966622659e+00 -2.734456139712230449e+00
9.171358835063672998e+00 -2.747553075500118513e+00
9.251809351160723338e+00 -2.746546708616864230e+00
9.332259867257773678e+00 -2.742365852761648792e+00
9.412710383354822241e+00 -2.748245609732653527e+00
9.493160899451872581e+00 -2.764503170349333683e+00
9.573611415548921144e+00 -2.776481016225648357e+00
9.654061931645971484e+00 -2.769291524534080118e+00
9.734512447743021823e+00 -2.753717585830022685e+00
9.814962963840072163e+00 -2.751764168056633153e+00
9.895413479937120727e+00 -2.770555948166641080e+00
9.975863996034171066e+00 -2.788706182405129574e+00
1.005631451213121963e+01 -2.797320491986786895e+00
1.013676502822827175e+01 -2.801338209266103885e+00
1.021721554432532031e+01 -2.793568773647743253e+00
1.029766606042237065e+01 -2.788143176227995568e+00
