0.000000000000000000e+00 -1.549019599857431873e-01
8.045051609704977069e-02 -2.100180976744871197e-01
1.609010321940995414e-01 -6.475419203657000189e-01
2.413515482911492982e-01 -1.678115020303632798e+00
3.218020643881990828e-01 -1.765361830019969602e+00
4.022525804852488118e-01 -1.782707965022723773e+00
4.827030965822985964e-01 -2.166399777531778259e+00
5.631536126793483810e-01 -2.738204990687123974e+00
6.436041287763981655e-01 -2.963036679043292931e+00
7.240546448734478391e-01 -3.020314674250776932e+00
8.045051609704976237e-01 -3.189211242403154678e+00
8.849556770675472972e-01 -3.464478672176301011e+00
9.654061931645971928e-01 -3.557800212634094628e+00
1.045856709261647088e+00 -3.503373382466847819e+00
1.126307225358696762e+00 -3.399052772594567617e+00
1.206757741455746435e+00 -3.365606082345809824e+00
1.287208257552796331e+00 -3.319532539567717322e+00
1.367658773649846005e+00 -3.255282882270167821e+00
1.448109289746895678e+00 -3.171419892224646375e+00
1.528559805843945352e+00 -3.051620461785996330e+00
1.609010321940995247e+00 -2.959960039871802451e+00
1.689460838038045143e+00 -2.948037616486872015e+00
1.769911354135094594e+00 -2.998710104836911583e+00
1.850361870232144490e+00 -3.028075347730095679e+00
1.930812386329194386e+00 -2.982624781796180180e+00
2.011262902426244281e+00 -2.927571934198418102e+00
2.091713418523294177e+00 -2.926905914824210697e+00
2.172163934620343628e+00 -2.896533621829876282e+00
2.252614450717393524e+00 -2.863194301397681052e+00
2.333064966814443419e+00 -2.902554372302204477e+00
2.413515482911492871e+00 -2.959022789599856651e+00
2.493965999008542767e+00 -3.060707911085819077e+00
2.574416515105592662e+00 -3.120697507179294838e+00
2.654867031202642558e+00 -3.134852610929285799e+00
2.735317547299692009e+00 -3.168683678711702534e+00
2.815768063396741905e+00 -3.206889548819539915e+00
2.896218579493791356e+00 -3.193735651749868065e+00
2.976669095590841252e+00 -3.197932522913587761e+00
3.057119611687890703e+00 -3.219835682870411109e+00
3.137570127784940599e+00 -3.257160484487459762e+00
3.218020643881990495e+00 -3.276940558292037675e+00
3.298471159979039946e+00 -3.273234335088700764e+00
3.378921676076090286e+00 -3.275535019668932790e+00
3.459372192173139737e+00 -3.285556943997500312e+00
3.539822708270189189e+00 -3.284565064223705200e+00
3.620273224367239528e+00 -3.263673938084167947e+00
3.700723740464288980e+00 -3.230568202965098834e+00
3.781174256561339320e+00 -3.207139571403745837e+00
3.861624772658388771e+00 -3.226574023816840775e+00
3.942075288755438223e+00 -3.242504493695590906e+00
4.022525804852488562e+00 -3.223532855346784576e+00
4.102976320949538014e+00 -3.206847003861599266e+00
4.183426837046588354e+00 -3.200863736159917483e+00
4.263877353143637805e+00 -3.197339431839995250e+00
4.344327869240687257e+00 -3.211912687824716173e+00
4.424778385337737596e+00 -3.257301926915353363e+00
4.505228901434787048e+00 -3.269384612238333876e+00
4.585679417531836499e+00 -3.266616107038674777e+00
4.666129933628886839e+00 -3.294192864622434769e+00
4.746580449725936290e+00 -3.297824276528916077e+00
4.827030965822985742e+00 -3.293467165306722677e+00
4.907481481920036082e+00 -3.260830531027730572e+00
4.987931998017085533e+00 -3.235784392473996629e+00
5.068382514114135873e+00 -3.209848269498559947e+00
5.148833030211185324e+00 -3.227840428698908415e+00
5.229283546308234776e+00 -3.241352778783986199e+00
5.309734062405285115e+00 -3.214255766379354284e+00
5.390184578502334567e+00 -3.184478561233214933e+00
5.470635094599384018e+00 -3.180672142467361851e+00
5.551085610696433470e+00 -3.200062297714630688e+00
5.631536126793483810e+00 -3.242990927170475768e+00
5.711986642890533261e+00 -3.260876348700319394e+00
5.792437158987582713e+00 -3.274786444864965507e+00
5.872887675084633052e+00 -3.315482893411909160e+00
5.953338191181682504e+00 -3.337719827148488250e+00
6.033788707278731955e+00 -3.325031810713720670e+00
6.114239223375781407e+00 -3.297255749924655976e+00
6.194689739472831747e+00 -3.285034098591189000e+00
6.275140255569881198e+00 -3.292038252803790144e+00
6.355590771666931538e+00 -3.291125771711921555e+00
6.436041287763980989e+00 -3.296686632929555216e+00
6.516491803861030441e+00 -3.321334470479766043e+00
6.596942319958079892e+00 -3.337277750593712788e+00
6.677392836055131120e+00 -3.334562834921809937e+00
6.757843352152180572e+00 -3.358651454768271982e+00
6.838293868249230023e+00 -3.374420555217254591e+00
6.918744384346279475e+00 -3.379769978313965417e+00
6.999194900443328926e+00 -3.382345489782452752e+00
7.079645416540378378e+00 -3.386883893992870487e+00
7.160095932637429605e+00 -3.391289488269429775e+00
7.240546448734479057e+00 -3.391530300069213855e+00
7.320996964831528508e+00 -3.382247540482687498e+00
7.401447480928577960e+00 -3.357316052074154733e+00
7.481897997025627411e+00 -3.359225616371356082e+00
7.562348513122678639e+00 -3.370287271512016236e+00
7.642799029219728091e+00 -3.359360078009564710e+00
7.723249545316777542e+00 -3.360391928535041650e+00
7.803700061413826994e+00 -3.368198294075586574e+00
7.884150577510876445e+00 -3.368455293827216313e+00
7.964601093607927673e+00 -3.377645360533461538e+00
8.045051609704977125e+00 -3.378547219261595735e+00
8.125502125802025688e+00 -3.362404020609546684e+00
8.205952641899076028e+00 -3.342807600133786750e+00
8.286403157996124591e+00 -3.349047009511593398e+00
8.366853674093176707e+00 -3.351473817253819210e+00
8.447304190190225270e+00 -3.346895044659608409e+00
8.527754706287275610e+00 -3.372169073336014566e+00
8.608205222384324173e+00 -3.393710491825064235e+00
8.688655738481374513e+00 -3.374482755030619341e+00
8.769106254578423076e+00 -3.355848740316636380e+00
8.849556770675475192e+00 -3.356698864568228746e+00
8.930007286772523756e+00 -3.380582106489836480e+00
9.010457802869574095e+00 -3.384132487463744177e+00
9.090908318966622659e+00 -3.384497636348781313e+00
9.171358835063672998e+00 -3.401625365256978117e+00
9.251809351160723338e+00 -3.434006909684089504e+00
9.332259867257773678e+00 -3.426670611274312161e+00
9.412710383354822241e+00 -3.408442110928495694e+00
9.493160899451872581e+00 -3.398752607306185336e+00
9.573611415548921144e+00 -3.426628903499573831e+00
9.654061931645971484e+00 -3.460359340604523215e+00
9.734512447743021823e+00 -3.470187795422880583e+00
9.814962963840072163e+00 -3.463831993876598236e+00
9.895413479937120727e+00 -3.456924390926410684e+00
9.975863996034171066e+00 -3.465125581158368107e+00
1.005631451213121963e+01 -3.476800437596197835e+00
1.013676502822827175e+01 -3.465380384120904100e+00
1.021721554432532031e+01 -3.431111586694740812e+00
1.029766606042237065e+01 -3.424094704132867761e+00
