0.000000000000000000e+00 -1.549019599857431873e-01
8.045051609704977069e-02 -1.989476241339405149e-01
1.609010321940995414e-01 -5.618058114285688909e-01
2.413515482911492982e-01 -1.847118842054444432e+00
3.218020643881990828e-01 -2.328726878454849381e+00
4.022525804852488118e-01 -2.353844579936714698e+00
4.827030965822985964e-01 -2.548577324753295237e+00
5.631536126793483810e-01 -2.865258746560307657e+00
6.436041287763981655e-01 -3.149472853426893426e+00
7.240546448734478391e-01 -3.291746414439154833e+00
8.045051609704976237e-01 -3.425743377109947918e+00
8.849556770675472972e-01 -3.457824000292418098e+00
9.654061931645971928e-01 -3.438468028319646042e+00
1.045856709261647088e+00 -3.448860946648080184e+00
1.126307225358696762e+00 -3.487716975819359799e+00
1.206757741455746435e+00 -3.465119587801142487e+00
1.287208257552796331e+00 -3.450244683972264248e+00
1.367658773649846005e+00 -3.407672158448213917e+00
1.448109289746895678e+00 -3.288936974717756367e+00
1.528559805843945352e+00 -3.213343310758967064e+00
1.609010321940995247e+00 -3.215016125586643625e+00
1.689460838038045143e+00 -3.166145862717108628e+00
1.769911354135094594e+00 -3.069883359066339246e+00
1.850361870232144490e+00 -2.981538465492207912e+00
1.930812386329194386e+00 -2.931224713676758853e+00
2.011262902426244281e+00 -2.895264595478554970e+00
2.091713418523294177e+00 -2.858016519303686831e+00
2.172163934620343628e+00 -2.880397670534045051e+00
2.252614450717393524e+00 -2.899674129535326550e+00
2.333064966814443419e+00 -2.900480791370074751e+00
2.413515482911492871e+00 -2.957475538174946461e+00
2.493965999008542767e+00 -3.032525663411217209e+00
2.574416515105592662e+00 -3.074159729192257107e+00
2.654867031202642558e+00 -3.113246233298018417e+00
2.735317547299692009e+00 -3.165396169370165769e+00
2.815768063396741905e+00 -3.196263566298495284e+00
2.896218579493791356e+00 -3.193878235475453131e+00
2.976669095590841252e+00 -3.215157385643212073e+00
3.057119611687890703e+00 -3.221574633359597595e+00
3.137570127784940599e+00 -3.227710799648273010e+00
3.218020643881990495e+00 -3.247455904606364907e+00
3.298471159979039946e+00 -3.280679474590757483e+00
3.378921676076090286e+00 -3.256145477730153726e+00
3.459372192173139737e+00 -3.214457186002518174e+00
3.539822708270189189e+00 -3.183057155101924440e+00
3.620273224367239528e+00 -3.172511833741441301e+00
3.700723740464288980e+00 -3.178518863692235019e+00
3.781174256561339320e+00 -3.222993749463032742e+00
3.861624772658388771e+00 -3.261880253150556630e+00
3.942075288755438223e+00 -3.255566660974371196e+00
4.022525804852488562e+00 -3.228456278531666612e+00
4.102976320949538014e+00 -3.205054342787869270e+00
4.183426837046588354e+00 -3.205281006126520449e+00
4.263877353143637805e+00 -3.208623280783943876e+00
4.344327869240687257e+00 -3.221806635389550255e+00
4.424778385337737596e+00 -3.233804310332526466e+00
4.505228901434787048e+00 -3.256389883510689476e+00
4.585679417531836499e+00 -3.251364968191333027e+00
4.666129933628886839e+00 -3.247990359704208796e+00
4.746580449725936290e+00 -3.242264507985541666e+00
4.827030965822985742e+00 -3.249385782463066974e+00
4.907481481920036082e+00 -3.253766404100201903e+00
4.987931998017085533e+00 -3.278999875733789260e+00
5.068382514114135873e+00 -3.293716123555163744e+00
5.148833030211185324e+00 -3.286670511503105185e+00
5.229283546308234776e+00 -3.291239147482080352e+00
5.309734062405285115e+00 -3.286963098567164288e+00
5.390184578502334567e+00 -3.266768612656649751e+00
5.470635094599384018e+00 -3.259568055768299999e+00
5.551085610696433470e+00 -3.288703870529586126e+00
5.631536126793483810e+00 -3.334930716161813802e+00
5.711986642890533261e+00 -3.334684368339842386e+00
5.792437158987582713e+00 -3.301346959280968107e+00
5.872887675084633052e+00 -3.282759380847625863e+00
5.953338191181682504e+00 -3.289674937666923427e+00
6.033788707278731955e+00 -3.289710679713133690e+00
6.114239223375781407e+00 -3.280118626577952057e+00
6.194689739472831747e+00 -3.271187188687338931e+00
6.275140255569881198e+00 -3.276608972634047934e+00
6.355590771666931538e+00 -3.274175400858340357e+00
6.436041287763980989e+00 -3.245754888708038077e+00
6.516491803861030441e+00 -3.223353702470339144e+00
6.596942319958079892e+00 -3.226857059008685802e+00
6.677392836055131120e+00 -3.246886058773094330e+00
6.757843352152180572e+00 -3.254990234622380463e+00
6.838293868249230023e+00 -3.261670900212367386e+00
6.918744384346279475e+00 -3.247893357222836119e+00
6.999194900443328926e+00 -3.244492805244450384e+00
7.079645416540378378e+00 -3.257373089956385748e+00
7.160095932637429605e+00 -3.280941005478481554e+00
7.240546448734479057e+00 -3.307685767455053938e+00
7.320996964831528508e+00 -3.330625642441910284e+00
7.401447480928577960e+00 -3.329721270144907486e+00
7.481897997025627411e+00 -3.320764544937212737e+00
7.562348513122678639e+00 -3.305052359233210613e+00
7.642799029219728091e+00 -3.302491447643669975e+00
7.723249545316777542e+00 -3.303382978729527686e+00
7.803700061413826994e+00 -3.323266997030570824e+00
7.884150577510876445e+00 -3.356113692430036100e+00
7.964601093607927673e+00 -3.371210285471669454e+00
8.045051609704977125e+00 -3.359905063760083799e+00
8.125502125802025688e+00 -3.345112652517670870e+00
8.205952641899076028e+00 -3.342972748553651563e+00
8.286403157996124591e+00 -3.320030752094909055e+00
8.366853674093176707e+00 -3.312336943190993477e+00
8.447304190190225270e+00 -3.339819432345869643e+00
8.527754706287275610e+00 -3.366436372628948348e+00
8.608205222384324173e+00 -3.352328989225737743e+00
8.688655738481374513e+00 -3.343471171723054969e+00
8.769106254578423076e+00 -3.344925720942759639e+00
8.849556770675475192e+00 -3.345431518409147209e+00
8.930007286772523756e+00 -3.334493789993199009e+00
9.010457802869574095e+00 -3.336614076158296527e+00
9.090908318966622659e+00 -3.356710974786939250e+00
9.171358835063672998e+00 -3.375371500130061708e+00
9.251809351160723338e+00 -3.383286447864801261e+00
9.332259867257773678e+00 -3.393717010133665113e+00
9.412710383354822241e+00 -3.386401855353071255e+00
9.493160899451872581e+00 -3.376627885061213696e+00
9.573611415548921144e+00 -3.376887316881580503e+00
9.654061931645971484e+00 -3.363711438066140147e+00
9.734512447743021823e+00 -3.355206021389301352e+00
9.814962963840072163e+00 -3.358912809966165369e+00
9.895413479937120727e+00 -3.351039232728689754e+00
9.975863996034171066e+00 -3.361260849007780216e+00
1.005631451213121963e+01 -3.369418764973641345e+00
1.013676502822827175e+01 -3.372393011094128923e+00
1.021721554432532031e+01 -3.398703501943244998e+00
1.029766606042237065e+01 -3.418761027571959765e+00
