0.000000000000000000e+00 -1.549019599857431873e-01
8.045051609704977069e-02 -2.113630646305938166e-01
1.609010321940995414e-01 -5.998292120088163371e-01
2.413515482911492982e-01 -1.675188298700116984e+00
3.218020643881990828e-01 -2.028606895061499049e+00
4.022525804852488118e-01 -2.111445897895178003e+00
4.827030965822985964e-01 -2.409809411074404828e+00
5.631536126793483810e-01 -2.784613801032103986e+00
6.436041287763981655e-01 -3.034963033858973702e+00
7.240546448734478391e-01 -3.176411078580424707e+00
8.045051609704976237e-01 -3.326223446264658712e+00
8.849556770675472972e-01 -3.547782985192812877e+00
9.654061931645971928e-01 -3.658558656669494979e+00
1.045856709261647088e+00 -3.607731138703523577e+00
1.126307225358696762e+00 -3.482618462414338811e+00
1.206757741455746435e+00 -3.368507258651430636e+00
1.287208257552796331e+00 -3.327419195536666763e+00
1.367658773649846005e+00 -3.330699278911429140e+00
1.448109289746895678e+00 -3.307960396193525554e+00
1.528559805843945352e+00 -3.286872829214912972e+00
1.609010321940995247e+00 -3.269599994555097311e+00
1.689460838038045143e+00 -3.209490928324826964e+00
1.769911354135094594e+00 -3.100600956535457087e+00
1.850361870232144490e+00 -2.973676087291076353e+00
1.930812386329194386e+00 -2.907867956237125462e+00
2.011262902426244281e+00 -2.909170558101725756e+00
2.091713418523294177e+00 -2.978530549048360232e+00
2.172163934620343628e+00 -3.030724437609001232e+00
2.252614450717393524e+00 -3.073729851861389584e+00
2.333064966814443419e+00 -3.102205922487126788e+00
2.413515482911492871e+00 -3.112756636529685039e+00
2.493965999008542767e+00 -3.145496674005180626e+00
2.574416515105592662e+00 -3.186539308767305290e+00
2.654867031202642558e+00 -3.215356386744439465e+00
2.735317547299692009e+00 -3.212486590920959451e+00
2.815768063396741905e+00 -3.222266958797288527e+00
2.896218579493791356e+00 -3.297595671038109355e+00
2.976669095590841252e+00 -3.415186735285302699e+00
3.057119611687890703e+00 -3.446465519406156197e+00
3.137570127784940599e+00 -3.367813941420247925e+00
3.218020643881990495e+00 -3.292605431099764779e+00
3.298471159979039946e+00 -3.299019873772761180e+00
3.378921676076090286e+00 -3.366458931354242345e+00
3.459372192173139737e+00 -3.387162261117411699e+00
3.539822708270189189e+00 -3.339903357395445749e+00
3.620273224367239528e+00 -3.291807104996143263e+00
3.700723740464288980e+00 -3.267145048337273927e+00
3.781174256561339320e+00 -3.252220219119752009e+00
3.861624772658388771e+00 -3.271833903520716902e+00
3.942075288755438223e+00 -3.281444394269157350e+00
4.022525804852488562e+00 -3.263563901945730095e+00
4.102976320949538014e+00 -3.280598846723881135e+00
4.183426837046588354e+00 -3.290349062206260111e+00
4.263877353143637805e+00 -3.270602176865093913e+00
4.344327869240687257e+00 -3.270367951366525361e+00
4.424778385337737596e+00 -3.295906982975487676e+00
4.505228901434787048e+00 -3.317234334321609523e+00
4.585679417531836499e+00 -3.320782978693145093e+00
4.666129933628886839e+00 -3.311615648131405187e+00
4.746580449725936290e+00 -3.293220903479105122e+00
4.827030965822985742e+00 -3.259228662679198862e+00
4.907481481920036082e+00 -3.224625402045378841e+00
4.987931998017085533e+00 -3.232009985735175839e+00
5.068382514114135873e+00 -3.280651280063130670e+00
5.148833030211185324e+00 -3.318318218856455282e+00
5.229283546308234776e+00 -3.331788259226075688e+00
5.309734062405285115e+00 -3.335965366914798835e+00
5.390184578502334567e+00 -3.309136220082908419e+00
5.470635094599384018e+00 -3.275088581923939479e+00
5.551085610696433470e+00 -3.291287439325028430e+00
5.631536126793483810e+00 -3.310533692382635618e+00
5.711986642890533261e+00 -3.303595134113263665e+00
5.792437158987582713e+00 -3.276982395644713275e+00
5.872887675084633052e+00 -3.270785524122715948e+00
5.953338191181682504e+00 -3.315187943677429416e+00
6.033788707278731955e+00 -3.325488575358385823e+00
6.114239223375781407e+00 -3.315510705679301395e+00
6.194689739472831747e+00 -3.305043015301952547e+00
6.275140255569881198e+00 -3.292241860051043023e+00
6.355590771666931538e+00 -3.297205197044176472e+00
6.436041287763980989e+00 -3.332758034796448054e+00
6.516491803861030441e+00 -3.348836008909162665e+00
6.596942319958079892e+00 -3.344792725008311152e+00
6.677392836055131120e+00 -3.357643965113297213e+00
6.757843352152180572e+00 -3.355193672822908812e+00
6.838293868249230023e+00 -3.318154657364070559e+00
6.918744384346279475e+00 -3.299509363859083333e+00
6.999194900443328926e+00 -3.326472090016051375e+00
7.079645416540378378e+00 -3.379997027599479065e+00
7.160095932637429605e+00 -3.378498118197072575e+00
7.240546448734479057e+00 -3.351484939355750647e+00
7.320996964831528508e+00 -3.342147508332026007e+00
7.401447480928577960e+00 -3.380107820639252303e+00
7.481897997025627411e+00 -3.404614056331834782e+00
7.562348513122678639e+00 -3.386342008643154156e+00
7.642799029219728091e+00 -3.358911927710228174e+00
7.723249545316777542e+00 -3.332341633134739300e+00
7.803700061413826994e+00 -3.294725858514347738e+00
7.884150577510876445e+00 -3.292092610201112990e+00
7.964601093607927673e+00 -3.316494319678036096e+00
8.045051609704977125e+00 -3.350932067489007959e+00
8.125502125802025688e+00 -3.351387093411430040e+00
8.205952641899076028e+00 -3.364163876483072801e+00
8.286403157996124591e+00 -3.385717156622333412e+00
8.366853674093176707e+00 -3.365768249646647892e+00
8.447304190190225270e+00 -3.361315329334046531e+00
8.527754706287275610e+00 -3.346748834684853513e+00
8.608205222384324173e+00 -3.325552062081926774e+00
8.688655738481374513e+00 -3.306540613214460578e+00
8.769106254578423076e+00 -3.322103213650960729e+00
8.849556770675475192e+00 -3.352983049295645390e+00
8.930007286772523756e+00 -3.378230658961500321e+00
9.010457802869574095e+00 -3.385583217347752694e+00
9.090908318966622659e+00 -3.389991732166575122e+00
9.171358835063672998e+00 -3.400264315719485619e+00
9.251809351160723338e+00 -3.391253832305724192e+00
9.332259867257773678e+00 -3.377135215003804092e+00
9.412710383354822241e+00 -3.377830809590009586e+00
9.493160899451872581e+00 -3.376916421561933390e+00
9.573611415548921144e+00 -3.384764690647878993e+00
9.654061931645971484e+00 -3.407232238632054155e+00
9.734512447743021823e+00 -3.415186613858620657e+00
9.814962963840072163e+00 -3.414543827612185556e+00
9.895413479937120727e+00 -3.439434943922895282e+00
9.975863996034171066e+00 -3.451699730364254481e+00
1.005631451213121963e+01 -3.422179681525654882e+00
1.013676502822827175e+01 -3.397628758447286401e+00
1.021721554432532031e+01 -3.414869378591065097e+00
1.029766606042237065e+01 -3.456672539041268699e+00
