0.000000000000000000e+00 -1.549019599857431873e-01
8.045051609704977069e-02 -2.118483727601915279e-01
1.609010321940995414e-01 -6.385320445212077090e-01
2.413515482911492982e-01 -1.529041009146437702e+00
3.218020643881990828e-01 -1.635623438580799505e+00
4.022525804852488118e-01 -1.748452285731734390e+00
4.827030965822985964e-01 -2.143960207310775967e+00
5.631536126793483810e-01 -2.629223439299541720e+00
6.436041287763981655e-01 -2.838530813701361843e+00
7.240546448734478391e-01 -2.974205697381398839e+00
8.045051609704976237e-01 -3.210914284375470107e+00
8.849556770675472972e-01 -3.364287745363820470e+00
9.654061931645971928e-01 -3.334769775632334010e+00
1.045856709261647088e+00 -3.313535848983547361e+00
1.126307225358696762e+00 -3.306805419276663383e+00
1.206757741455746435e+00 -3.250246474264669061e+00
1.287208257552796331e+00 -3.202813620712783305e+00
1.367658773649846005e+00 -3.180141873755771620e+00
1.448109289746895678e+00 -3.171246845440007345e+00
1.528559805843945352e+00 -3.153364559953942159e+00
1.609010321940995247e+00 -3.162630217949576661e+00
1.689460838038045143e+00 -3.078209767879688918e+00
1.769911354135094594e+00 -3.025133758655174088e+00
1.850361870232144490e+00 -3.015941157671470751e+00
1.930812386329194386e+00 -2.970359202485845174e+00
2.011262902426244281e+00 -2.858049988158240406e+00
2.091713418523294177e+00 -2.805612412568093017e+00
2.172163934620343628e+00 -2.851884655129932611e+00
2.252614450717393524e+00 -2.886296678616807831e+00
2.333064966814443419e+00 -2.908412028602521016e+00
2.413515482911492871e+00 -2.979771754237825032e+00
2.493965999008542767e+00 -3.091722869703837695e+00
2.574416515105592662e+00 -3.151337959507944930e+00
2.654867031202642558e+00 -3.169585293605721166e+00
2.735317547299692009e+00 -3.197971159767742044e+00
2.815768063396741905e+00 -3.269251442314883072e+00
2.896218579493791356e+00 -3.336826003500492188e+00
2.976669095590841252e+00 -3.390779356414567403e+00
3.057119611687890703e+00 -3.399499540435124700e+00
3.137570127784940599e+00 -3.378110427675966587e+00
3.218020643881990495e+00 -3.341722235872939262e+00
3.298471159979039946e+00 -3.330577674803099075e+00
3.378921676076090286e+00 -3.327448792016262313e+00
3.459372192173139737e+00 -3.306525013088365661e+00
3.539822708270189189e+00 -3.270353373610976000e+00
3.620273224367239528e+00 -3.246932228214044702e+00
3.700723740464288980e+00 -3.244872329521110377e+00
3.781174256561339320e+00 -3.238325403386168588e+00
3.861624772658388771e+00 -3.221813864446113396e+00
3.942075288755438223e+00 -3.198304027162769625e+00
4.022525804852488562e+00 -3.206237188145420358e+00
4.102976320949538014e+00 -3.215009723531992769e+00
4.183426837046588354e+00 -3.226511794239399489e+00
4.263877353143637805e+00 -3.262183899118475505e+00
4.344327869240687257e+00 -3.333053501717714528e+00
4.424778385337737596e+00 -3.377640022483324955e+00
4.505228901434787048e+00 -3.354992348832965821e+00
4.585679417531836499e+00 -3.309807858880360776e+00
4.666129933628886839e+00 -3.300527583436573487e+00
4.746580449725936290e+00 -3.293240769826776493e+00
4.827030965822985742e+00 -3.291125102278037229e+00
4.907481481920036082e+00 -3.298433788290186630e+00
4.987931998017085533e+00 -3.329825375912015772e+00
5.068382514114135873e+00 -3.348962739698823299e+00
5.148833030211185324e+00 -3.324151125740348434e+00
5.229283546308234776e+00 -3.296797486626054763e+00
5.309734062405285115e+00 -3.297363962750048394e+00
5.390184578502334567e+00 -3.322330666817967959e+00
5.470635094599384018e+00 -3.355184431627693531e+00
5.551085610696433470e+00 -3.346703048368707023e+00
5.631536126793483810e+00 -3.320869345364542813e+00
5.711986642890533261e+00 -3.295898726253064126e+00
5.792437158987582713e+00 -3.310745175271161411e+00
5.872887675084633052e+00 -3.331294498424932637e+00
5.953338191181682504e+00 -3.301634367318391661e+00
6.033788707278731955e+00 -3.255176039021825396e+00
6.114239223375781407e+00 -3.228340050978316889e+00
6.194689739472831747e+00 -3.242085086599968413e+00
6.275140255569881198e+00 -3.287468476426762543e+00
6.355590771666931538e+00 -3.322982838505263992e+00
6.436041287763980989e+00 -3.339159714928464862e+00
6.516491803861030441e+00 -3.345929163480516610e+00
6.596942319958079892e+00 -3.356349285596944121e+00
6.677392836055131120e+00 -3.348571258669468698e+00
6.757843352152180572e+00 -3.333094575695389139e+00
6.838293868249230023e+00 -3.317315225446539007e+00
6.918744384346279475e+00 -3.311922399341902690e+00
6.999194900443328926e+00 -3.337915070281432861e+00
7.079645416540378378e+00 -3.347532323954804045e+00
7.160095932637429605e+00 -3.347228359386580365e+00
7.240546448734479057e+00 -3.329362327737847238e+00
7.320996964831528508e+00 -3.328951535951319318e+00
7.401447480928577960e+00 -3.338635274643820594e+00
7.481897997025627411e+00 -3.342139123835151882e+00
7.562348513122678639e+00 -3.322762594113127577e+00
7.642799029219728091e+00 -3.300671592309342817e+00
7.723249545316777542e+00 -3.297310781555970571e+00
7.803700061413826994e+00 -3.318019320724560295e+00
7.884150577510876445e+00 -3.312419606229249691e+00
7.964601093607927673e+00 -3.319621492873126023e+00
8.045051609704977125e+00 -3.343752494749478998e+00
8.125502125802025688e+00 -3.351858694774990433e+00
8.205952641899076028e+00 -3.354857765906567479e+00
8.286403157996124591e+00 -3.365049096774431536e+00
8.366853674093176707e+00 -3.385114889817486983e+00
8.447304190190225270e+00 -3.399216650458632305e+00
8.527754706287275610e+00 -3.388986743286079406e+00
8.608205222384324173e+00 -3.368503065183133138e+00
8.688655738481374513e+00 -3.352877051268447151e+00
8.769106254578423076e+00 -3.359617138965572902e+00
8.849556770675475192e+00 -3.369712917546845432e+00
8.930007286772523756e+00 -3.362173609685306985e+00
9.010457802869574095e+00 -3.347186511085689098e+00
9.090908318966622659e+00 -3.343410668215388348e+00
9.171358835063672998e+00 -3.378190275034819390e+00
9.251809351160723338e+00 -3.430009801659329227e+00
9.332259867257773678e+00 -3.442182651505695912e+00
9.412710383354822241e+00 -3.437859820973861780e+00
9.493160899451872581e+00 -3.459893050469777798e+00
9.573611415548921144e+00 -3.462966822448853677e+00
9.654061931645971484e+00 -3.449907860318928154e+00
9.734512447743021823e+00 -3.441851877439942697e+00
9.814962963840072163e+00 -3.419061367486656788e+00
9.895413479937120727e+00 -3.409757589890453744e+00
9.975863996034171066e+00 -3.415422752945888263e+00
1.005631451213121963e+01 -3.425752036211311413e+00
1.013676502822827175e+01 -3.444079125561277266e+00
1.021721554432532031e+01 -3.443328881566456889e+00
1.029766606042237065e+01 -3.453290347913175573e+00
