0.000000000000000000e+00 -1.549019599857431873e-01
8.045051609704977069e-02 -2.049749509567998229e-01
1.609010321940995414e-01 -5.367104880299522485e-01
2.413515482911492982e-01 -1.542317968127183470e+00
3.218020643881990828e-01 -1.952929601786564051e+00
4.022525804852488118e-01 -1.920830109253884199e+00
4.827030965822985964e-01 -2.119982516462405986e+00
5.631536126793483810e-01 -2.602153982259550080e+00
6.436041287763981655e-01 -3.134577417765273211e+00
7.240546448734478391e-01 -3.230213807783200775e+00
8.045051609704976237e-01 -3.320858705536970046e+00
8.849556770675472972e-01 -3.474385096211404012e+00
9.654061931645971928e-01 -3.561025443220565467e+00
1.045856709261647088e+00 -3.509456606825404723e+00
1.126307225358696762e+00 -3.442069660226477090e+00
1.206757741455746435e+00 -3.395600741485529372e+00
1.287208257552796331e+00 -3.358072007944063575e+00
1.367658773649846005e+00 -3.326203045457598151e+00
1.448109289746895678e+00 -3.265605720064048256e+00
1.528559805843945352e+00 -3.216111326942815207e+00
1.609010321940995247e+00 -3.181133886163244995e+00
1.689460838038045143e+00 -3.120001727877137476e+00
1.769911354135094594e+00 -3.002421419506970501e+00
1.850361870232144490e+00 -2.932489289850893854e+00
1.930812386329194386e+00 -2.905307335234692090e+00
2.011262902426244281e+00 -2.883533303094656386e+00
2.091713418523294177e+00 -2.839769375724016331e+00
2.172163934620343628e+00 -2.850366970664259814e+00
2.252614450717393524e+00 -2.876564920045826312e+00
2.333064966814443419e+00 -2.892705869146865894e+00
2.413515482911492871e+00 -2.950327271085226410e+00
2.493965999008542767e+00 -3.019530966390042703e+00
2.574416515105592662e+00 -3.087708061434798257e+00
2.654867031202642558e+00 -3.100900124036520822e+00
2.735317547299692009e+00 -3.136909727623376831e+00
2.815768063396741905e+00 -3.206008424844042803e+00
2.896218579493791356e+00 -3.252259520326651998e+00
2.976669095590841252e+00 -3.303785839539396640e+00
3.057119611687890703e+00 -3.346266092651592139e+00
3.137570127784940599e+00 -3.358724430802432437e+00
3.218020643881990495e+00 -3.344804910455655200e+00
3.298471159979039946e+00 -3.305053626659576693e+00
3.378921676076090286e+00 -3.273185075874403438e+00
3.459372192173139737e+00 -3.254887853598126934e+00
3.539822708270189189e+00 -3.265693861167988210e+00
3.620273224367239528e+00 -3.280218402823294799e+00
3.700723740464288980e+00 -3.291363134402659707e+00
3.781174256561339320e+00 -3.322987252424254745e+00
3.861624772658388771e+00 -3.344919748464988629e+00
3.942075288755438223e+00 -3.346649340445989385e+00
4.022525804852488562e+00 -3.343864713041101666e+00
4.102976320949538014e+00 -3.314363449929156769e+00
4.183426837046588354e+00 -3.305112889172415080e+00
4.263877353143637805e+00 -3.307525992180544883e+00
4.344327869240687257e+00 -3.297239216808188988e+00
4.424778385337737596e+00 -3.313596073588191970e+00
4.505228901434787048e+00 -3.305656840488861548e+00
4.585679417531836499e+00 -3.290712203124908530e+00
4.666129933628886839e+00 -3.278412867386439444e+00
4.746580449725936290e+00 -3.278293125638765737e+00
4.827030965822985742e+00 -3.262381629813014161e+00
4.907481481920036082e+00 -3.232220249797655764e+00
4.987931998017085533e+00 -3.253837264153816911e+00
5.068382514114135873e+00 -3.301162251879073750e+00
5.148833030211185324e+00 -3.312814278255255207e+00
5.229283546308234776e+00 -3.318616533067198393e+00
5.309734062405285115e+00 -3.325496263741070546e+00
5.390184578502334567e+00 -3.332953836070084108e+00
5.470635094599384018e+00 -3.317752443888847047e+00
5.551085610696433470e+00 -3.287751951961401353e+00
5.631536126793483810e+00 -3.286954460873226846e+00
5.711986642890533261e+00 -3.310192829256692004e+00
5.792437158987582713e+00 -3.313211649592902486e+00
5.872887675084633052e+00 -3.290834201392734748e+00
5.953338191181682504e+00 -3.270981698327395382e+00
6.033788707278731955e+00 -3.283066452426955273e+00
6.114239223375781407e+00 -3.319553643167592050e+00
6.194689739472831747e+00 -3.341578843738116866e+00
6.275140255569881198e+00 -3.338181235965216320e+00
6.355590771666931538e+00 -3.312132120645335576e+00
6.436041287763980989e+00 -3.263385974058080397e+00
6.516491803861030441e+00 -3.230497119320762778e+00
6.596942319958079892e+00 -3.247520913078226545e+00
6.677392836055131120e+00 -3.274138103206045258e+00
6.757843352152180572e+00 -3.296351933306072457e+00
6.838293868249230023e+00 -3.293588278832487948e+00
6.918744384346279475e+00 -3.283672708716430133e+00
6.999194900443328926e+00 -3.276501087120038402e+00
7.079645416540378378e+00 -3.257244574060848219e+00
7.160095932637429605e+00 -3.261338118896059957e+00
7.240546448734479057e+00 -3.290852572163800893e+00
7.320996964831528508e+00 -3.319233074193646882e+00
7.401447480928577960e+00 -3.300957824162514154e+00
7.481897997025627411e+00 -3.296834491847238535e+00
7.562348513122678639e+00 -3.315506509792692569e+00
7.642799029219728091e+00 -3.336989295898425745e+00
7.723249545316777542e+00 -3.340163645499125700e+00
7.803700061413826994e+00 -3.353652258922561913e+00
7.884150577510876445e+00 -3.368022513390571682e+00
7.964601093607927673e+00 -3.372473551827414262e+00
8.045051609704977125e+00 -3.371517760250412721e+00
8.125502125802025688e+00 -3.355318316232983822e+00
8.205952641899076028e+00 -3.331390334637142736e+00
8.286403157996124591e+00 -3.302671612140089863e+00
8.366853674093176707e+00 -3.318056551392293496e+00
8.447304190190225270e+00 -3.332004138617023159e+00
8.527754706287275610e+00 -3.319751333270556160e+00
8.608205222384324173e+00 -3.320234603386213568e+00
8.688655738481374513e+00 -3.352782429269812514e+00
8.769106254578423076e+00 -3.369311289241217811e+00
8.849556770675475192e+00 -3.383037151882202220e+00
8.930007286772523756e+00 -3.386687149314177248e+00
9.010457802869574095e+00 -3.393317963789845404e+00
9.090908318966622659e+00 -3.394733587039388656e+00
9.171358835063672998e+00 -3.397760857053298000e+00
9.251809351160723338e+00 -3.393411102610973007e+00
9.332259867257773678e+00 -3.387869445674291935e+00
9.412710383354822241e+00 -3.385323240991048532e+00
9.493160899451872581e+00 -3.388453687145540627e+00
9.573611415548921144e+00 -3.378136006692968429e+00
9.654061931645971484e+00 -3.374799478572195977e+00
9.734512447743021823e+00 -3.379615016434900365e+00
9.814962963840072163e+00 -3.382587562536651049e+00
9.895413479937120727e+00 -3.407645117813652647e+00
9.975863996034171066e+00 -3.432994240443767442e+00
1.005631451213121963e+01 -3.435956063014325323e+00
1.013676502822827175e+01 -3.418403370977852074e+00
1.021721554432532031e+01 -3.415550740188942669e+00
1.029766606042237065e+01 -3.439916129752816243e+00
