0.000000000000000000e+00 -1.549019599857431873e-01
8.045051609704977069e-02 -3.943814212092267013e-01
1.609010321940995414e-01 -1.241539978603890315e+00
2.413515482911492982e-01 -3.539660102643848560e+00
3.218020643881990828e-01 -4.214021795933389214e+00
4.022525804852488118e-01 -4.426096254388922624e+00
4.827030965822985964e-01 -5.006737005021367537e+00
5.631536126793483810e-01 -5.698520674295092903e+00
6.436041287763981655e-01 -6.098041270337255071e+00
7.240546448734478391e-01 -6.293833415770896167e+00
8.045051609704976237e-01 -6.475022087117413783e+00
8.849556770675472972e-01 -6.635334594665689423e+00
9.654061931645971928e-01 -6.758863539459222913e+00
1.045856709261647088e+00 -6.947204859615728090e+00
1.126307225358696762e+00 -7.032488693094458121e+00
1.206757741455746435e+00 -7.002141318647066015e+00
1.287208257552796331e+00 -6.856734134446961448e+00
1.367658773649846005e+00 -6.691870539690608410e+00
1.448109289746895678e+00 -6.488581892236609860e+00
1.528559805843945352e+00 -6.320365096545514483e+00
1.609010321940995247e+00 -6.316020450689727284e+00
1.689460838038045143e+00 -6.363604472625338460e+00
1.769911354135094594e+00 -6.158332903608596531e+00
1.850361870232144490e+00 -5.843704468510941830e+00
1.930812386329194386e+00 -5.633200531832661895e+00
2.011262902426244281e+00 -5.582171803158048284e+00
2.091713418523294177e+00 -5.654150824967646649e+00
2.172163934620343628e+00 -5.806559745762042368e+00
2.252614450717393524e+00 -5.890574131580599726e+00
2.333064966814443419e+00 -5.888151708702148213e+00
2.413515482911492871e+00 -5.998500077486038862e+00
2.493965999008542767e+00 -6.199742918324716356e+00
2.574416515105592662e+00 -6.349471795888835146e+00
2.654867031202642558e+00 -6.365802351347928045e+00
2.735317547299692009e+00 -6.335466767830544299e+00
2.815768063396741905e+00 -6.312531680307619020e+00
2.896218579493791356e+00 -6.317364453988848716e+00
2.976669095590841252e+00 -6.336875207734078863e+00
3.057119611687890703e+00 -6.450186816866835038e+00
3.137570127784940599e+00 -6.527594436083863805e+00
3.218020643881990495e+00 -6.488521896538884448e+00
3.298471159979039946e+00 -6.409483193049199556e+00
3.378921676076090286e+00 -6.434759192982830278e+00
3.459372192173139737e+00 -6.494280257188778549e+00
3.539822708270189189e+00 -6.417326354674713684e+00
3.620273224367239528e+00 -6.354893490061625627e+00
3.700723740464288980e+00 -6.382796779889421401e+00
3.781174256561339320e+00 -6.453475315172152449e+00
3.861624772658388771e+00 -6.423895725514764621e+00
3.942075288755438223e+00 -6.406276403571491862e+00
4.022525804852488562e+00 -6.456807688906125442e+00
4.102976320949538014e+00 -6.492523985030926426e+00
4.183426837046588354e+00 -6.450933798957467324e+00
4.263877353143637805e+00 -6.421954858975611913e+00
4.344327869240687257e+00 -6.401483440692647520e+00
4.424778385337737596e+00 -6.378560757594982533e+00
4.505228901434787048e+00 -6.391624515373425908e+00
4.585679417531836499e+00 -6.464002407631506131e+00
4.666129933628886839e+00 -6.502669578822030338e+00
4.746580449725936290e+00 -6.552417516243155937e+00
4.827030965822985742e+00 -6.639241169883097093e+00
4.907481481920036082e+00 -6.658810585359700163e+00
4.987931998017085533e+00 -6.609030718635782620e+00
5.068382514114135873e+00 -6.621178252070109238e+00
5.148833030211185324e+00 -6.679153909182592663e+00
5.229283546308234776e+00 -6.720757492335494909e+00
5.309734062405285115e+00 -6.663069876145617521e+00
5.390184578502334567e+00 -6.629576777896065920e+00
5.470635094599384018e+00 -6.596798278103460866e+00
5.551085610696433470e+00 -6.550639163837357337e+00
5.631536126793483810e+00 -6.535180498970055929e+00
5.711986642890533261e+00 -6.519187274237550511e+00
5.792437158987582713e+00 -6.553048489020475209e+00
5.872887675084633052e+00 -6.596720472849860073e+00
5.953338191181682504e+00 -6.598737122910256936e+00
6.033788707278731955e+00 -6.557498203562508898e+00
6.114239223375781407e+00 -6.475215389114677755e+00
6.194689739472831747e+00 -6.458163845580092932e+00
6.275140255569881198e+00 -6.497664354690050104e+00
6.355590771666931538e+00 -6.565900972860402085e+00
6.436041287763980989e+00 -6.584045688535511864e+00
6.516491803861030441e+00 -6.542441387371181527e+00
6.596942319958079892e+00 -6.527751995126474860e+00
6.677392836055131120e+00 -6.533241093663188614e+00
6.757843352152180572e+00 -6.571889513599047383e+00
6.838293868249230023e+00 -6.635221000089403631e+00
6.918744384346279475e+00 -6.666667383418373838e+00
6.999194900443328926e+00 -6.683250329774593546e+00
7.079645416540378378e+00 -6.699257349428334507e+00
7.160095932637429605e+00 -6.676913486823956134e+00
7.240546448734479057e+00 -6.631637563094770371e+00
7.320996964831528508e+00 -6.627251185907237385e+00
7.401447480928577960e+00 -6.659266118657759748e+00
7.481897997025627411e+00 -6.705659282474132787e+00
7.562348513122678639e+00 -6.687776263731294080e+00
7.642799029219728091e+00 -6.668866719244840979e+00
7.723249545316777542e+00 -6.686578704888089142e+00
7.803700061413826994e+00 -6.721102764012165665e+00
7.884150577510876445e+00 -6.701059783347574239e+00
7.964601093607927673e+00 -6.648037067625562457e+00
8.045051609704977125e+00 -6.606609932858965806e+00
8.125502125802025688e+00 -6.662044387049085969e+00
8.205952641899076028e+00 -6.742282904455112913e+00
8.286403157996124591e+00 -6.801581208803871625e+00
8.366853674093176707e+00 -6.814480324959279578e+00
8.447304190190225270e+00 -6.789135699794567991e+00
8.527754706287275610e+00 -6.727727820287603855e+00
8.608205222384324173e+00 -6.697364850141884318e+00
8.688655738481374513e+00 -6.711078049499264786e+00
8.769106254578423076e+00 -6.743947536871098158e+00
8.849556770675475192e+00 -6.722510588035348178e+00
8.930007286772523756e+00 -6.737978204201677812e+00
9.010457802869574095e+00 -6.749199503852437054e+00
9.090908318966622659e+00 -6.720868743776540200e+00
9.171358835063672998e+00 -6.693716858532479996e+00
9.251809351160723338e+00 -6.671112105119608060e+00
9.332259867257773678e+00 -6.680842125529101949e+00
9.412710383354822241e+00 -6.714208623202866377e+00
9.493160899451872581e+00 -6.812931239035273201e+00
9.573611415548921144e+00 -6.872223587548549339e+00
9.654061931645971484e+00 -6.795105776204721337e+00
9.734512447743021823e+00 -6.732266758692007080e+00
9.814962963840072163e+00 -6.771247842155668550e+00
9.895413479937120727e+00 -6.811828057731347918e+00
9.975863996034171066e+00 -6.813393841819515018e+00
1.005631451213121963e+01 -6.820825351742517917e+00
1.013676502822827175e+01 -6.790245636787978434e+00
1.021721554432532031e+01 -6.775359163847211263e+00
1.029766606042237065e+01 -6.771478693538545812e+00
