0.000000000000000000e+00 -1.549019599857431873e-01
8.045051609704977069e-02 -1.924111512886983733e-01
1.609010321940995414e-01 -5.381872271125774931e-01
2.413515482911492982e-01 -1.505795638350823973e+00
3.218020643881990828e-01 -2.172432864044524958e+00
4.022525804852488118e-01 -2.472932838908105779e+00
4.827030965822985964e-01 -2.733316956184037139e+00
5.631536126793483810e-01 -2.880304623662109709e+00
6.436041287763981655e-01 -2.973235262431062509e+00
7.240546448734478391e-01 -3.129470207339374976e+00
8.045051609704976237e-01 -3.294387591593077147e+00
8.849556770675472972e-01 -3.408447414840543477e+00
9.654061931645971928e-01 -3.476468834879432368e+00
1.045856709261647088e+00 -3.508713489782757655e+00
1.126307225358696762e+00 -3.505039631215159712e+00
1.206757741455746435e+00 -3.532830600078615824e+00
1.287208257552796331e+00 -3.555335844892575370e+00
1.367658773649846005e+00 -3.540297286411915767e+00
1.448109289746895678e+00 -3.435595228508887988e+00
1.528559805843945352e+00 -3.308450217981337094e+00
1.609010321940995247e+00 -3.211746081515276074e+00
1.689460838038045143e+00 -3.155360927911562641e+00
1.769911354135094594e+00 -3.068385791836359733e+00
1.850361870232144490e+00 -2.980536792745538399e+00
1.930812386329194386e+00 -2.885483942365693721e+00
2.011262902426244281e+00 -2.851738270732335323e+00
2.091713418523294177e+00 -2.856589593263507698e+00
2.172163934620343628e+00 -2.913990413759704801e+00
2.252614450717393524e+00 -2.993691235746020141e+00
2.333064966814443419e+00 -3.063950158299785897e+00
2.413515482911492871e+00 -3.104989185562101017e+00
2.493965999008542767e+00 -3.136455313302972225e+00
2.574416515105592662e+00 -3.196519435836409073e+00
2.654867031202642558e+00 -3.250224195251496084e+00
2.735317547299692009e+00 -3.251397839739174955e+00
2.815768063396741905e+00 -3.223297237455089004e+00
2.896218579493791356e+00 -3.203229963357251187e+00
2.976669095590841252e+00 -3.171156661322572567e+00
3.057119611687890703e+00 -3.176383180247535076e+00
3.137570127784940599e+00 -3.201766934105430007e+00
3.218020643881990495e+00 -3.211368791646393994e+00
3.298471159979039946e+00 -3.221497466942395693e+00
3.378921676076090286e+00 -3.238045234576859333e+00
3.459372192173139737e+00 -3.265857795230776350e+00
3.539822708270189189e+00 -3.255403056289239760e+00
3.620273224367239528e+00 -3.207198953597376612e+00
3.700723740464288980e+00 -3.188385665288647530e+00
3.781174256561339320e+00 -3.208062799103078788e+00
3.861624772658388771e+00 -3.216341553268336373e+00
3.942075288755438223e+00 -3.218406723413993920e+00
4.022525804852488562e+00 -3.249226130839505622e+00
4.102976320949538014e+00 -3.270291195464744227e+00
4.183426837046588354e+00 -3.291733938492117595e+00
4.263877353143637805e+00 -3.311083690977458360e+00
4.344327869240687257e+00 -3.305369144962552408e+00
4.424778385337737596e+00 -3.262032916588162301e+00
4.505228901434787048e+00 -3.198039016171179583e+00
4.585679417531836499e+00 -3.174142920504329890e+00
4.666129933628886839e+00 -3.206277596268522601e+00
4.746580449725936290e+00 -3.248068393455610270e+00
4.827030965822985742e+00 -3.270409654260954646e+00
4.907481481920036082e+00 -3.289794542897437779e+00
4.987931998017085533e+00 -3.336805733599042867e+00
5.068382514114135873e+00 -3.355739572371870150e+00
5.148833030211185324e+00 -3.337752168766439542e+00
5.229283546308234776e+00 -3.301133491963923028e+00
5.309734062405285115e+00 -3.296447065747925897e+00
5.390184578502334567e+00 -3.268217647921971558e+00
5.470635094599384018e+00 -3.229293838050778298e+00
5.551085610696433470e+00 -3.228230563752061411e+00
5.631536126793483810e+00 -3.252568161894725751e+00
5.711986642890533261e+00 -3.262034986822736293e+00
5.792437158987582713e+00 -3.254459672020268091e+00
5.872887675084633052e+00 -3.251920692316741857e+00
5.953338191181682504e+00 -3.279380469113347907e+00
6.033788707278731955e+00 -3.302563801696299706e+00
6.114239223375781407e+00 -3.308661005629367047e+00
6.194689739472831747e+00 -3.315836886741747147e+00
6.275140255569881198e+00 -3.303554714987875229e+00
6.355590771666931538e+00 -3.273973708519878567e+00
6.436041287763980989e+00 -3.273683841913565651e+00
6.516491803861030441e+00 -3.269313892517982989e+00
6.596942319958079892e+00 -3.219821169610774358e+00
6.677392836055131120e+00 -3.204436583947588790e+00
6.757843352152180572e+00 -3.222582049771714363e+00
6.838293868249230023e+00 -3.262602081716199809e+00
6.918744384346279475e+00 -3.309973802966680090e+00
6.999194900443328926e+00 -3.327524185302916049e+00
7.079645416540378378e+00 -3.306053153601119288e+00
7.160095932637429605e+00 -3.277956914085025097e+00
7.240546448734479057e+00 -3.263476017699561638e+00
7.320996964831528508e+00 -3.263679415082319402e+00
7.401447480928577960e+00 -3.294708533783306414e+00
7.481897997025627411e+00 -3.329660395029146347e+00
7.562348513122678639e+00 -3.364163130689722614e+00
7.642799029219728091e+00 -3.372211974842170168e+00
7.723249545316777542e+00 -3.341628427593891448e+00
7.803700061413826994e+00 -3.323810993546454817e+00
7.884150577510876445e+00 -3.312495255170788244e+00
7.964601093607927673e+00 -3.322995321318843676e+00
8.045051609704977125e+00 -3.322589783114056061e+00
8.125502125802025688e+00 -3.331783669856711594e+00
8.205952641899076028e+00 -3.334002574535971153e+00
8.286403157996124591e+00 -3.356934601104887950e+00
8.366853674093176707e+00 -3.401490181646328992e+00
8.447304190190225270e+00 -3.400916813292028884e+00
8.527754706287275610e+00 -3.381441828279552198e+00
8.608205222384324173e+00 -3.392985193553940348e+00
8.688655738481374513e+00 -3.402979240292396845e+00
8.769106254578423076e+00 -3.386310284054335096e+00
8.849556770675475192e+00 -3.363761067333806309e+00
8.930007286772523756e+00 -3.363801269127761895e+00
9.010457802869574095e+00 -3.364512262614515414e+00
9.090908318966622659e+00 -3.367292927369931466e+00
9.171358835063672998e+00 -3.365121878621823992e+00
9.251809351160723338e+00 -3.356284779412920916e+00
9.332259867257773678e+00 -3.359926047336603716e+00
9.412710383354822241e+00 -3.374894307731170162e+00
9.493160899451872581e+00 -3.367485508244960624e+00
9.573611415548921144e+00 -3.377004724426482696e+00
9.654061931645971484e+00 -3.387718826224806357e+00
9.734512447743021823e+00 -3.401059621918653075e+00
9.814962963840072163e+00 -3.401937421531523675e+00
9.895413479937120727e+00 -3.384592454039180076e+00
9.975863996034171066e+00 -3.388563653845535040e+00
1.005631451213121963e+01 -3.397410410349769982e+00
1.013676502822827175e+01 -3.391448993708484405e+00
1.021721554432532031e+01 -3.373022871133800837e+00
1.029766606042237065e+01 -3.366196360744369898e+00
