0.000000000000000000e+00 -1.549019599857431873e-01
8.045051609704977069e-02 -1.966571197381534741e-01
1.609010321940995414e-01 -5.720204237511806733e-01
2.413515482911492982e-01 -1.510586626087306206e+00
3.218020643881990828e-01 -1.829873080363665361e+00
4.022525804852488118e-01 -1.819167035425432788e+00
4.827030965822985964e-01 -2.045755099488072659e+00
5.631536126793483810e-01 -2.585254555197308068e+00
6.436041287763981655e-01 -2.980784967508398164e+00
7.240546448734478391e-01 -3.191740544981573890e+00
8.045051609704976237e-01 -3.372813988738486035e+00
8.849556770675472972e-01 -3.494742794348329795e+00
9.654061931645971928e-01 -3.526486548233267015e+00
1.045856709261647088e+00 -3.585556153371842747e+00
1.126307225358696762e+00 -3.577030347621645401e+00
1.206757741455746435e+00 -3.531938329635186502e+00
1.287208257552796331e+00 -3.446218830128867872e+00
1.367658773649846005e+00 -3.352937444384823440e+00
1.448109289746895678e+00 -3.278232616512918973e+00
1.528559805843945352e+00 -3.234691541723508479e+00
1.609010321940995247e+00 -3.163993395867990444e+00
1.689460838038045143e+00 -3.038273098323832411e+00
1.769911354135094594e+00 -2.927522331713510617e+00
1.850361870232144490e+00 -2.860856914410760510e+00
1.930812386329194386e+00 -2.822536705331622375e+00
2.011262902426244281e+00 -2.831758721119732147e+00
2.091713418523294177e+00 -2.843114009725205893e+00
2.172163934620343628e+00 -2.923252568724370892e+00
2.252614450717393524e+00 -3.009874818888804704e+00
2.333064966814443419e+00 -3.066875025024309753e+00
2.413515482911492871e+00 -3.126973039169371305e+00
2.493965999008542767e+00 -3.195843534006773456e+00
2.574416515105592662e+00 -3.227653248214168880e+00
2.654867031202642558e+00 -3.210237631188514129e+00
2.735317547299692009e+00 -3.224515439962584384e+00
2.815768063396741905e+00 -3.275348475727130726e+00
2.896218579493791356e+00 -3.307426335201094858e+00
2.976669095590841252e+00 -3.331968158458834317e+00
3.057119611687890703e+00 -3.314487367776857152e+00
3.137570127784940599e+00 -3.303211330902378506e+00
3.218020643881990495e+00 -3.341552463712378351e+00
3.298471159979039946e+00 -3.388389621821310982e+00
3.378921676076090286e+00 -3.374410626762297749e+00
3.459372192173139737e+00 -3.341609724588185060e+00
3.539822708270189189e+00 -3.303016803148949521e+00
3.620273224367239528e+00 -3.278705909746876923e+00
3.700723740464288980e+00 -3.271139086332979229e+00
3.781174256561339320e+00 -3.251403327242085251e+00
3.861624772658388771e+00 -3.257242258882524943e+00
3.942075288755438223e+00 -3.262963065764283410e+00
4.022525804852488562e+00 -3.220941657378395107e+00
4.102976320949538014e+00 -3.200005179800278210e+00
4.183426837046588354e+00 -3.219654303116071592e+00
4.263877353143637805e+00 -3.233506852371901719e+00
4.344327869240687257e+00 -3.212730053230317129e+00
4.424778385337737596e+00 -3.195401191857878409e+00
4.505228901434787048e+00 -3.233600480151456402e+00
4.585679417531836499e+00 -3.283691409415938178e+00
4.666129933628886839e+00 -3.293542832669780207e+00
4.746580449725936290e+00 -3.274375352701084374e+00
4.827030965822985742e+00 -3.236203841487634403e+00
4.907481481920036082e+00 -3.243694146631946218e+00
4.987931998017085533e+00 -3.285838437952988578e+00
5.068382514114135873e+00 -3.306776273078065209e+00
5.148833030211185324e+00 -3.318939218205068542e+00
5.229283546308234776e+00 -3.328898943656262599e+00
5.309734062405285115e+00 -3.329001670428912707e+00
5.390184578502334567e+00 -3.296177059779583196e+00
5.470635094599384018e+00 -3.241839339182648327e+00
5.551085610696433470e+00 -3.213495137811411606e+00
5.631536126793483810e+00 -3.233409566157594561e+00
5.711986642890533261e+00 -3.294240138576234322e+00
5.792437158987582713e+00 -3.290605519209726104e+00
5.872887675084633052e+00 -3.258165089686889448e+00
5.953338191181682504e+00 -3.241466241826944206e+00
6.033788707278731955e+00 -3.235991915456524648e+00
6.114239223375781407e+00 -3.236853381595300672e+00
6.194689739472831747e+00 -3.240321691925724057e+00
6.275140255569881198e+00 -3.261090719104523750e+00
6.355590771666931538e+00 -3.304590803439258373e+00
6.436041287763980989e+00 -3.307358910315280287e+00
6.516491803861030441e+00 -3.303042706830848996e+00
6.596942319958079892e+00 -3.287752620122494029e+00
6.677392836055131120e+00 -3.261465512530423716e+00
6.757843352152180572e+00 -3.260324996986022850e+00
6.838293868249230023e+00 -3.279612947172497517e+00
6.918744384346279475e+00 -3.280923184191895103e+00
6.999194900443328926e+00 -3.276339006459578318e+00
7.079645416540378378e+00 -3.301106008088804611e+00
7.160095932637429605e+00 -3.333992999964894288e+00
7.240546448734479057e+00 -3.335556448538246510e+00
7.320996964831528508e+00 -3.303864124166370875e+00
7.401447480928577960e+00 -3.298989087408001897e+00
7.481897997025627411e+00 -3.327084535631409601e+00
7.562348513122678639e+00 -3.347963704423619458e+00
7.642799029219728091e+00 -3.334548035525333187e+00
7.723249545316777542e+00 -3.331523026044617364e+00
7.803700061413826994e+00 -3.323920061013531768e+00
7.884150577510876445e+00 -3.323491271971126704e+00
7.964601093607927673e+00 -3.325591091449846548e+00
8.045051609704977125e+00 -3.341920849835044116e+00
8.125502125802025688e+00 -3.365440796018155822e+00
8.205952641899076028e+00 -3.380722601753265888e+00
8.286403157996124591e+00 -3.401593753448940216e+00
8.366853674093176707e+00 -3.403963760597384258e+00
8.447304190190225270e+00 -3.358062176324560610e+00
8.527754706287275610e+00 -3.320962652070508891e+00
8.608205222384324173e+00 -3.330647681355259238e+00
8.688655738481374513e+00 -3.373290118143962513e+00
8.769106254578423076e+00 -3.399605715359140579e+00
8.849556770675475192e+00 -3.423562880922011331e+00
8.930007286772523756e+00 -3.436253845484687819e+00
9.010457802869574095e+00 -3.415743747677006503e+00
9.090908318966622659e+00 -3.396440313222568452e+00
9.171358835063672998e+00 -3.374404675394204745e+00
9.251809351160723338e+00 -3.340330917267768207e+00
9.332259867257773678e+00 -3.324231644427571020e+00
9.412710383354822241e+00 -3.334386130568860462e+00
9.493160899451872581e+00 -3.357997390708585606e+00
9.573611415548921144e+00 -3.369251743880127936e+00
9.654061931645971484e+00 -3.378641536310807769e+00
9.734512447743021823e+00 -3.376408111754191754e+00
9.814962963840072163e+00 -3.389811619461416736e+00
9.895413479937120727e+00 -3.397288639584871817e+00
9.975863996034171066e+00 -3.391093250667217784e+00
1.005631451213121963e+01 -3.402001448957394647e+00
1.013676502822827175e+01 -3.417060807844109593e+00
1.021721554432532031e+01 -3.411743506993007546e+00
1.029766606042237065e+01 -3.407405143015248328e+00
