0.000000000000000000e+00 -1.549019599857431873e-01
8.045051609704977069e-02 -2.112084785972025980e-01
1.609010321940995414e-01 -6.316070221865159873e-01
2.413515482911492982e-01 -1.580802487248246235e+00
3.218020643881990828e-01 -1.594361641100666915e+00
4.022525804852488118e-01 -1.591706914488988378e+00
4.827030965822985964e-01 -1.871593159958961472e+00
5.631536126793483810e-01 -2.160637923226571999e+00
6.436041287763981655e-01 -2.298548518210738134e+00
7.240546448734478391e-01 -2.416346833064584754e+00
8.045051609704976237e-01 -2.619632526013993434e+00
8.849556770675472972e-01 -2.873822892936931606e+00
9.654061931645971928e-01 -3.037011982720687620e+00
1.045856709261647088e+00 -3.125051389247543110e+00
1.126307225358696762e+00 -3.119388393485308608e+00
1.206757741455746435e+00 -3.082606445606873358e+00
1.287208257552796331e+00 -3.006670863243935177e+00
1.367658773649846005e+00 -2.960603743483759764e+00
1.448109289746895678e+00 -2.944590717506356814e+00
1.528559805843945352e+00 -2.924534815493371021e+00
1.609010321940995247e+00 -2.924677301913188643e+00
1.689460838038045143e+00 -2.906023068244299790e+00
1.769911354135094594e+00 -2.771044141885281142e+00
1.850361870232144490e+00 -2.662673956065775727e+00
1.930812386329194386e+00 -2.615157547494683321e+00
2.011262902426244281e+00 -2.616410712148656614e+00
2.091713418523294177e+00 -2.605066678349977405e+00
2.172163934620343628e+00 -2.537354263716067315e+00
2.252614450717393524e+00 -2.519836244354399568e+00
2.333064966814443419e+00 -2.571609078982684871e+00
2.413515482911492871e+00 -2.644094270957073167e+00
2.493965999008542767e+00 -2.695877734619686272e+00
2.574416515105592662e+00 -2.705024017514102486e+00
2.654867031202642558e+00 -2.774866301504454569e+00
2.735317547299692009e+00 -2.865712207796482502e+00
2.815768063396741905e+00 -2.931285362710804865e+00
2.896218579493791356e+00 -2.895579761825552101e+00
2.976669095590841252e+00 -2.843400631133949918e+00
3.057119611687890703e+00 -2.864892103050931116e+00
3.137570127784940599e+00 -2.927728264746477294e+00
3.218020643881990495e+00 -2.956852702370378339e+00
3.298471159979039946e+00 -2.946427801328037166e+00
3.378921676076090286e+00 -2.935183530935065122e+00
3.459372192173139737e+00 -2.918007082255595019e+00
3.539822708270189189e+00 -2.914058666403567255e+00
3.620273224367239528e+00 -2.874525729872813962e+00
3.700723740464288980e+00 -2.846727921809165895e+00
3.781174256561339320e+00 -2.856612023158759506e+00
3.861624772658388771e+00 -2.896581844614323220e+00
3.942075288755438223e+00 -2.903111383027721093e+00
4.022525804852488562e+00 -2.886114084655653667e+00
4.102976320949538014e+00 -2.854286354500708445e+00
4.183426837046588354e+00 -2.880696663818548942e+00
4.263877353143637805e+00 -2.927352717186649134e+00
4.344327869240687257e+00 -2.951693057803459030e+00
4.424778385337737596e+00 -2.961514157661612412e+00
4.505228901434787048e+00 -2.961827036759163256e+00
4.585679417531836499e+00 -2.962345201458287391e+00
4.666129933628886839e+00 -2.949389238593035589e+00
4.746580449725936290e+00 -2.931521528900889351e+00
4.827030965822985742e+00 -2.901291382238410321e+00
4.907481481920036082e+00 -2.878310801548865427e+00
4.987931998017085533e+00 -2.882752049272417683e+00
5.068382514114135873e+00 -2.921725897623755230e+00
5.148833030211185324e+00 -2.941120646323750254e+00
5.229283546308234776e+00 -2.945785585091831749e+00
5.309734062405285115e+00 -2.951937255429188056e+00
5.390184578502334567e+00 -2.968251776719502466e+00
5.470635094599384018e+00 -2.987822941330743998e+00
5.551085610696433470e+00 -2.987398123578860254e+00
5.631536126793483810e+00 -2.945951515667250664e+00
5.711986642890533261e+00 -2.945138073470933815e+00
5.792437158987582713e+00 -3.006596544324136477e+00
5.872887675084633052e+00 -3.033974701768454629e+00
5.953338191181682504e+00 -3.050561926131051038e+00
6.033788707278731955e+00 -3.086040263193842836e+00
6.114239223375781407e+00 -3.125184388736371943e+00
6.194689739472831747e+00 -3.110902923561657207e+00
6.275140255569881198e+00 -3.071168614251794438e+00
6.355590771666931538e+00 -3.052731898778073827e+00
6.436041287763980989e+00 -3.040862420646797126e+00
6.516491803861030441e+00 -3.024927769433484404e+00
6.596942319958079892e+00 -3.013986063961902939e+00
6.677392836055131120e+00 -3.036154833437219480e+00
6.757843352152180572e+00 -3.048456725383256405e+00
6.838293868249230023e+00 -3.057365845423043016e+00
6.918744384346279475e+00 -3.031703607972481951e+00
6.999194900443328926e+00 -3.006139867476352201e+00
7.079645416540378378e+00 -3.011182462890208633e+00
7.160095932637429605e+00 -3.039827274557176828e+00
7.240546448734479057e+00 -3.040503916658791272e+00
7.320996964831528508e+00 -3.041189022585680135e+00
7.401447480928577960e+00 -3.031619012699169780e+00
7.481897997025627411e+00 -3.018098434774024064e+00
7.562348513122678639e+00 -3.029190174812578906e+00
7.642799029219728091e+00 -3.065857785272508629e+00
7.723249545316777542e+00 -3.114974008977840381e+00
7.803700061413826994e+00 -3.129115328267193519e+00
7.884150577510876445e+00 -3.119859658058561358e+00
7.964601093607927673e+00 -3.123251327393847809e+00
8.045051609704977125e+00 -3.142953453406496234e+00
8.125502125802025688e+00 -3.137140355969484151e+00
8.205952641899076028e+00 -3.109800919948860543e+00
8.286403157996124591e+00 -3.088086592497474747e+00
8.366853674093176707e+00 -3.081065848223662140e+00
8.447304190190225270e+00 -3.084134528141468934e+00
8.527754706287275610e+00 -3.079165618826330775e+00
8.608205222384324173e+00 -3.063818954886703860e+00
8.688655738481374513e+00 -3.045111197337690090e+00
8.769106254578423076e+00 -3.055324625223622803e+00
8.849556770675475192e+00 -3.073519457737515115e+00
8.930007286772523756e+00 -3.100500937656955003e+00
9.010457802869574095e+00 -3.088765053713145914e+00
9.090908318966622659e+00 -3.096643158292453180e+00
9.171358835063672998e+00 -3.106092038610403172e+00
9.251809351160723338e+00 -3.114556440000072701e+00
9.332259867257773678e+00 -3.111500011143950140e+00
9.412710383354822241e+00 -3.123059347070023861e+00
9.493160899451872581e+00 -3.143999992025507062e+00
9.573611415548921144e+00 -3.158146970654729824e+00
9.654061931645971484e+00 -3.128640872188123812e+00
9.734512447743021823e+00 -3.090540821873960287e+00
9.814962963840072163e+00 -3.092379519449948599e+00
9.895413479937120727e+00 -3.122090571648691970e+00
9.975863996034171066e+00 -3.159058428489164960e+00
1.005631451213121963e+01 -3.160152575954410903e+00
1.013676502822827175e+01 -3.152183113926280367e+00
1.021721554432532031e+01 -3.153406979709158620e+00
1.029766606042237065e+01 -3.156309186298969838e+00
