0.000000000000000000e+00 -1.549019599857431873e-01
8.045051609704977069e-02 -2.099645351335991117e-01
1.609010321940995414e-01 -6.468258323668730769e-01
2.413515482911492982e-01 -1.896669320129906300e+00
3.218020643881990828e-01 -1.719127531290137734e+00
4.022525804852488118e-01 -1.538755964520988506e+00
4.827030965822985964e-01 -1.750172648045647428e+00
5.631536126793483810e-01 -2.251362346823927663e+00
6.436041287763981655e-01 -2.441474733418558696e+00
7.240546448734478391e-01 -2.431003949655804242e+00
8.045051609704976237e-01 -2.610189496598143144e+00
8.849556770675472972e-01 -2.920394094108389904e+00
9.654061931645971928e-01 -3.088808534478279633e+00
1.045856709261647088e+00 -3.173310964115422017e+00
1.126307225358696762e+00 -3.193068233693311164e+00
1.206757741455746435e+00 -3.176208579094409679e+00
1.287208257552796331e+00 -3.173622680539927909e+00
1.367658773649846005e+00 -3.170054282299877180e+00
1.448109289746895678e+00 -3.155735954024387890e+00
1.528559805843945352e+00 -3.156841309459915923e+00
1.609010321940995247e+00 -3.106023847051311293e+00
1.689460838038045143e+00 -3.052886750618370559e+00
1.769911354135094594e+00 -3.017679407315473128e+00
1.850361870232144490e+00 -2.948963264248793514e+00
1.930812386329194386e+00 -2.826615731753070460e+00
2.011262902426244281e+00 -2.733237222894158602e+00
2.091713418523294177e+00 -2.713960750795345600e+00
2.172163934620343628e+00 -2.683693767017263809e+00
2.252614450717393524e+00 -2.650493123363365733e+00
2.333064966814443419e+00 -2.617031727508710492e+00
2.413515482911492871e+00 -2.612000928762288066e+00
2.493965999008542767e+00 -2.630066303970643116e+00
2.574416515105592662e+00 -2.657038332203274233e+00
2.654867031202642558e+00 -2.671419292291235426e+00
2.735317547299692009e+00 -2.698485052852255262e+00
2.815768063396741905e+00 -2.730695111876619841e+00
2.896218579493791356e+00 -2.770972551681250451e+00
2.976669095590841252e+00 -2.797022904043001912e+00
3.057119611687890703e+00 -2.828130721621223032e+00
3.137570127784940599e+00 -2.885717131742365549e+00
3.218020643881990495e+00 -2.914735610986578518e+00
3.298471159979039946e+00 -2.929040067376327716e+00
3.378921676076090286e+00 -2.881501557140914382e+00
3.459372192173139737e+00 -2.843469370985959088e+00
3.539822708270189189e+00 -2.854652254902075637e+00
3.620273224367239528e+00 -2.860399104538990489e+00
3.700723740464288980e+00 -2.862776855664651343e+00
3.781174256561339320e+00 -2.885309350910953086e+00
3.861624772658388771e+00 -2.908043639265663671e+00
3.942075288755438223e+00 -2.870338560854746479e+00
4.022525804852488562e+00 -2.846486424816661476e+00
4.102976320949538014e+00 -2.872921620689017352e+00
4.183426837046588354e+00 -2.897768904708941662e+00
4.263877353143637805e+00 -2.883640494541158450e+00
4.344327869240687257e+00 -2.907637797960566761e+00
4.424778385337737596e+00 -2.956108280363859642e+00
4.505228901434787048e+00 -3.005737424088001930e+00
4.585679417531836499e+00 -3.037645636967493346e+00
4.666129933628886839e+00 -3.036569110680849892e+00
4.746580449725936290e+00 -2.997195642065570098e+00
4.827030965822985742e+00 -2.957534469652290277e+00
4.907481481920036082e+00 -2.951329600321680680e+00
4.987931998017085533e+00 -2.966623506093524654e+00
5.068382514114135873e+00 -2.970295243479314617e+00
5.148833030211185324e+00 -2.984550420283545780e+00
5.229283546308234776e+00 -2.984288329729037681e+00
5.309734062405285115e+00 -2.981845038934095804e+00
5.390184578502334567e+00 -2.984987904889069732e+00
5.470635094599384018e+00 -2.965385058779338223e+00
5.551085610696433470e+00 -2.937618800467264091e+00
5.631536126793483810e+00 -2.943888155402353934e+00
5.711986642890533261e+00 -2.981794006570510636e+00
5.792437158987582713e+00 -2.999782633716522984e+00
5.872887675084633052e+00 -2.973464203956343255e+00
5.953338191181682504e+00 -2.949245891875586167e+00
6.033788707278731955e+00 -2.962109851685867046e+00
6.114239223375781407e+00 -2.976122646078761758e+00
6.194689739472831747e+00 -2.971516889194144362e+00
6.275140255569881198e+00 -2.978532045657881433e+00
6.355590771666931538e+00 -2.999452923716502628e+00
6.436041287763980989e+00 -3.035008913031501887e+00
6.516491803861030441e+00 -3.041137533252897818e+00
6.596942319958079892e+00 -3.033207310382608046e+00
6.677392836055131120e+00 -3.015042584132434644e+00
6.757843352152180572e+00 -2.992810606971296306e+00
6.838293868249230023e+00 -2.991095068101941923e+00
6.918744384346279475e+00 -3.016079775746304481e+00
6.999194900443328926e+00 -3.039321716074269375e+00
7.079645416540378378e+00 -3.049128977084396563e+00
7.160095932637429605e+00 -3.031677304032266651e+00
7.240546448734479057e+00 -3.012576673401756278e+00
7.320996964831528508e+00 -3.013676527382375347e+00
7.401447480928577960e+00 -3.047325809891620718e+00
7.481897997025627411e+00 -3.047916529743331715e+00
7.562348513122678639e+00 -3.048405939503504136e+00
7.642799029219728091e+00 -3.040653833034902220e+00
7.723249545316777542e+00 -3.049390654080943452e+00
7.803700061413826994e+00 -3.032894722562200940e+00
7.884150577510876445e+00 -3.029068252898114988e+00
7.964601093607927673e+00 -3.043621113486213225e+00
8.045051609704977125e+00 -3.080599670308029392e+00
8.125502125802025688e+00 -3.074662889792656006e+00
8.205952641899076028e+00 -3.049992189649374463e+00
8.286403157996124591e+00 -3.035139085035707840e+00
8.366853674093176707e+00 -3.051350425916335318e+00
8.447304190190225270e+00 -3.089292570887358647e+00
8.527754706287275610e+00 -3.087838328009492095e+00
8.608205222384324173e+00 -3.080943407022356251e+00
8.688655738481374513e+00 -3.091858111357422167e+00
8.769106254578423076e+00 -3.109390901197533807e+00
8.849556770675475192e+00 -3.088842220973167407e+00
8.930007286772523756e+00 -3.048457490533013292e+00
9.010457802869574095e+00 -3.026089919703751629e+00
9.090908318966622659e+00 -3.053346651460763006e+00
9.171358835063672998e+00 -3.078264607220745575e+00
9.251809351160723338e+00 -3.068773553049762626e+00
9.332259867257773678e+00 -3.068558394205145756e+00
9.412710383354822241e+00 -3.092109395458283227e+00
9.493160899451872581e+00 -3.124155793131516035e+00
9.573611415548921144e+00 -3.150105563891806959e+00
9.654061931645971484e+00 -3.147288936927175484e+00
9.734512447743021823e+00 -3.130766756720572808e+00
9.814962963840072163e+00 -3.101510421006742568e+00
9.895413479937120727e+00 -3.104981646331480771e+00
9.975863996034171066e+00 -3.146804377498723770e+00
1.005631451213121963e+01 -3.164322635027873254e+00
1.013676502822827175e+01 -3.166257881860630174e+00
1.021721554432532031e+01 -3.150120130126026208e+00
1.029766606042237065e+01 -3.140508129936967929e+00
