0.000000000000000000e+00 -1.549019599857431873e-01
8.045051609704977069e-02 -2.053751394318245327e-01
1.609010321940995414e-01 -6.282819752132939861e-01
2.413515482911492982e-01 -1.562737841008624118e+00
3.218020643881990828e-01 -1.560192904916421819e+00
4.022525804852488118e-01 -1.453760951517996558e+00
4.827030965822985964e-01 -1.608928080966398388e+00
5.631536126793483810e-01 -2.045147441150032108e+00
6.436041287763981655e-01 -2.381798715169129110e+00
7.240546448734478391e-01 -2.619383924796879093e+00
8.045051609704976237e-01 -2.832877779345492009e+00
8.849556770675472972e-01 -2.991062529496870237e+00
9.654061931645971928e-01 -3.090083537460517782e+00
1.045856709261647088e+00 -3.149099517205463883e+00
1.126307225358696762e+00 -3.166188197379273817e+00
1.206757741455746435e+00 -3.189367498940399503e+00
1.287208257552796331e+00 -3.225636583097369670e+00
1.367658773649846005e+00 -3.199018791050600719e+00
1.448109289746895678e+00 -3.099664269483123569e+00
1.528559805843945352e+00 -2.966629429864548584e+00
1.609010321940995247e+00 -2.884642341614405581e+00
1.689460838038045143e+00 -2.923207598649136152e+00
1.769911354135094594e+00 -2.915775024732995657e+00
1.850361870232144490e+00 -2.784645147236868734e+00
1.930812386329194386e+00 -2.671617027328348382e+00
2.011262902426244281e+00 -2.671660329704686365e+00
2.091713418523294177e+00 -2.697621754864697241e+00
2.172163934620343628e+00 -2.683552302287240732e+00
2.252614450717393524e+00 -2.614075303520351223e+00
2.333064966814443419e+00 -2.566555967821857021e+00
2.413515482911492871e+00 -2.579167286959896277e+00
2.493965999008542767e+00 -2.604308325396383239e+00
2.574416515105592662e+00 -2.639139455797400391e+00
2.654867031202642558e+00 -2.674328544556937803e+00
2.735317547299692009e+00 -2.737476130531298235e+00
2.815768063396741905e+00 -2.784382024927111399e+00
2.896218579493791356e+00 -2.781179762688899881e+00
2.976669095590841252e+00 -2.779361737829123769e+00
3.057119611687890703e+00 -2.814152193146544079e+00
3.137570127784940599e+00 -2.862310559699843271e+00
3.218020643881990495e+00 -2.895838409723171747e+00
3.298471159979039946e+00 -2.907965604844624519e+00
3.378921676076090286e+00 -2.902847981875360528e+00
3.459372192173139737e+00 -2.889994241107841866e+00
3.539822708270189189e+00 -2.889080708181151369e+00
3.620273224367239528e+00 -2.925930860385507870e+00
3.700723740464288980e+00 -2.975192251875627747e+00
3.781174256561339320e+00 -2.934005138382623556e+00
3.861624772658388771e+00 -2.879498506615301601e+00
3.942075288755438223e+00 -2.866139244791617191e+00
4.022525804852488562e+00 -2.857947493427417829e+00
4.102976320949538014e+00 -2.842007937627662351e+00
4.183426837046588354e+00 -2.842880717610153152e+00
4.263877353143637805e+00 -2.867104982593401630e+00
4.344327869240687257e+00 -2.908998973987335646e+00
4.424778385337737596e+00 -2.903634123444011728e+00
4.505228901434787048e+00 -2.885995154364178195e+00
4.585679417531836499e+00 -2.926272713370800638e+00
4.666129933628886839e+00 -2.980447534033344059e+00
4.746580449725936290e+00 -3.006962209965089894e+00
4.827030965822985742e+00 -2.984703954638524337e+00
4.907481481920036082e+00 -2.987719237235597181e+00
4.987931998017085533e+00 -2.990204451809880926e+00
5.068382514114135873e+00 -2.980454850143126944e+00
5.148833030211185324e+00 -2.972309654971672099e+00
5.229283546308234776e+00 -2.979911151185280271e+00
5.309734062405285115e+00 -2.979672437131253293e+00
5.390184578502334567e+00 -2.991793014540546025e+00
5.470635094599384018e+00 -3.010958838938177173e+00
5.551085610696433470e+00 -2.994793011866351051e+00
5.631536126793483810e+00 -2.960834104572256820e+00
5.711986642890533261e+00 -2.949515152764056847e+00
5.792437158987582713e+00 -2.941570972989822952e+00
5.872887675084633052e+00 -2.942518585903191486e+00
5.953338191181682504e+00 -2.973540202355278605e+00
6.033788707278731955e+00 -3.017428800691738022e+00
6.114239223375781407e+00 -3.013396731724668598e+00
6.194689739472831747e+00 -2.985044983072894009e+00
6.275140255569881198e+00 -2.991443688937150291e+00
6.355590771666931538e+00 -3.016502485510599296e+00
6.436041287763980989e+00 -3.026540205618321711e+00
6.516491803861030441e+00 -3.033608255602983750e+00
6.596942319958079892e+00 -3.004280873145379616e+00
6.677392836055131120e+00 -3.005236319719963412e+00
6.757843352152180572e+00 -3.009322484927537289e+00
6.838293868249230023e+00 -2.983528164477401656e+00
6.918744384346279475e+00 -2.951860904976831623e+00
6.999194900443328926e+00 -2.958633936844584422e+00
7.079645416540378378e+00 -2.968687717668597958e+00
7.160095932637429605e+00 -2.970459344533079804e+00
7.240546448734479057e+00 -3.001531034342189930e+00
7.320996964831528508e+00 -3.012512997956920735e+00
7.401447480928577960e+00 -2.982429197312989277e+00
7.481897997025627411e+00 -2.977338280236675239e+00
7.562348513122678639e+00 -3.000625986061326689e+00
7.642799029219728091e+00 -3.021162926075413591e+00
7.723249545316777542e+00 -3.030558328200384732e+00
7.803700061413826994e+00 -3.060715061596869901e+00
7.884150577510876445e+00 -3.075696810721055385e+00
7.964601093607927673e+00 -3.073011310302220522e+00
8.045051609704977125e+00 -3.065150867433918069e+00
8.125502125802025688e+00 -3.046127681221613592e+00
8.205952641899076028e+00 -3.023569699490516793e+00
8.286403157996124591e+00 -3.020935363698635356e+00
8.366853674093176707e+00 -3.035422914385613513e+00
8.447304190190225270e+00 -3.012473887517376436e+00
8.527754706287275610e+00 -2.990822517687933502e+00
8.608205222384324173e+00 -3.022266409499727580e+00
8.688655738481374513e+00 -3.067892919741042057e+00
8.769106254578423076e+00 -3.110690278020349808e+00
8.849556770675475192e+00 -3.127692774626516403e+00
8.930007286772523756e+00 -3.130076705848232166e+00
9.010457802869574095e+00 -3.119647910224831122e+00
9.090908318966622659e+00 -3.106918808260913156e+00
9.171358835063672998e+00 -3.093189805099689771e+00
9.251809351160723338e+00 -3.111279565504650790e+00
9.332259867257773678e+00 -3.125321806028495963e+00
9.412710383354822241e+00 -3.136268707432508851e+00
9.493160899451872581e+00 -3.136303910999232780e+00
9.573611415548921144e+00 -3.112454212067085724e+00
9.654061931645971484e+00 -3.088542248035627935e+00
9.734512447743021823e+00 -3.089314549969222501e+00
9.814962963840072163e+00 -3.108695223265281360e+00
9.895413479937120727e+00 -3.125809539147330174e+00
9.975863996034171066e+00 -3.145663922215933717e+00
1.005631451213121963e+01 -3.166315858051944598e+00
1.013676502822827175e+01 -3.175250213562466062e+00
1.021721554432532031e+01 -3.154930765708753526e+00
1.029766606042237065e+01 -3.121188829392796737e+00
