0.000000000000000000e+00 -1.549019599857431873e-01
8.045051609704977069e-02 -1.994169487021975051e-01
1.609010321940995414e-01 -5.638229735396718123e-01
2.413515482911492982e-01 -1.487689791991782418e+00
3.218020643881990828e-01 -1.689158943619571751e+00
4.022525804852488118e-01 -1.625389632822603403e+00
4.827030965822985964e-01 -1.797086652746865854e+00
5.631536126793483810e-01 -2.159030294587364285e+00
6.436041287763981655e-01 -2.519514889778280420e+00
7.240546448734478391e-01 -2.724990215966933249e+00
8.045051609704976237e-01 -2.966549149917491857e+00
8.849556770675472972e-01 -3.141241423223803952e+00
9.654061931645971928e-01 -3.199036595603026001e+00
1.045856709261647088e+00 -3.193035050487202042e+00
1.126307225358696762e+00 -3.221050373374435782e+00
1.206757741455746435e+00 -3.221050548345925524e+00
1.287208257552796331e+00 -3.223694752451578438e+00
1.367658773649846005e+00 -3.292962742775749962e+00
1.448109289746895678e+00 -3.324087228980035835e+00
1.528559805843945352e+00 -3.235829405693924965e+00
1.609010321940995247e+00 -3.159141989133846806e+00
1.689460838038045143e+00 -3.042795349020106954e+00
1.769911354135094594e+00 -2.884256770190766872e+00
1.850361870232144490e+00 -2.781300981263716832e+00
1.930812386329194386e+00 -2.733293052548743329e+00
2.011262902426244281e+00 -2.715926057897319446e+00
2.091713418523294177e+00 -2.679893448480476170e+00
2.172163934620343628e+00 -2.653004095913971128e+00
2.252614450717393524e+00 -2.628197268885622773e+00
2.333064966814443419e+00 -2.586977800831125940e+00
2.413515482911492871e+00 -2.584573705385599496e+00
2.493965999008542767e+00 -2.629581017799855314e+00
2.574416515105592662e+00 -2.694727947067363072e+00
2.654867031202642558e+00 -2.722250161983228001e+00
2.735317547299692009e+00 -2.694828163267175114e+00
2.815768063396741905e+00 -2.696181216902805655e+00
2.896218579493791356e+00 -2.790329780566646267e+00
2.976669095590841252e+00 -2.879215348280379949e+00
3.057119611687890703e+00 -2.902889646007351665e+00
3.137570127784940599e+00 -2.916534868803872360e+00
3.218020643881990495e+00 -2.925352457768984671e+00
3.298471159979039946e+00 -2.886490461639764415e+00
3.378921676076090286e+00 -2.822469125509341481e+00
3.459372192173139737e+00 -2.791021975483761519e+00
3.539822708270189189e+00 -2.812650270697091948e+00
3.620273224367239528e+00 -2.879529520108595975e+00
3.700723740464288980e+00 -2.925422998309581413e+00
3.781174256561339320e+00 -2.923323224763529460e+00
3.861624772658388771e+00 -2.930823271840623523e+00
3.942075288755438223e+00 -2.957749779364419851e+00
4.022525804852488562e+00 -2.926951148344377529e+00
4.102976320949538014e+00 -2.887043110767196108e+00
4.183426837046588354e+00 -2.872937828691417561e+00
4.263877353143637805e+00 -2.885519543024086087e+00
4.344327869240687257e+00 -2.887734241125080370e+00
4.424778385337737596e+00 -2.900365316347464528e+00
4.505228901434787048e+00 -2.878292057450723362e+00
4.585679417531836499e+00 -2.840497235079078919e+00
4.666129933628886839e+00 -2.843981725656466786e+00
4.746580449725936290e+00 -2.867800480054147894e+00
4.827030965822985742e+00 -2.887647462130799259e+00
4.907481481920036082e+00 -2.906159791741697695e+00
4.987931998017085533e+00 -2.923654886321290114e+00
5.068382514114135873e+00 -2.937371590875688998e+00
5.148833030211185324e+00 -2.954746077025634854e+00
5.229283546308234776e+00 -2.984004852567987420e+00
5.309734062405285115e+00 -3.023424961916576059e+00
5.390184578502334567e+00 -2.984096919990227637e+00
5.470635094599384018e+00 -2.933581343237734007e+00
5.551085610696433470e+00 -2.952773946996511967e+00
5.631536126793483810e+00 -3.002044589810116459e+00
5.711986642890533261e+00 -3.006129275665361700e+00
5.792437158987582713e+00 -3.005233146231191199e+00
5.872887675084633052e+00 -3.021052963788202650e+00
5.953338191181682504e+00 -3.023623464367823033e+00
6.033788707278731955e+00 -3.004318929768518220e+00
6.114239223375781407e+00 -2.979873478152689437e+00
6.194689739472831747e+00 -2.963478613721772792e+00
6.275140255569881198e+00 -2.944665679713683648e+00
6.355590771666931538e+00 -2.957759059139269731e+00
6.436041287763980989e+00 -2.957188091751116410e+00
6.516491803861030441e+00 -2.938478469153133599e+00
6.596942319958079892e+00 -2.919942096723453506e+00
6.677392836055131120e+00 -2.939207578826095180e+00
6.757843352152180572e+00 -2.990488672360851474e+00
6.838293868249230023e+00 -3.012869484329374625e+00
6.918744384346279475e+00 -3.027504942959748480e+00
6.999194900443328926e+00 -3.035641024389865716e+00
7.079645416540378378e+00 -3.034677050871333659e+00
7.160095932637429605e+00 -3.045896908573024753e+00
7.240546448734479057e+00 -3.061006737114757570e+00
7.320996964831528508e+00 -3.047890662835747833e+00
7.401447480928577960e+00 -3.038571554193006286e+00
7.481897997025627411e+00 -3.045298802535169713e+00
7.562348513122678639e+00 -3.053599607340679700e+00
7.642799029219728091e+00 -3.064920144656947176e+00
7.723249545316777542e+00 -3.052164798088414788e+00
7.803700061413826994e+00 -3.028125546010965508e+00
7.884150577510876445e+00 -3.019916286343542033e+00
7.964601093607927673e+00 -3.023163443939962836e+00
8.045051609704977125e+00 -3.041497696842450527e+00
8.125502125802025688e+00 -3.057386476556396282e+00
8.205952641899076028e+00 -3.055168340521638992e+00
8.286403157996124591e+00 -3.051839957228124511e+00
8.366853674093176707e+00 -3.053276577919119994e+00
8.447304190190225270e+00 -3.048931370329472035e+00
8.527754706287275610e+00 -3.068718769247586575e+00
8.608205222384324173e+00 -3.102944591205735847e+00
8.688655738481374513e+00 -3.107106730242622294e+00
8.769106254578423076e+00 -3.074420829586105519e+00
8.849556770675475192e+00 -3.049507706499289927e+00
8.930007286772523756e+00 -3.049433731821260096e+00
9.010457802869574095e+00 -3.070523606027532715e+00
9.090908318966622659e+00 -3.072671130569158304e+00
9.171358835063672998e+00 -3.081787791067156057e+00
9.251809351160723338e+00 -3.097622139691115883e+00
9.332259867257773678e+00 -3.102211828230126756e+00
9.412710383354822241e+00 -3.091886254282214086e+00
9.493160899451872581e+00 -3.087688416510022904e+00
9.573611415548921144e+00 -3.087381172604704904e+00
9.654061931645971484e+00 -3.086212971076616185e+00
9.734512447743021823e+00 -3.081798979764537538e+00
9.814962963840072163e+00 -3.087851002181056348e+00
9.895413479937120727e+00 -3.099105978316424537e+00
9.975863996034171066e+00 -3.128296488048160295e+00
1.005631451213121963e+01 -3.130912369506063442e+00
1.013676502822827175e+01 -3.119636957450104831e+00
1.021721554432532031e+01 -3.116630808787306250e+00
1.029766606042237065e+01 -3.116844606604379120e+00
