0.000000000000000000e+00 -1.549019599857431873e-01
8.045051609704977069e-02 -1.862640208053608359e-01
1.609010321940995414e-01 -5.000249303927389866e-01
2.413515482911492982e-01 -1.473256450044188259e+00
3.218020643881990828e-01 -1.923952840863043079e+00
4.022525804852488118e-01 -1.812334897919631205e+00
4.827030965822985964e-01 -1.927937946786035139e+00
5.631536126793483810e-01 -2.223074659091237137e+00
6.436041287763981655e-01 -2.552374123449915988e+00
7.240546448734478391e-01 -2.777339817827628288e+00
8.045051609704976237e-01 -2.943050647445530910e+00
8.849556770675472972e-01 -3.113743726236844811e+00
9.654061931645971928e-01 -3.199651482887667875e+00
1.045856709261647088e+00 -3.221543667437292147e+00
1.126307225358696762e+00 -3.178851744572213534e+00
1.206757741455746435e+00 -3.084384062460534981e+00
1.287208257552796331e+00 -3.026997031972530117e+00
1.367658773649846005e+00 -3.052608710008695159e+00
1.448109289746895678e+00 -3.104217066706585815e+00
1.528559805843945352e+00 -3.111359018074207228e+00
1.609010321940995247e+00 -3.049019501940975374e+00
1.689460838038045143e+00 -2.966692128220034697e+00
1.769911354135094594e+00 -2.856127775833424476e+00
1.850361870232144490e+00 -2.775984625759353897e+00
1.930812386329194386e+00 -2.736236191115024585e+00
2.011262902426244281e+00 -2.738815226376740242e+00
2.091713418523294177e+00 -2.762571408212469493e+00
2.172163934620343628e+00 -2.701337135293389480e+00
2.252614450717393524e+00 -2.642416995783756217e+00
2.333064966814443419e+00 -2.595566220070564256e+00
2.413515482911492871e+00 -2.619968416948802226e+00
2.493965999008542767e+00 -2.677650172665790418e+00
2.574416515105592662e+00 -2.698553704850621848e+00
2.654867031202642558e+00 -2.674257332988551283e+00
2.735317547299692009e+00 -2.662609107602476932e+00
2.815768063396741905e+00 -2.712591537666601216e+00
2.896218579493791356e+00 -2.790459647451528191e+00
2.976669095590841252e+00 -2.835400329694142130e+00
3.057119611687890703e+00 -2.859420382844084507e+00
3.137570127784940599e+00 -2.884247932157634864e+00
3.218020643881990495e+00 -2.899806874149092994e+00
3.298471159979039946e+00 -2.913940857437588683e+00
3.378921676076090286e+00 -2.930091497279248891e+00
3.459372192173139737e+00 -2.943248738902909167e+00
3.539822708270189189e+00 -2.956084390337336387e+00
3.620273224367239528e+00 -2.938700797078814819e+00
3.700723740464288980e+00 -2.905034634470029964e+00
3.781174256561339320e+00 -2.896859938068741425e+00
3.861624772658388771e+00 -2.888557711455523869e+00
3.942075288755438223e+00 -2.872967210309874009e+00
4.022525804852488562e+00 -2.866941361907446417e+00
4.102976320949538014e+00 -2.872950339646459739e+00
4.183426837046588354e+00 -2.857112783014404744e+00
4.263877353143637805e+00 -2.857382048049279089e+00
4.344327869240687257e+00 -2.894349868824921401e+00
4.424778385337737596e+00 -2.935784420892943558e+00
4.505228901434787048e+00 -2.949613893499678952e+00
4.585679417531836499e+00 -2.961282897333272324e+00
4.666129933628886839e+00 -2.967816425899825195e+00
4.746580449725936290e+00 -2.998014931822538642e+00
4.827030965822985742e+00 -3.028953697779730891e+00
4.907481481920036082e+00 -3.041556666721746183e+00
4.987931998017085533e+00 -3.026895033403043556e+00
5.068382514114135873e+00 -3.013476840507698817e+00
5.148833030211185324e+00 -3.024124456884547563e+00
5.229283546308234776e+00 -3.000361256203310401e+00
5.309734062405285115e+00 -2.992428235706479533e+00
5.390184578502334567e+00 -2.986894975012384545e+00
5.470635094599384018e+00 -2.980936638504209757e+00
5.551085610696433470e+00 -2.970456270591636194e+00
5.631536126793483810e+00 -2.967368746287611714e+00
5.711986642890533261e+00 -2.989438973682604139e+00
5.792437158987582713e+00 -3.009422688986381544e+00
5.872887675084633052e+00 -3.018436106830057586e+00
5.953338191181682504e+00 -3.008245758108291312e+00
6.033788707278731955e+00 -3.015014348064646299e+00
6.114239223375781407e+00 -3.020314466580535040e+00
6.194689739472831747e+00 -3.009977929459141777e+00
6.275140255569881198e+00 -3.009460958065995673e+00
6.355590771666931538e+00 -3.001388185381616225e+00
6.436041287763980989e+00 -2.998797648327015786e+00
6.516491803861030441e+00 -2.996799860901116386e+00
6.596942319958079892e+00 -2.974043420211670341e+00
6.677392836055131120e+00 -2.936314087950449903e+00
6.757843352152180572e+00 -2.938482636730674447e+00
6.838293868249230023e+00 -2.964719969322166193e+00
6.918744384346279475e+00 -2.981621446474883808e+00
6.999194900443328926e+00 -2.984975054434484854e+00
7.079645416540378378e+00 -2.971400528830244525e+00
7.160095932637429605e+00 -2.956007087130472222e+00
7.240546448734479057e+00 -2.960109540816158180e+00
7.320996964831528508e+00 -2.963743042534644712e+00
7.401447480928577960e+00 -2.972297528022353141e+00
7.481897997025627411e+00 -2.972763709869417514e+00
7.562348513122678639e+00 -2.965746704217929519e+00
7.642799029219728091e+00 -2.979997455752558366e+00
7.723249545316777542e+00 -2.990908132471409964e+00
7.803700061413826994e+00 -2.982517478158881463e+00
7.884150577510876445e+00 -2.965071788109799211e+00
7.964601093607927673e+00 -2.981263097515357785e+00
8.045051609704977125e+00 -3.024451952778171471e+00
8.125502125802025688e+00 -3.040041414461116531e+00
8.205952641899076028e+00 -3.044904582401899873e+00
8.286403157996124591e+00 -3.065001541653457728e+00
8.366853674093176707e+00 -3.043561047951760301e+00
8.447304190190225270e+00 -3.012862674824482667e+00
8.527754706287275610e+00 -3.001585963179372207e+00
8.608205222384324173e+00 -3.014646837500516874e+00
8.688655738481374513e+00 -3.044564130218228026e+00
8.769106254578423076e+00 -3.058633426532772148e+00
8.849556770675475192e+00 -3.046760212894580988e+00
8.930007286772523756e+00 -3.047910483010412896e+00
9.010457802869574095e+00 -3.047814293181683620e+00
9.090908318966622659e+00 -3.057098065869612746e+00
9.171358835063672998e+00 -3.067589737865538790e+00
9.251809351160723338e+00 -3.076247335363620383e+00
9.332259867257773678e+00 -3.093720565351303353e+00
9.412710383354822241e+00 -3.092713203483776319e+00
9.493160899451872581e+00 -3.071505451866394232e+00
9.573611415548921144e+00 -3.047990029094027165e+00
9.654061931645971484e+00 -3.042733385099555932e+00
9.734512447743021823e+00 -3.056823351051159321e+00
9.814962963840072163e+00 -3.080843919013126708e+00
9.895413479937120727e+00 -3.073594996580669481e+00
9.975863996034171066e+00 -3.061064496336229901e+00
1.005631451213121963e+01 -3.072101853948511874e+00
1.013676502822827175e+01 -3.090041174516861666e+00
1.021721554432532031e+01 -3.083511253325132095e+00
1.029766606042237065e+01 -3.082417876175048033e+00
