0.000000000000000000e+00 -1.549019599857431873e-01
8.045051609704977069e-02 -1.961933104847370657e-01
1.609010321940995414e-01 -5.663550022320230637e-01
2.413515482911492982e-01 -1.485608681524200003e+00
3.218020643881990828e-01 -1.808449620982063744e+00
4.022525804852488118e-01 -1.887539353839870149e+00
4.827030965822985964e-01 -2.115513185679099184e+00
5.631536126793483810e-01 -2.456036263398083008e+00
6.436041287763981655e-01 -2.761014872574726997e+00
7.240546448734478391e-01 -2.894174986255656279e+00
8.045051609704976237e-01 -3.025755565193386065e+00
8.849556770675472972e-01 -3.171302691393673268e+00
9.654061931645971928e-01 -3.239649962505853242e+00
1.045856709261647088e+00 -3.280190193139399746e+00
1.126307225358696762e+00 -3.275077367173433895e+00
1.206757741455746435e+00 -3.300494321286746136e+00
1.287208257552796331e+00 -3.299555958397951461e+00
1.367658773649846005e+00 -3.212168229321548552e+00
1.448109289746895678e+00 -3.115374915522143962e+00
1.528559805843945352e+00 -3.078906935136495715e+00
1.609010321940995247e+00 -3.047866997908350584e+00
1.689460838038045143e+00 -2.939029732404094819e+00
1.769911354135094594e+00 -2.875058178706128231e+00
1.850361870232144490e+00 -2.884795259368085674e+00
1.930812386329194386e+00 -2.844923159317188865e+00
2.011262902426244281e+00 -2.752740271344078948e+00
2.091713418523294177e+00 -2.660974598605034824e+00
2.172163934620343628e+00 -2.613545303844125645e+00
2.252614450717393524e+00 -2.563076825786187563e+00
2.333064966814443419e+00 -2.563220580611705657e+00
2.413515482911492871e+00 -2.624644101099015359e+00
2.493965999008542767e+00 -2.691604344477287913e+00
2.574416515105592662e+00 -2.678100843348937499e+00
2.654867031202642558e+00 -2.680538927586788134e+00
2.735317547299692009e+00 -2.724272779417595824e+00
2.815768063396741905e+00 -2.795606140635633174e+00
2.896218579493791356e+00 -2.861744663712226355e+00
2.976669095590841252e+00 -2.871828544535345529e+00
3.057119611687890703e+00 -2.813612751083051311e+00
3.137570127784940599e+00 -2.767704590768273132e+00
3.218020643881990495e+00 -2.806950772522269766e+00
3.298471159979039946e+00 -2.872368150547431664e+00
3.378921676076090286e+00 -2.882605618312996665e+00
3.459372192173139737e+00 -2.879456785216804260e+00
3.539822708270189189e+00 -2.893174004546925637e+00
3.620273224367239528e+00 -2.889078899571426717e+00
3.700723740464288980e+00 -2.889379135530803833e+00
3.781174256561339320e+00 -2.893972140168890483e+00
3.861624772658388771e+00 -2.916054162567643715e+00
3.942075288755438223e+00 -2.930937583494396037e+00
4.022525804852488562e+00 -2.956947715348674954e+00
4.102976320949538014e+00 -3.009640564215882108e+00
4.183426837046588354e+00 -2.991279566369037468e+00
4.263877353143637805e+00 -2.927607125633845175e+00
4.344327869240687257e+00 -2.873076880453278470e+00
4.424778385337737596e+00 -2.876564769229927432e+00
4.505228901434787048e+00 -2.906243043283331051e+00
4.585679417531836499e+00 -2.908639632571597300e+00
4.666129933628886839e+00 -2.928928536095722457e+00
4.746580449725936290e+00 -2.945870601280261791e+00
4.827030965822985742e+00 -2.924382977715620502e+00
4.907481481920036082e+00 -2.932106941063661765e+00
4.987931998017085533e+00 -2.938404329560841077e+00
5.068382514114135873e+00 -2.973455160557652910e+00
5.148833030211185324e+00 -2.999763973945955176e+00
5.229283546308234776e+00 -2.992972690687103476e+00
5.309734062405285115e+00 -2.997645354663624140e+00
5.390184578502334567e+00 -3.029797641636244876e+00
5.470635094599384018e+00 -3.043702653678423964e+00
5.551085610696433470e+00 -3.027978080256512605e+00
5.631536126793483810e+00 -3.021859915795815255e+00
5.711986642890533261e+00 -2.986877099966092519e+00
5.792437158987582713e+00 -2.960942351316737220e+00
5.872887675084633052e+00 -2.943946610925900931e+00
5.953338191181682504e+00 -2.940459538077977886e+00
6.033788707278731955e+00 -2.953611910188418399e+00
6.114239223375781407e+00 -2.962466862560801939e+00
6.194689739472831747e+00 -2.974403622029572425e+00
6.275140255569881198e+00 -2.962563534495921580e+00
6.355590771666931538e+00 -2.926225927110061686e+00
6.436041287763980989e+00 -2.907439215790178277e+00
6.516491803861030441e+00 -2.918236600495280442e+00
6.596942319958079892e+00 -2.948015724321431996e+00
6.677392836055131120e+00 -2.986828790797587896e+00
6.757843352152180572e+00 -3.006649046319080032e+00
6.838293868249230023e+00 -3.027467209560774641e+00
6.918744384346279475e+00 -3.032598169496107054e+00
6.999194900443328926e+00 -3.017916695676791328e+00
7.079645416540378378e+00 -2.995144067249269515e+00
7.160095932637429605e+00 -2.992516740379225659e+00
7.240546448734479057e+00 -2.977637232752831320e+00
7.320996964831528508e+00 -2.967205633606198489e+00
7.401447480928577960e+00 -2.940092463102925269e+00
7.481897997025627411e+00 -2.917121207347413314e+00
7.562348513122678639e+00 -2.949801687592781718e+00
7.642799029219728091e+00 -2.993440687790231092e+00
7.723249545316777542e+00 -3.021354331290543538e+00
7.803700061413826994e+00 -3.030488126960216189e+00
7.884150577510876445e+00 -3.042538362130930096e+00
7.964601093607927673e+00 -3.035115935616300664e+00
8.045051609704977125e+00 -3.042801703328330554e+00
8.125502125802025688e+00 -3.060255416523685934e+00
8.205952641899076028e+00 -3.063980690481000302e+00
8.286403157996124591e+00 -3.047764120379290453e+00
8.366853674093176707e+00 -3.034168072498715674e+00
8.447304190190225270e+00 -3.047476386915324742e+00
8.527754706287275610e+00 -3.084399574053455328e+00
8.608205222384324173e+00 -3.104460896797222702e+00
8.688655738481374513e+00 -3.102700675593498492e+00
8.769106254578423076e+00 -3.091151136003976951e+00
8.849556770675475192e+00 -3.072239251413495520e+00
8.930007286772523756e+00 -3.051886541344327686e+00
9.010457802869574095e+00 -3.052561451572298523e+00
9.090908318966622659e+00 -3.060045043142391563e+00
9.171358835063672998e+00 -3.066067625581527789e+00
9.251809351160723338e+00 -3.077939486240654610e+00
9.332259867257773678e+00 -3.116231447403502663e+00
9.412710383354822241e+00 -3.139209384918692169e+00
9.493160899451872581e+00 -3.118385068936659010e+00
9.573611415548921144e+00 -3.070096422068072872e+00
9.654061931645971484e+00 -3.059447539837850449e+00
9.734512447743021823e+00 -3.065565866945708873e+00
9.814962963840072163e+00 -3.087592913472037903e+00
9.895413479937120727e+00 -3.113743152273547921e+00
9.975863996034171066e+00 -3.118600062867579403e+00
1.005631451213121963e+01 -3.105905506602594457e+00
1.013676502822827175e+01 -3.093475101211437650e+00
1.021721554432532031e+01 -3.084733661316516606e+00
1.029766606042237065e+01 -3.097481046002869665e+00
