0.000000000000000000e+00 -1.549019599857431873e-01
8.045051609704977069e-02 -2.120986468680334525e-01
1.609010321940995414e-01 -6.060452378010189323e-01
2.413515482911492982e-01 -2.183967796130740879e+00
3.218020643881990828e-01 -2.138477321821718125e+00
4.022525804852488118e-01 -1.825094883924542888e+00
4.827030965822985964e-01 -1.853779470491386583e+00
5.631536126793483810e-01 -2.207235171314579247e+00
6.436041287763981655e-01 -2.555161036321973000e+00
7.240546448734478391e-01 -2.724604434198803826e+00
8.045051609704976237e-01 -2.855301430947752905e+00
8.849556770675472972e-01 -3.056121286235978562e+00
9.654061931645971928e-01 -3.155556954623603971e+00
1.045856709261647088e+00 -3.228120513191949925e+00
1.126307225358696762e+00 -3.222582258977658487e+00
1.206757741455746435e+00 -3.133634638024934027e+00
1.287208257552796331e+00 -3.074255955255049244e+00
1.367658773649846005e+00 -3.051448994807086645e+00
1.448109289746895678e+00 -3.087803005268843659e+00
1.528559805843945352e+00 -3.104545531480823239e+00
1.609010321940995247e+00 -3.062821052024631285e+00
1.689460838038045143e+00 -3.022046952992477387e+00
1.769911354135094594e+00 -2.959099063436325672e+00
1.850361870232144490e+00 -2.844029915398016417e+00
1.930812386329194386e+00 -2.777154376651122636e+00
2.011262902426244281e+00 -2.748693080629333263e+00
2.091713418523294177e+00 -2.686603242960091897e+00
2.172163934620343628e+00 -2.619364918811832421e+00
2.252614450717393524e+00 -2.591774563590547142e+00
2.333064966814443419e+00 -2.585702393947306721e+00
2.413515482911492871e+00 -2.607118407402013727e+00
2.493965999008542767e+00 -2.613164473551864653e+00
2.574416515105592662e+00 -2.635679166593476896e+00
2.654867031202642558e+00 -2.667780091265571585e+00
2.735317547299692009e+00 -2.732248685196815519e+00
2.815768063396741905e+00 -2.772943203258829925e+00
2.896218579493791356e+00 -2.782275670490441222e+00
2.976669095590841252e+00 -2.795371552951698479e+00
3.057119611687890703e+00 -2.825441519540274893e+00
3.137570127784940599e+00 -2.847773395535661223e+00
3.218020643881990495e+00 -2.843123057162406653e+00
3.298471159979039946e+00 -2.867982302739633838e+00
3.378921676076090286e+00 -2.917407942800267495e+00
3.459372192173139737e+00 -2.945511490489630901e+00
3.539822708270189189e+00 -2.923759717628011234e+00
3.620273224367239528e+00 -2.899808559479835957e+00
3.700723740464288980e+00 -2.897268054169645612e+00
3.781174256561339320e+00 -2.896588288837563141e+00
3.861624772658388771e+00 -2.883682555712543394e+00
3.942075288755438223e+00 -2.875847768305052288e+00
4.022525804852488562e+00 -2.867484065176242325e+00
4.102976320949538014e+00 -2.887637939726510172e+00
4.183426837046588354e+00 -2.913026781072644678e+00
4.263877353143637805e+00 -2.926236654041711294e+00
4.344327869240687257e+00 -2.919924715429014661e+00
4.424778385337737596e+00 -2.911360228938693062e+00
4.505228901434787048e+00 -2.903307933332627044e+00
4.585679417531836499e+00 -2.915449226567938368e+00
4.666129933628886839e+00 -2.946443641837197980e+00
4.746580449725936290e+00 -2.969097224193606888e+00
4.827030965822985742e+00 -2.970798643555996765e+00
4.907481481920036082e+00 -2.971576256911844904e+00
4.987931998017085533e+00 -2.972698006558458950e+00
5.068382514114135873e+00 -2.986448623897255406e+00
5.148833030211185324e+00 -2.992853142046770998e+00
5.229283546308234776e+00 -3.008313467211040759e+00
5.309734062405285115e+00 -3.022623899919210100e+00
5.390184578502334567e+00 -3.019487448869111912e+00
5.470635094599384018e+00 -2.997584677478504656e+00
5.551085610696433470e+00 -2.971512509695687143e+00
5.631536126793483810e+00 -2.928393581158186709e+00
5.711986642890533261e+00 -2.896879175321095179e+00
5.792437158987582713e+00 -2.928433830665334803e+00
5.872887675084633052e+00 -2.965634016119534255e+00
5.953338191181682504e+00 -2.980957096182948352e+00
6.033788707278731955e+00 -3.005037649868893546e+00
6.114239223375781407e+00 -3.021067147821719256e+00
6.194689739472831747e+00 -3.019085555286407541e+00
6.275140255569881198e+00 -3.008895199342077831e+00
6.355590771666931538e+00 -3.010492014507489156e+00
6.436041287763980989e+00 -3.011352782847275478e+00
6.516491803861030441e+00 -3.010566605340815993e+00
6.596942319958079892e+00 -2.994356187621240561e+00
6.677392836055131120e+00 -2.995036314338995531e+00
6.757843352152180572e+00 -2.998508954834241624e+00
6.838293868249230023e+00 -3.017552476324173227e+00
6.918744384346279475e+00 -3.037533407628593363e+00
6.999194900443328926e+00 -3.042741520450403137e+00
7.079645416540378378e+00 -3.029257377094285886e+00
7.160095932637429605e+00 -3.025975372239182892e+00
7.240546448734479057e+00 -3.047085507963971374e+00
7.320996964831528508e+00 -3.062567209930505019e+00
7.401447480928577960e+00 -3.062343404844197980e+00
7.481897997025627411e+00 -3.066461474149218436e+00
7.562348513122678639e+00 -3.057804604976025242e+00
7.642799029219728091e+00 -3.037591343735624783e+00
7.723249545316777542e+00 -3.035443862937470705e+00
7.803700061413826994e+00 -3.052662484329965675e+00
7.884150577510876445e+00 -3.061039447024450855e+00
7.964601093607927673e+00 -3.052874348006051175e+00
8.045051609704977125e+00 -3.045947154641919674e+00
8.125502125802025688e+00 -3.026015918433610619e+00
8.205952641899076028e+00 -2.977509508640390212e+00
8.286403157996124591e+00 -2.971088189964973036e+00
8.366853674093176707e+00 -3.006289818399145108e+00
8.447304190190225270e+00 -3.043575489204078277e+00
8.527754706287275610e+00 -3.045870997969593486e+00
8.608205222384324173e+00 -3.052159526466404316e+00
8.688655738481374513e+00 -3.069294309116737729e+00
8.769106254578423076e+00 -3.094366690891452887e+00
8.849556770675475192e+00 -3.098898572700538256e+00
8.930007286772523756e+00 -3.078645360290797939e+00
9.010457802869574095e+00 -3.070480233488448896e+00
9.090908318966622659e+00 -3.093060078681651781e+00
9.171358835063672998e+00 -3.097182719051303490e+00
9.251809351160723338e+00 -3.091308242750498980e+00
9.332259867257773678e+00 -3.107583839469732823e+00
9.412710383354822241e+00 -3.112509926083143696e+00
9.493160899451872581e+00 -3.102138676864152345e+00
9.573611415548921144e+00 -3.110202123708056376e+00
9.654061931645971484e+00 -3.144760621667897382e+00
9.734512447743021823e+00 -3.155835976492319173e+00
9.814962963840072163e+00 -3.117147042799887746e+00
9.895413479937120727e+00 -3.085256487318591923e+00
9.975863996034171066e+00 -3.079583557680140693e+00
1.005631451213121963e+01 -3.118581630648888048e+00
1.013676502822827175e+01 -3.174559852807967708e+00
1.021721554432532031e+01 -3.196476837787091796e+00
1.029766606042237065e+01 -3.203601261386952892e+00
