0.000000000000000000e+00 -1.549019599857431873e-01
8.045051609704977069e-02 -1.923262194052891561e-01
1.609010321940995414e-01 -5.243182495604855609e-01
2.413515482911492982e-01 -1.333618748177729518e+00
3.218020643881990828e-01 -2.071431504388492773e+00
4.022525804852488118e-01 -2.059078987317259912e+00
4.827030965822985964e-01 -2.289055378563106924e+00
5.631536126793483810e-01 -2.602790022498560507e+00
6.436041287763981655e-01 -2.635612238809105001e+00
7.240546448734478391e-01 -2.687916344985941119e+00
8.045051609704976237e-01 -2.832226923790028383e+00
8.849556770675472972e-01 -3.029764481997215153e+00
9.654061931645971928e-01 -3.085484580713787839e+00
1.045856709261647088e+00 -3.127697858153693389e+00
1.126307225358696762e+00 -3.171183837065907341e+00
1.206757741455746435e+00 -3.203586491426155369e+00
1.287208257552796331e+00 -3.246815053186865807e+00
1.367658773649846005e+00 -3.240570428702526762e+00
1.448109289746895678e+00 -3.150423068952762140e+00
1.528559805843945352e+00 -3.070907619726684690e+00
1.609010321940995247e+00 -3.045102852953021966e+00
1.689460838038045143e+00 -2.968713572305630599e+00
1.769911354135094594e+00 -2.850682814592778058e+00
1.850361870232144490e+00 -2.794552601459775687e+00
1.930812386329194386e+00 -2.804399644396659674e+00
2.011262902426244281e+00 -2.787018731311376118e+00
2.091713418523294177e+00 -2.698361935037152826e+00
2.172163934620343628e+00 -2.606560552177232815e+00
2.252614450717393524e+00 -2.569616047710759243e+00
2.333064966814443419e+00 -2.583251779941016846e+00
2.413515482911492871e+00 -2.614587932448796170e+00
2.493965999008542767e+00 -2.674278379842680575e+00
2.574416515105592662e+00 -2.708467000486603826e+00
2.654867031202642558e+00 -2.724084933702060063e+00
2.735317547299692009e+00 -2.706978491233878792e+00
2.815768063396741905e+00 -2.697191710469881265e+00
2.896218579493791356e+00 -2.739372953784640519e+00
2.976669095590841252e+00 -2.804536187959708826e+00
3.057119611687890703e+00 -2.837027497079209315e+00
3.137570127784940599e+00 -2.841977688923024381e+00
3.218020643881990495e+00 -2.851007597204465949e+00
3.298471159979039946e+00 -2.851741531815294994e+00
3.378921676076090286e+00 -2.852493273070543900e+00
3.459372192173139737e+00 -2.888689678545639516e+00
3.539822708270189189e+00 -2.929668805907156059e+00
3.620273224367239528e+00 -2.945189025510029701e+00
3.700723740464288980e+00 -2.936082261214531641e+00
3.781174256561339320e+00 -2.961280204482133360e+00
3.861624772658388771e+00 -2.965641275027444568e+00
3.942075288755438223e+00 -2.916382432931641233e+00
4.022525804852488562e+00 -2.877315783152949447e+00
4.102976320949538014e+00 -2.869800028607872200e+00
4.183426837046588354e+00 -2.848089415088310261e+00
4.263877353143637805e+00 -2.850404977984717370e+00
4.344327869240687257e+00 -2.880147129387756522e+00
4.424778385337737596e+00 -2.919260398849948590e+00
4.505228901434787048e+00 -2.947653507641194270e+00
4.585679417531836499e+00 -2.939422471478738252e+00
4.666129933628886839e+00 -2.899384035963926909e+00
4.746580449725936290e+00 -2.884288859478184808e+00
4.827030965822985742e+00 -2.869787511888016063e+00
4.907481481920036082e+00 -2.850089463043166127e+00
4.987931998017085533e+00 -2.847740174481674380e+00
5.068382514114135873e+00 -2.892154729730063156e+00
5.148833030211185324e+00 -2.941269221841097625e+00
5.229283546308234776e+00 -2.948687740856363870e+00
5.309734062405285115e+00 -2.979223834201133680e+00
5.390184578502334567e+00 -2.999571489228946675e+00
5.470635094599384018e+00 -2.982961047374335539e+00
5.551085610696433470e+00 -2.951799213630686758e+00
5.631536126793483810e+00 -2.946732419435398764e+00
5.711986642890533261e+00 -2.991040545388648830e+00
5.792437158987582713e+00 -3.022656715489445034e+00
5.872887675084633052e+00 -3.016930486489117769e+00
5.953338191181682504e+00 -2.997096009718962506e+00
6.033788707278731955e+00 -2.977190881686732293e+00
6.114239223375781407e+00 -2.959800061458771836e+00
6.194689739472831747e+00 -2.972926432416661768e+00
6.275140255569881198e+00 -3.001501393502488568e+00
6.355590771666931538e+00 -3.006444708687812994e+00
6.436041287763980989e+00 -2.990162861083654811e+00
6.516491803861030441e+00 -2.994533142359939060e+00
6.596942319958079892e+00 -2.998368940182604803e+00
6.677392836055131120e+00 -2.982006117658749123e+00
6.757843352152180572e+00 -2.972990151955763771e+00
6.838293868249230023e+00 -2.967319422162233433e+00
6.918744384346279475e+00 -2.960631994914115328e+00
6.999194900443328926e+00 -2.977779743783878441e+00
7.079645416540378378e+00 -2.990935009500249819e+00
7.160095932637429605e+00 -2.999931223952074344e+00
7.240546448734479057e+00 -2.974664883441981544e+00
7.320996964831528508e+00 -2.981006281882709441e+00
7.401447480928577960e+00 -3.000722578901879878e+00
7.481897997025627411e+00 -3.025414862454681941e+00
7.562348513122678639e+00 -3.058480301552391811e+00
7.642799029219728091e+00 -3.083078989245553014e+00
7.723249545316777542e+00 -3.071599235688370122e+00
7.803700061413826994e+00 -3.051824777029675140e+00
7.884150577510876445e+00 -3.030497244584867467e+00
7.964601093607927673e+00 -3.025221651349333296e+00
8.045051609704977125e+00 -3.049727974974949962e+00
8.125502125802025688e+00 -3.078021441073839348e+00
8.205952641899076028e+00 -3.079213826599055182e+00
8.286403157996124591e+00 -3.080550159932707199e+00
8.366853674093176707e+00 -3.063567835158769181e+00
8.447304190190225270e+00 -3.059205600202874464e+00
8.527754706287275610e+00 -3.055041305333309420e+00
8.608205222384324173e+00 -3.062250007715693556e+00
8.688655738481374513e+00 -3.082614999845966430e+00
8.769106254578423076e+00 -3.081140860203128717e+00
8.849556770675475192e+00 -3.054328549035886908e+00
8.930007286772523756e+00 -3.058357790560338518e+00
9.010457802869574095e+00 -3.094807444603808300e+00
9.090908318966622659e+00 -3.125636354912125991e+00
9.171358835063672998e+00 -3.108731200526742899e+00
9.251809351160723338e+00 -3.083730613233287343e+00
9.332259867257773678e+00 -3.067812050451421246e+00
9.412710383354822241e+00 -3.054038614691320319e+00
9.493160899451872581e+00 -3.043607496780612820e+00
9.573611415548921144e+00 -3.053745893842866987e+00
9.654061931645971484e+00 -3.055870680291897123e+00
9.734512447743021823e+00 -3.055921720095159166e+00
9.814962963840072163e+00 -3.065746123808358092e+00
9.895413479937120727e+00 -3.071682179653972611e+00
9.975863996034171066e+00 -3.087110933782574396e+00
1.005631451213121963e+01 -3.084728543516133570e+00
1.013676502822827175e+01 -3.064229172768557774e+00
1.021721554432532031e+01 -3.060857011593524746e+00
1.029766606042237065e+01 -3.064874772450777218e+00
