0.000000000000000000e+00 -1.549019599857431873e-01
8.045051609704977069e-02 -3.950415158006164718e-01
1.609010321940995414e-01 -1.289247686917404545e+00
2.413515482911492982e-01 -3.490182164202445758e+00
3.218020643881990828e-01 -3.931794161213348016e+00
4.022525804852488118e-01 -4.001874629370509417e+00
4.827030965822985964e-01 -4.284103856178264280e+00
5.631536126793483810e-01 -4.698583646957271931e+00
6.436041287763981655e-01 -5.073531987378218311e+00
7.240546448734478391e-01 -5.589916668441534675e+00
8.045051609704976237e-01 -6.136140820188111356e+00
8.849556770675472972e-01 -6.400040464376608895e+00
9.654061931645971928e-01 -6.495451911115028842e+00
1.045856709261647088e+00 -6.592660500286894099e+00
1.126307225358696762e+00 -6.554495946320177957e+00
1.206757741455746435e+00 -6.456970665162865330e+00
1.287208257552796331e+00 -6.430252760789779032e+00
1.367658773649846005e+00 -6.450831629517508325e+00
1.448109289746895678e+00 -6.436795671400134644e+00
1.528559805843945352e+00 -6.344728793054815519e+00
1.609010321940995247e+00 -6.146710348138704205e+00
1.689460838038045143e+00 -5.950290563729708104e+00
1.769911354135094594e+00 -5.796386422470119371e+00
1.850361870232144490e+00 -5.707621284081507262e+00
1.930812386329194386e+00 -5.540116696680850161e+00
2.011262902426244281e+00 -5.389563372330473889e+00
2.091713418523294177e+00 -5.228610824454240635e+00
2.172163934620343628e+00 -5.168673711698795969e+00
2.252614450717393524e+00 -5.088135501411712447e+00
2.333064966814443419e+00 -5.141445545852200816e+00
2.413515482911492871e+00 -5.233254616557704075e+00
2.493965999008542767e+00 -5.311244017643169890e+00
2.574416515105592662e+00 -5.382683299991369630e+00
2.654867031202642558e+00 -5.468760368102137726e+00
2.735317547299692009e+00 -5.528072894218177602e+00
2.815768063396741905e+00 -5.550707658477285200e+00
2.896218579493791356e+00 -5.581306758115845312e+00
2.976669095590841252e+00 -5.651258693327720906e+00
3.057119611687890703e+00 -5.695193421681449486e+00
3.137570127784940599e+00 -5.689331514665303402e+00
3.218020643881990495e+00 -5.649650425355862815e+00
3.298471159979039946e+00 -5.610586114628520527e+00
3.378921676076090286e+00 -5.668375895526772901e+00
3.459372192173139737e+00 -5.820674038453051757e+00
3.539822708270189189e+00 -5.901060161491376910e+00
3.620273224367239528e+00 -5.846913131935930430e+00
3.700723740464288980e+00 -5.747206213479330472e+00
3.781174256561339320e+00 -5.773341599411663694e+00
3.861624772658388771e+00 -5.889531420347608126e+00
3.942075288755438223e+00 -5.886390076842257457e+00
4.022525804852488562e+00 -5.807701342001745815e+00
4.102976320949538014e+00 -5.781024992573454035e+00
4.183426837046588354e+00 -5.790167983457155998e+00
4.263877353143637805e+00 -5.766712557898612701e+00
4.344327869240687257e+00 -5.704433259896755537e+00
4.424778385337737596e+00 -5.633926259921603119e+00
4.505228901434787048e+00 -5.673678995617831511e+00
4.585679417531836499e+00 -5.771223225626532560e+00
4.666129933628886839e+00 -5.838361874341543079e+00
4.746580449725936290e+00 -5.884452626949164156e+00
4.827030965822985742e+00 -5.924189580509443331e+00
4.907481481920036082e+00 -5.956726153150627034e+00
4.987931998017085533e+00 -5.978885230037937148e+00
5.068382514114135873e+00 -6.072430851854957012e+00
5.148833030211185324e+00 -6.166074906005996503e+00
5.229283546308234776e+00 -6.153981754991050046e+00
5.309734062405285115e+00 -6.030962294786258227e+00
5.390184578502334567e+00 -5.934276880733426296e+00
5.470635094599384018e+00 -5.920729224546681380e+00
5.551085610696433470e+00 -5.967324154401490333e+00
5.631536126793483810e+00 -6.005505827198825308e+00
5.711986642890533261e+00 -6.012826943503561061e+00
5.792437158987582713e+00 -6.000567771349452961e+00
5.872887675084633052e+00 -5.951976983038548497e+00
5.953338191181682504e+00 -5.956971956488253284e+00
6.033788707278731955e+00 -5.999563406217655270e+00
6.114239223375781407e+00 -5.989634764017866431e+00
6.194689739472831747e+00 -5.990167817235903414e+00
6.275140255569881198e+00 -5.995853739197983145e+00
6.355590771666931538e+00 -5.985255351676274316e+00
6.436041287763980989e+00 -5.983172314512366086e+00
6.516491803861030441e+00 -6.038769001079465681e+00
6.596942319958079892e+00 -6.044807866145787578e+00
6.677392836055131120e+00 -6.006678322328255604e+00
6.757843352152180572e+00 -6.004303443972715648e+00
6.838293868249230023e+00 -6.020252824566983740e+00
6.918744384346279475e+00 -6.021207557472046723e+00
6.999194900443328926e+00 -6.020856474786935308e+00
7.079645416540378378e+00 -6.033462006627868135e+00
7.160095932637429605e+00 -6.075320843637981305e+00
7.240546448734479057e+00 -6.054644320392370993e+00
7.320996964831528508e+00 -6.042528164863949058e+00
7.401447480928577960e+00 -6.018896318397957579e+00
7.481897997025627411e+00 -6.017902707612301505e+00
7.562348513122678639e+00 -6.053035180116897784e+00
7.642799029219728091e+00 -6.076457381966499760e+00
7.723249545316777542e+00 -6.105157956878925596e+00
7.803700061413826994e+00 -6.112371107446674223e+00
7.884150577510876445e+00 -6.090684019462257126e+00
7.964601093607927673e+00 -6.098941961086299379e+00
8.045051609704977125e+00 -6.122300602739780828e+00
8.125502125802025688e+00 -6.118343404477160519e+00
8.205952641899076028e+00 -6.079728363542940883e+00
8.286403157996124591e+00 -6.076221710095649264e+00
8.366853674093176707e+00 -6.067693109655767358e+00
8.447304190190225270e+00 -6.072565099313531611e+00
8.527754706287275610e+00 -6.059338955757124445e+00
8.608205222384324173e+00 -6.083776480662885788e+00
8.688655738481374513e+00 -6.178281375331189373e+00
8.769106254578423076e+00 -6.256854989802356215e+00
8.849556770675475192e+00 -6.238284402981869370e+00
8.930007286772523756e+00 -6.195978667919411542e+00
9.010457802869574095e+00 -6.167035593782077108e+00
9.090908318966622659e+00 -6.154136488596261501e+00
9.171358835063672998e+00 -6.210153473077123287e+00
9.251809351160723338e+00 -6.279429420757024261e+00
9.332259867257773678e+00 -6.338304986257366380e+00
9.412710383354822241e+00 -6.333018719225599114e+00
9.493160899451872581e+00 -6.294163580357374776e+00
9.573611415548921144e+00 -6.228589334679665690e+00
9.654061931645971484e+00 -6.186509441126323949e+00
9.734512447743021823e+00 -6.194521736832694359e+00
9.814962963840072163e+00 -6.192115010602525338e+00
9.895413479937120727e+00 -6.211165523467219174e+00
9.975863996034171066e+00 -6.210667454890804962e+00
1.005631451213121963e+01 -6.204456030716865911e+00
1.013676502822827175e+01 -6.187169005249134379e+00
1.021721554432532031e+01 -6.183938050096573491e+00
1.029766606042237065e+01 -6.171197174239600791e+00
