0.000000000000000000e+00 -1.549019599857431873e-01
8.045051609704977069e-02 -2.049649169211065491e-01
1.609010321940995414e-01 -5.399966980485657597e-01
2.413515482911492982e-01 -1.535175822440175475e+00
3.218020643881990828e-01 -1.878178282395825738e+00
4.022525804852488118e-01 -1.707258609858741227e+00
4.827030965822985964e-01 -1.849312363887278376e+00
5.631536126793483810e-01 -2.126123100849482750e+00
6.436041287763981655e-01 -2.417383649899581322e+00
7.240546448734478391e-01 -2.584859590224730219e+00
8.045051609704976237e-01 -2.766966022446447848e+00
8.849556770675472972e-01 -2.885190799175424647e+00
9.654061931645971928e-01 -2.951648313258145251e+00
1.045856709261647088e+00 -3.075771385868994567e+00
1.126307225358696762e+00 -3.229084005184826189e+00
1.206757741455746435e+00 -3.274617637526318958e+00
1.287208257552796331e+00 -3.242372966395416611e+00
1.367658773649846005e+00 -3.232996791618006682e+00
1.448109289746895678e+00 -3.224280520756237944e+00
1.528559805843945352e+00 -3.128979634239844376e+00
1.609010321940995247e+00 -2.954507523130875057e+00
1.689460838038045143e+00 -2.816011468918124372e+00
1.769911354135094594e+00 -2.704817318972704943e+00
1.850361870232144490e+00 -2.653583794081763703e+00
1.930812386329194386e+00 -2.606397452904034129e+00
2.011262902426244281e+00 -2.615212450084556384e+00
2.091713418523294177e+00 -2.632580642718779007e+00
2.172163934620343628e+00 -2.675878055565803493e+00
2.252614450717393524e+00 -2.749255868868541786e+00
2.333064966814443419e+00 -2.781884478500103786e+00
2.413515482911492871e+00 -2.790098689487988892e+00
2.493965999008542767e+00 -2.802904904160853583e+00
2.574416515105592662e+00 -2.794643689138489151e+00
2.654867031202642558e+00 -2.773373909000762971e+00
2.735317547299692009e+00 -2.814433511271702493e+00
2.815768063396741905e+00 -2.858730955481485037e+00
2.896218579493791356e+00 -2.840414136986769922e+00
2.976669095590841252e+00 -2.799096485497385434e+00
3.057119611687890703e+00 -2.828570302923776758e+00
3.137570127784940599e+00 -2.893602827274063483e+00
3.218020643881990495e+00 -2.931495109059093274e+00
3.298471159979039946e+00 -2.947767644869029535e+00
3.378921676076090286e+00 -2.934976664690111647e+00
3.459372192173139737e+00 -2.894769488897959153e+00
3.539822708270189189e+00 -2.869947950180833374e+00
3.620273224367239528e+00 -2.883415901200479414e+00
3.700723740464288980e+00 -2.942550664458186915e+00
3.781174256561339320e+00 -2.937934475753008368e+00
3.861624772658388771e+00 -2.924928794010024813e+00
3.942075288755438223e+00 -2.878137453280493308e+00
4.022525804852488562e+00 -2.830663134009159254e+00
4.102976320949538014e+00 -2.820281115230200975e+00
4.183426837046588354e+00 -2.836662611605863304e+00
4.263877353143637805e+00 -2.868562160360103253e+00
4.344327869240687257e+00 -2.891282288301504799e+00
4.424778385337737596e+00 -2.895081478742513870e+00
4.505228901434787048e+00 -2.884895406478483970e+00
4.585679417531836499e+00 -2.890069326840293940e+00
4.666129933628886839e+00 -2.888956224133341077e+00
4.746580449725936290e+00 -2.899940243029055065e+00
4.827030965822985742e+00 -2.923832015192198597e+00
4.907481481920036082e+00 -2.953086821598874145e+00
4.987931998017085533e+00 -2.970497721374779410e+00
5.068382514114135873e+00 -2.978882836270200674e+00
5.148833030211185324e+00 -2.992603874892230564e+00
5.229283546308234776e+00 -2.991561420228595836e+00
5.309734062405285115e+00 -2.962586063250806756e+00
5.390184578502334567e+00 -2.950219098689149444e+00
5.470635094599384018e+00 -2.963314501513829580e+00
5.551085610696433470e+00 -2.982144885360877851e+00
5.631536126793483810e+00 -2.981731280896267489e+00
5.711986642890533261e+00 -2.973593119040873756e+00
5.792437158987582713e+00 -2.953850992850389989e+00
5.872887675084633052e+00 -2.925777607040062733e+00
5.953338191181682504e+00 -2.913119625446375593e+00
6.033788707278731955e+00 -2.946279201237218981e+00
6.114239223375781407e+00 -2.988832330466589582e+00
6.194689739472831747e+00 -3.004459901383147891e+00
6.275140255569881198e+00 -3.019927033672073158e+00
6.355590771666931538e+00 -3.014143758289697939e+00
6.436041287763980989e+00 -3.000659226396415136e+00
6.516491803861030441e+00 -2.962291257005232659e+00
6.596942319958079892e+00 -2.954877348258819758e+00
6.677392836055131120e+00 -2.982192503614537138e+00
6.757843352152180572e+00 -2.992160226535672596e+00
6.838293868249230023e+00 -2.988258642267110687e+00
6.918744384346279475e+00 -2.982040283975906814e+00
6.999194900443328926e+00 -2.982944057344866451e+00
7.079645416540378378e+00 -2.988513632490269689e+00
7.160095932637429605e+00 -3.005900453463717259e+00
7.240546448734479057e+00 -3.015329507773795381e+00
7.320996964831528508e+00 -3.009585099782051021e+00
7.401447480928577960e+00 -3.004974938626829850e+00
7.481897997025627411e+00 -3.007552268312999821e+00
7.562348513122678639e+00 -3.012982425097096240e+00
7.642799029219728091e+00 -3.014300582873619128e+00
7.723249545316777542e+00 -3.015396666754035948e+00
7.803700061413826994e+00 -3.013944061471647728e+00
7.884150577510876445e+00 -3.005920255507096961e+00
7.964601093607927673e+00 -2.996760708487189895e+00
8.045051609704977125e+00 -2.992148429805335130e+00
8.125502125802025688e+00 -2.990377961305950905e+00
8.205952641899076028e+00 -3.019776466440816876e+00
8.286403157996124591e+00 -3.078138881722215281e+00
8.366853674093176707e+00 -3.118850111108879997e+00
8.447304190190225270e+00 -3.119370655087633448e+00
8.527754706287275610e+00 -3.131982922559333637e+00
8.608205222384324173e+00 -3.131582471120141875e+00
8.688655738481374513e+00 -3.104608502133045622e+00
8.769106254578423076e+00 -3.099617424486790451e+00
8.849556770675475192e+00 -3.121132595180814207e+00
8.930007286772523756e+00 -3.145923262997530223e+00
9.010457802869574095e+00 -3.143640261495568744e+00
9.090908318966622659e+00 -3.123628371599061815e+00
9.171358835063672998e+00 -3.111242360077445035e+00
9.251809351160723338e+00 -3.126637094892624980e+00
9.332259867257773678e+00 -3.149584512303880146e+00
9.412710383354822241e+00 -3.149313051877896008e+00
9.493160899451872581e+00 -3.119061868987579089e+00
9.573611415548921144e+00 -3.091595063352504003e+00
9.654061931645971484e+00 -3.082774783896104154e+00
9.734512447743021823e+00 -3.099863651052704672e+00
9.814962963840072163e+00 -3.130453913314551695e+00
9.895413479937120727e+00 -3.151585763879724666e+00
9.975863996034171066e+00 -3.153519837826098460e+00
1.005631451213121963e+01 -3.137932728481545031e+00
1.013676502822827175e+01 -3.117362663920899113e+00
1.021721554432532031e+01 -3.116826034272314416e+00
1.029766606042237065e+01 -3.126847784105760031e+00
