0.000000000000000000e+00 -1.549019599857431873e-01
8.045051609704977069e-02 -1.999714579140501325e-01
1.609010321940995414e-01 -4.830565689222885983e-01
2.413515482911492982e-01 -1.015499663589656487e+00
3.218020643881990828e-01 -1.160076077763811719e+00
4.022525804852488118e-01 -1.237362564918441210e+00
4.827030965822985964e-01 -1.423824844384560917e+00
5.631536126793483810e-01 -1.777489549949826886e+00
6.436041287763981655e-01 -2.116860534200470045e+00
7.240546448734478391e-01 -2.248856589524586891e+00
8.045051609704976237e-01 -2.359692365715727380e+00
8.849556770675472972e-01 -2.512011486341381161e+00
9.654061931645971928e-01 -2.695676717109026121e+00
1.045856709261647088e+00 -2.827972886368419481e+00
1.126307225358696762e+00 -2.885393146816176646e+00
1.206757741455746435e+00 -2.900881704397904937e+00
1.287208257552796331e+00 -2.917751060668893892e+00
1.367658773649846005e+00 -2.914831923423268911e+00
1.448109289746895678e+00 -2.903302647113565005e+00
1.528559805843945352e+00 -2.878191450698214471e+00
1.609010321940995247e+00 -2.825490646018327112e+00
1.689460838038045143e+00 -2.760716652272425353e+00
1.769911354135094594e+00 -2.701771350390911763e+00
1.850361870232144490e+00 -2.650682905386249288e+00
1.930812386329194386e+00 -2.616130945373511985e+00
2.011262902426244281e+00 -2.625753456847581102e+00
2.091713418523294177e+00 -2.674148687852983652e+00
2.172163934620343628e+00 -2.685145854127571674e+00
2.252614450717393524e+00 -2.654995927844392867e+00
2.333064966814443419e+00 -2.621627914507872248e+00
2.413515482911492871e+00 -2.619572505322492528e+00
2.493965999008542767e+00 -2.618289102135689106e+00
2.574416515105592662e+00 -2.630653917345249226e+00
2.654867031202642558e+00 -2.638461042177643545e+00
2.735317547299692009e+00 -2.640726440653408780e+00
2.815768063396741905e+00 -2.622852655837980773e+00
2.896218579493791356e+00 -2.625004231805526000e+00
2.976669095590841252e+00 -2.670585629467197908e+00
3.057119611687890703e+00 -2.707149187681516356e+00
3.137570127784940599e+00 -2.723647635616218476e+00
3.218020643881990495e+00 -2.731770950549145205e+00
3.298471159979039946e+00 -2.712698766251060878e+00
3.378921676076090286e+00 -2.663015001742565779e+00
3.459372192173139737e+00 -2.621143512102019901e+00
3.539822708270189189e+00 -2.612712671292139355e+00
3.620273224367239528e+00 -2.625642559711414137e+00
3.700723740464288980e+00 -2.620125376722950872e+00
3.781174256561339320e+00 -2.596165410546177110e+00
3.861624772658388771e+00 -2.579977101058628097e+00
3.942075288755438223e+00 -2.586159681998710713e+00
4.022525804852488562e+00 -2.585231769333352858e+00
4.102976320949538014e+00 -2.595295410857068497e+00
4.183426837046588354e+00 -2.599584198302812954e+00
4.263877353143637805e+00 -2.595126678448224755e+00
4.344327869240687257e+00 -2.593040087837696017e+00
4.424778385337737596e+00 -2.602213675139204874e+00
4.505228901434787048e+00 -2.604532349176266415e+00
4.585679417531836499e+00 -2.632041997124213939e+00
4.666129933628886839e+00 -2.661070167858991642e+00
4.746580449725936290e+00 -2.672935483460293415e+00
4.827030965822985742e+00 -2.668468632273413466e+00
4.907481481920036082e+00 -2.684208885102663977e+00
4.987931998017085533e+00 -2.704116448085347901e+00
5.068382514114135873e+00 -2.724290284300551424e+00
5.148833030211185324e+00 -2.743905939435412833e+00
5.229283546308234776e+00 -2.726225653350765388e+00
5.309734062405285115e+00 -2.685580395438754042e+00
5.390184578502334567e+00 -2.639425002640491957e+00
5.470635094599384018e+00 -2.632062646190693744e+00
5.551085610696433470e+00 -2.651619956094579234e+00
5.631536126793483810e+00 -2.644077489594578001e+00
5.711986642890533261e+00 -2.636725116188523454e+00
5.792437158987582713e+00 -2.649200552938812514e+00
5.872887675084633052e+00 -2.652438638016064942e+00
5.953338191181682504e+00 -2.653491576192443357e+00
6.033788707278731955e+00 -2.673954506917224805e+00
6.114239223375781407e+00 -2.678814997810325060e+00
6.194689739472831747e+00 -2.679677090011136631e+00
6.275140255569881198e+00 -2.657355242137132034e+00
6.355590771666931538e+00 -2.613916093284085918e+00
6.436041287763980989e+00 -2.611183240578434095e+00
6.516491803861030441e+00 -2.652989006077263401e+00
6.596942319958079892e+00 -2.716652871769877908e+00
6.677392836055131120e+00 -2.725026459489132247e+00
6.757843352152180572e+00 -2.712610950529013021e+00
6.838293868249230023e+00 -2.698948156219666217e+00
6.918744384346279475e+00 -2.699609604302719568e+00
6.999194900443328926e+00 -2.708588036761690798e+00
7.079645416540378378e+00 -2.696448787699873950e+00
7.160095932637429605e+00 -2.684158455605720750e+00
7.240546448734479057e+00 -2.703686731522494835e+00
7.320996964831528508e+00 -2.752066624940314732e+00
7.401447480928577960e+00 -2.763514782204005815e+00
7.481897997025627411e+00 -2.743205431701027930e+00
7.562348513122678639e+00 -2.718513525345267023e+00
7.642799029219728091e+00 -2.730774805391768645e+00
7.723249545316777542e+00 -2.749193320964686382e+00
7.803700061413826994e+00 -2.754612448113221035e+00
7.884150577510876445e+00 -2.745504907018335494e+00
7.964601093607927673e+00 -2.737555265436383944e+00
8.045051609704977125e+00 -2.728185935883228108e+00
8.125502125802025688e+00 -2.738893432075406142e+00
8.205952641899076028e+00 -2.754447341377915137e+00
8.286403157996124591e+00 -2.755993866773711165e+00
8.366853674093176707e+00 -2.755085269820065630e+00
8.447304190190225270e+00 -2.748763210043687621e+00
8.527754706287275610e+00 -2.732805722029647555e+00
8.608205222384324173e+00 -2.734882179483103748e+00
8.688655738481374513e+00 -2.773679048745220754e+00
8.769106254578423076e+00 -2.804684906346223805e+00
8.849556770675475192e+00 -2.814247161850425005e+00
8.930007286772523756e+00 -2.824956645224165452e+00
9.010457802869574095e+00 -2.831424227561350371e+00
9.090908318966622659e+00 -2.825810135157623915e+00
9.171358835063672998e+00 -2.836694117114517688e+00
9.251809351160723338e+00 -2.841048051374325034e+00
9.332259867257773678e+00 -2.838884866380310790e+00
9.412710383354822241e+00 -2.839634491818272544e+00
9.493160899451872581e+00 -2.805855533163973181e+00
9.573611415548921144e+00 -2.775711959023205999e+00
9.654061931645971484e+00 -2.778274023126118930e+00
9.734512447743021823e+00 -2.794541915021283796e+00
9.814962963840072163e+00 -2.809637298403045769e+00
9.895413479937120727e+00 -2.821742832778141974e+00
9.975863996034171066e+00 -2.815045690298316750e+00
1.005631451213121963e+01 -2.786357441913998034e+00
1.013676502822827175e+01 -2.770265060648827493e+00
1.021721554432532031e+01 -2.784868655848124153e+00
1.029766606042237065e+01 -2.802330343385390332e+00
