0.000000000000000000e+00 -1.549019599857431873e-01
8.045051609704977069e-02 -2.062715145585194143e-01
1.609010321940995414e-01 -5.948952333777381973e-01
2.413515482911492982e-01 -1.254321816606713824e+00
3.218020643881990828e-01 -1.264458422882454691e+00
4.022525804852488118e-01 -1.323325801991027229e+00
4.827030965822985964e-01 -1.608743665426362490e+00
5.631536126793483810e-01 -1.823759170769414739e+00
6.436041287763981655e-01 -1.966163170778518987e+00
7.240546448734478391e-01 -2.178252772748535460e+00
8.045051609704976237e-01 -2.400266864088416163e+00
8.849556770675472972e-01 -2.538974918394246050e+00
9.654061931645971928e-01 -2.620377358513360733e+00
1.045856709261647088e+00 -2.689925254383829678e+00
1.126307225358696762e+00 -2.779238084137588771e+00
1.206757741455746435e+00 -2.927121346828303494e+00
1.287208257552796331e+00 -3.006837280135969959e+00
1.367658773649846005e+00 -3.012478557443524885e+00
1.448109289746895678e+00 -2.984724998208586833e+00
1.528559805843945352e+00 -2.942389944132304258e+00
1.609010321940995247e+00 -2.835223660608370722e+00
1.689460838038045143e+00 -2.757429542842091852e+00
1.769911354135094594e+00 -2.706504210084651252e+00
1.850361870232144490e+00 -2.684382918163759957e+00
1.930812386329194386e+00 -2.649736699252107197e+00
2.011262902426244281e+00 -2.653543413546484153e+00
2.091713418523294177e+00 -2.728449940389766404e+00
2.172163934620343628e+00 -2.793918984823859031e+00
2.252614450717393524e+00 -2.711330683958710352e+00
2.333064966814443419e+00 -2.618552706738360936e+00
2.413515482911492871e+00 -2.564858347888069545e+00
2.493965999008542767e+00 -2.556752894448559132e+00
2.574416515105592662e+00 -2.580391126933375467e+00
2.654867031202642558e+00 -2.587020854830419658e+00
2.735317547299692009e+00 -2.604093351304833437e+00
2.815768063396741905e+00 -2.621049930494915081e+00
2.896218579493791356e+00 -2.620238808709951073e+00
2.976669095590841252e+00 -2.574117968011010227e+00
3.057119611687890703e+00 -2.546599599019242710e+00
3.137570127784940599e+00 -2.574100768539432593e+00
3.218020643881990495e+00 -2.588460133162110655e+00
3.298471159979039946e+00 -2.613390882906506008e+00
3.378921676076090286e+00 -2.617066808751679297e+00
3.459372192173139737e+00 -2.639674832139586869e+00
3.539822708270189189e+00 -2.634219369776500841e+00
3.620273224367239528e+00 -2.635179924915103111e+00
3.700723740464288980e+00 -2.644341462645232621e+00
3.781174256561339320e+00 -2.666545024627270610e+00
3.861624772658388771e+00 -2.690033772383030097e+00
3.942075288755438223e+00 -2.677450647774129777e+00
4.022525804852488562e+00 -2.649303118265023738e+00
4.102976320949538014e+00 -2.645339225789640203e+00
4.183426837046588354e+00 -2.657113779922158248e+00
4.263877353143637805e+00 -2.656780003264827883e+00
4.344327869240687257e+00 -2.668232935306182441e+00
4.424778385337737596e+00 -2.664335056595459772e+00
4.505228901434787048e+00 -2.664729322616850915e+00
4.585679417531836499e+00 -2.676116726173153104e+00
4.666129933628886839e+00 -2.689439205887607542e+00
4.746580449725936290e+00 -2.697377150689498126e+00
4.827030965822985742e+00 -2.683326711140688214e+00
4.907481481920036082e+00 -2.662278309798933762e+00
4.987931998017085533e+00 -2.631312087186056026e+00
5.068382514114135873e+00 -2.611243391008107206e+00
5.148833030211185324e+00 -2.631519730786541000e+00
5.229283546308234776e+00 -2.653287017894757849e+00
5.309734062405285115e+00 -2.655519640066138276e+00
5.390184578502334567e+00 -2.661658493089503974e+00
5.470635094599384018e+00 -2.709233886300008720e+00
5.551085610696433470e+00 -2.721287185942232512e+00
5.631536126793483810e+00 -2.681693047799478258e+00
5.711986642890533261e+00 -2.647020137878457469e+00
5.792437158987582713e+00 -2.632045386537202436e+00
5.872887675084633052e+00 -2.628309429266162844e+00
5.953338191181682504e+00 -2.644378427943649079e+00
6.033788707278731955e+00 -2.647734995675352643e+00
6.114239223375781407e+00 -2.642488312978909182e+00
6.194689739472831747e+00 -2.651347435140672282e+00
6.275140255569881198e+00 -2.683934018748160177e+00
6.355590771666931538e+00 -2.687143151232236793e+00
6.436041287763980989e+00 -2.669318736284227001e+00
6.516491803861030441e+00 -2.664422354132960358e+00
6.596942319958079892e+00 -2.664798761027936003e+00
6.677392836055131120e+00 -2.657538217167267902e+00
6.757843352152180572e+00 -2.658582447430336337e+00
6.838293868249230023e+00 -2.667847004434937386e+00
6.918744384346279475e+00 -2.701953543599538321e+00
6.999194900443328926e+00 -2.728090937180747133e+00
7.079645416540378378e+00 -2.726213225567662324e+00
7.160095932637429605e+00 -2.728214979445479305e+00
7.240546448734479057e+00 -2.711754421702321949e+00
7.320996964831528508e+00 -2.683486437425792737e+00
7.401447480928577960e+00 -2.689346316652542868e+00
7.481897997025627411e+00 -2.714531656649297631e+00
7.562348513122678639e+00 -2.736350917296754393e+00
7.642799029219728091e+00 -2.758085391936050179e+00
7.723249545316777542e+00 -2.775061901063423875e+00
7.803700061413826994e+00 -2.777715725294886973e+00
7.884150577510876445e+00 -2.777982749666923823e+00
7.964601093607927673e+00 -2.750727502189707074e+00
8.045051609704977125e+00 -2.743551175672205744e+00
8.125502125802025688e+00 -2.764760684624132381e+00
8.205952641899076028e+00 -2.780462837809787757e+00
8.286403157996124591e+00 -2.761908721165955427e+00
8.366853674093176707e+00 -2.755862629241299988e+00
8.447304190190225270e+00 -2.773309641035913042e+00
8.527754706287275610e+00 -2.784762026760700948e+00
8.608205222384324173e+00 -2.756456779936724111e+00
8.688655738481374513e+00 -2.756146445957667446e+00
8.769106254578423076e+00 -2.775946387728054354e+00
8.849556770675475192e+00 -2.773207562851607300e+00
8.930007286772523756e+00 -2.752145621611124415e+00
9.010457802869574095e+00 -2.727282505242870858e+00
9.090908318966622659e+00 -2.732235448099351593e+00
9.171358835063672998e+00 -2.747667039771419351e+00
9.251809351160723338e+00 -2.771434222133240866e+00
9.332259867257773678e+00 -2.789717739316512901e+00
9.412710383354822241e+00 -2.808255888735450956e+00
9.493160899451872581e+00 -2.800700735255879703e+00
9.573611415548921144e+00 -2.769951693009987004e+00
9.654061931645971484e+00 -2.752653838056561941e+00
9.734512447743021823e+00 -2.761066184087544784e+00
9.814962963840072163e+00 -2.775803169799810455e+00
9.895413479937120727e+00 -2.812038880280456343e+00
9.975863996034171066e+00 -2.856797304369188772e+00
1.005631451213121963e+01 -2.872022977210885397e+00
1.013676502822827175e+01 -2.864227288296622653e+00
1.021721554432532031e+01 -2.858849486023897324e+00
1.029766606042237065e+01 -2.856711113968699145e+00
