0.000000000000000000e+00 -1.549019599857431873e-01
8.045051609704977069e-02 -1.965074858751817422e-01
1.609010321940995414e-01 -5.247409793659695287e-01
2.413515482911492982e-01 -1.201478568034958005e+00
3.218020643881990828e-01 -1.375285509432159214e+00
4.022525804852488118e-01 -1.381159609659494247e+00
4.827030965822985964e-01 -1.532915397768545684e+00
5.631536126793483810e-01 -1.850085352403155303e+00
6.436041287763981655e-01 -2.148029974461579616e+00
7.240546448734478391e-01 -2.311565223825844839e+00
8.045051609704976237e-01 -2.519997376565474845e+00
8.849556770675472972e-01 -2.688638848518565716e+00
9.654061931645971928e-01 -2.830978524525514572e+00
1.045856709261647088e+00 -2.882966761370265196e+00
1.126307225358696762e+00 -2.896211062841289152e+00
1.206757741455746435e+00 -2.851887728834595848e+00
1.287208257552796331e+00 -2.811183563668002705e+00
1.367658773649846005e+00 -2.813111471442626854e+00
1.448109289746895678e+00 -2.855641065060855244e+00
1.528559805843945352e+00 -2.856374359725459389e+00
1.609010321940995247e+00 -2.800954242212423395e+00
1.689460838038045143e+00 -2.771553496255291904e+00
1.769911354135094594e+00 -2.749319014315068532e+00
1.850361870232144490e+00 -2.759677981218702669e+00
1.930812386329194386e+00 -2.764643070337857722e+00
2.011262902426244281e+00 -2.701721057857791930e+00
2.091713418523294177e+00 -2.617006757196945532e+00
2.172163934620343628e+00 -2.571514807435488770e+00
2.252614450717393524e+00 -2.531611902732849195e+00
2.333064966814443419e+00 -2.549856824258548205e+00
2.413515482911492871e+00 -2.600210202280427207e+00
2.493965999008542767e+00 -2.613842218884502966e+00
2.574416515105592662e+00 -2.599586547472941156e+00
2.654867031202642558e+00 -2.571141846520230256e+00
2.735317547299692009e+00 -2.525741657152847264e+00
2.815768063396741905e+00 -2.542019964033880974e+00
2.896218579493791356e+00 -2.611157346117315203e+00
2.976669095590841252e+00 -2.633011178297268717e+00
3.057119611687890703e+00 -2.605460765816230762e+00
3.137570127784940599e+00 -2.566227138190778856e+00
3.218020643881990495e+00 -2.553548275189950534e+00
3.298471159979039946e+00 -2.595656330417221103e+00
3.378921676076090286e+00 -2.630218262723366784e+00
3.459372192173139737e+00 -2.641517522414516872e+00
3.539822708270189189e+00 -2.589238444465725486e+00
3.620273224367239528e+00 -2.545469100678398711e+00
3.700723740464288980e+00 -2.559705393923481509e+00
3.781174256561339320e+00 -2.618544909179385982e+00
3.861624772658388771e+00 -2.612254574806086804e+00
3.942075288755438223e+00 -2.585644773229042848e+00
4.022525804852488562e+00 -2.611246948997759443e+00
4.102976320949538014e+00 -2.640805187940368448e+00
4.183426837046588354e+00 -2.621471910627305668e+00
4.263877353143637805e+00 -2.618823939333476236e+00
4.344327869240687257e+00 -2.633632100562435241e+00
4.424778385337737596e+00 -2.637923453637421201e+00
4.505228901434787048e+00 -2.642857222053633937e+00
4.585679417531836499e+00 -2.649511348306070158e+00
4.666129933628886839e+00 -2.681797606734582562e+00
4.746580449725936290e+00 -2.669421630748444851e+00
4.827030965822985742e+00 -2.662531429785707004e+00
4.907481481920036082e+00 -2.664713827844406691e+00
4.987931998017085533e+00 -2.678209874946131386e+00
5.068382514114135873e+00 -2.672147195474453785e+00
5.148833030211185324e+00 -2.678887808873807508e+00
5.229283546308234776e+00 -2.677129911418232755e+00
5.309734062405285115e+00 -2.659672883647247854e+00
5.390184578502334567e+00 -2.636355206921673577e+00
5.470635094599384018e+00 -2.639763324507395481e+00
5.551085610696433470e+00 -2.655658346967749051e+00
5.631536126793483810e+00 -2.652370729026949814e+00
5.711986642890533261e+00 -2.657600770799510848e+00
5.792437158987582713e+00 -2.662323078081322958e+00
5.872887675084633052e+00 -2.672099657868408418e+00
5.953338191181682504e+00 -2.669344442510295679e+00
6.033788707278731955e+00 -2.650153877836379568e+00
6.114239223375781407e+00 -2.643031393304374532e+00
6.194689739472831747e+00 -2.647628622640328722e+00
6.275140255569881198e+00 -2.653660520765401820e+00
6.355590771666931538e+00 -2.647848083596239022e+00
6.436041287763980989e+00 -2.662085800351707388e+00
6.516491803861030441e+00 -2.672694393054245499e+00
6.596942319958079892e+00 -2.663396721984691684e+00
6.677392836055131120e+00 -2.641671201470770391e+00
6.757843352152180572e+00 -2.623680014736316846e+00
6.838293868249230023e+00 -2.626248283285961271e+00
6.918744384346279475e+00 -2.638055235400833087e+00
6.999194900443328926e+00 -2.631318993558468211e+00
7.079645416540378378e+00 -2.628394953319947103e+00
7.160095932637429605e+00 -2.661761145157613750e+00
7.240546448734479057e+00 -2.692467501210468850e+00
7.320996964831528508e+00 -2.688876451913148280e+00
7.401447480928577960e+00 -2.721605547353634691e+00
7.481897997025627411e+00 -2.756148436197748186e+00
7.562348513122678639e+00 -2.762090868618082951e+00
7.642799029219728091e+00 -2.739388200313654931e+00
7.723249545316777542e+00 -2.723711438230405069e+00
7.803700061413826994e+00 -2.704495919123665271e+00
7.884150577510876445e+00 -2.691318578726527910e+00
7.964601093607927673e+00 -2.689180408763948815e+00
8.045051609704977125e+00 -2.692095832104450803e+00
8.125502125802025688e+00 -2.699442552840257026e+00
8.205952641899076028e+00 -2.715018331183043809e+00
8.286403157996124591e+00 -2.745281583873817599e+00
8.366853674093176707e+00 -2.779324845979085801e+00
8.447304190190225270e+00 -2.799406074583403736e+00
8.527754706287275610e+00 -2.799743274541477867e+00
8.608205222384324173e+00 -2.772885327311326975e+00
8.688655738481374513e+00 -2.725897517196450792e+00
8.769106254578423076e+00 -2.717649990170989849e+00
8.849556770675475192e+00 -2.736030355346984688e+00
8.930007286772523756e+00 -2.746452598881751861e+00
9.010457802869574095e+00 -2.734668027335560581e+00
9.090908318966622659e+00 -2.737012852265562568e+00
9.171358835063672998e+00 -2.747017377372809044e+00
9.251809351160723338e+00 -2.742987468294954212e+00
9.332259867257773678e+00 -2.739663861000920075e+00
9.412710383354822241e+00 -2.748058261549224390e+00
9.493160899451872581e+00 -2.768470188646204200e+00
9.573611415548921144e+00 -2.771781872192247143e+00
9.654061931645971484e+00 -2.761814079268297917e+00
9.734512447743021823e+00 -2.740610134139508158e+00
9.814962963840072163e+00 -2.745406695646965378e+00
9.895413479937120727e+00 -2.779491462966703352e+00
9.975863996034171066e+00 -2.812491842519142971e+00
1.005631451213121963e+01 -2.812700820695637205e+00
1.013676502822827175e+01 -2.805042013106116006e+00
1.021721554432532031e+01 -2.806298951046096057e+00
1.029766606042237065e+01 -2.802545300747174117e+00
