0.000000000000000000e+00 -1.549019599857431873e-01
8.045051609704977069e-02 -2.058197223189759673e-01
1.609010321940995414e-01 -5.464209731620022215e-01
2.413515482911492982e-01 -1.201003668153430182e+00
3.218020643881990828e-01 -1.332196202323506329e+00
4.022525804852488118e-01 -1.355428804134536147e+00
4.827030965822985964e-01 -1.509792914683646625e+00
5.631536126793483810e-01 -1.730554595039763610e+00
6.436041287763981655e-01 -2.014171179330091821e+00
7.240546448734478391e-01 -2.181503510399680490e+00
8.045051609704976237e-01 -2.326171409865312789e+00
8.849556770675472972e-01 -2.575583412815481310e+00
9.654061931645971928e-01 -2.762919023217013326e+00
1.045856709261647088e+00 -2.838295742980001535e+00
1.126307225358696762e+00 -2.858062240250755170e+00
1.206757741455746435e+00 -2.833304183611673022e+00
1.287208257552796331e+00 -2.835431211535570206e+00
1.367658773649846005e+00 -2.837730532650099669e+00
1.448109289746895678e+00 -2.767385120435706725e+00
1.528559805843945352e+00 -2.684008475257984916e+00
1.609010321940995247e+00 -2.680792304853358843e+00
1.689460838038045143e+00 -2.712536573072942492e+00
1.769911354135094594e+00 -2.743757995877317946e+00
1.850361870232144490e+00 -2.745442759702934055e+00
1.930812386329194386e+00 -2.741780006699999106e+00
2.011262902426244281e+00 -2.757485346152591443e+00
2.091713418523294177e+00 -2.755754135808486271e+00
2.172163934620343628e+00 -2.683590206489717023e+00
2.252614450717393524e+00 -2.617383994679502113e+00
2.333064966814443419e+00 -2.565077574315719033e+00
2.413515482911492871e+00 -2.577130797600317269e+00
2.493965999008542767e+00 -2.637518270504522366e+00
2.574416515105592662e+00 -2.739162416437553649e+00
2.654867031202642558e+00 -2.747773531922806267e+00
2.735317547299692009e+00 -2.678713744049052714e+00
2.815768063396741905e+00 -2.599370428943594824e+00
2.896218579493791356e+00 -2.606290008889277754e+00
2.976669095590841252e+00 -2.699330275468968754e+00
3.057119611687890703e+00 -2.791830455387862564e+00
3.137570127784940599e+00 -2.750029822858008899e+00
3.218020643881990495e+00 -2.689395027423104878e+00
3.298471159979039946e+00 -2.695298716662243077e+00
3.378921676076090286e+00 -2.735522963739873248e+00
3.459372192173139737e+00 -2.734619849448314266e+00
3.539822708270189189e+00 -2.667152434479441503e+00
3.620273224367239528e+00 -2.627030236814496877e+00
3.700723740464288980e+00 -2.611751658050759151e+00
3.781174256561339320e+00 -2.581430588849189078e+00
3.861624772658388771e+00 -2.563365425439555256e+00
3.942075288755438223e+00 -2.592072310970665594e+00
4.022525804852488562e+00 -2.649302760052989925e+00
4.102976320949538014e+00 -2.715307115398220894e+00
4.183426837046588354e+00 -2.757954681270692543e+00
4.263877353143637805e+00 -2.734852171166975321e+00
4.344327869240687257e+00 -2.708142073306087028e+00
4.424778385337737596e+00 -2.693097912356222867e+00
4.505228901434787048e+00 -2.705662133102658462e+00
4.585679417531836499e+00 -2.714341407360933101e+00
4.666129933628886839e+00 -2.744419984085810782e+00
4.746580449725936290e+00 -2.760645143749349106e+00
4.827030965822985742e+00 -2.761787261380239666e+00
4.907481481920036082e+00 -2.749952843084791265e+00
4.987931998017085533e+00 -2.709068496160421446e+00
5.068382514114135873e+00 -2.687819389648183677e+00
5.148833030211185324e+00 -2.681071211371428564e+00
5.229283546308234776e+00 -2.676366335504592353e+00
5.309734062405285115e+00 -2.665265626237471430e+00
5.390184578502334567e+00 -2.651466567108807126e+00
5.470635094599384018e+00 -2.666919658637612045e+00
5.551085610696433470e+00 -2.702698217837335104e+00
5.631536126793483810e+00 -2.728845148175683022e+00
5.711986642890533261e+00 -2.688874412200954023e+00
5.792437158987582713e+00 -2.659588329271685758e+00
5.872887675084633052e+00 -2.689247992072476556e+00
5.953338191181682504e+00 -2.731144254230593482e+00
6.033788707278731955e+00 -2.764499386533537884e+00
6.114239223375781407e+00 -2.791332235085783875e+00
6.194689739472831747e+00 -2.786472433977595919e+00
6.275140255569881198e+00 -2.710145751055390129e+00
6.355590771666931538e+00 -2.657534931915305432e+00
6.436041287763980989e+00 -2.687616735408091095e+00
6.516491803861030441e+00 -2.733309178208821244e+00
6.596942319958079892e+00 -2.731569055502358179e+00
6.677392836055131120e+00 -2.725922260683215193e+00
6.757843352152180572e+00 -2.726563664456309599e+00
6.838293868249230023e+00 -2.694463746820711325e+00
6.918744384346279475e+00 -2.664417595832895280e+00
6.999194900443328926e+00 -2.658731119023699740e+00
7.079645416540378378e+00 -2.686120360547467278e+00
7.160095932637429605e+00 -2.715805869700551600e+00
7.240546448734479057e+00 -2.736100112327876754e+00
7.320996964831528508e+00 -2.739923782197097424e+00
7.401447480928577960e+00 -2.737390177282427839e+00
7.481897997025627411e+00 -2.719551268063984839e+00
7.562348513122678639e+00 -2.720336825963806326e+00
7.642799029219728091e+00 -2.725529975238501823e+00
7.723249545316777542e+00 -2.718097402626640235e+00
7.803700061413826994e+00 -2.723696194667881265e+00
7.884150577510876445e+00 -2.731206819137889319e+00
7.964601093607927673e+00 -2.732516157060937534e+00
8.045051609704977125e+00 -2.728453155267440255e+00
8.125502125802025688e+00 -2.738445248644145735e+00
8.205952641899076028e+00 -2.746020826633507106e+00
8.286403157996124591e+00 -2.750601382732284161e+00
8.366853674093176707e+00 -2.761001298483736655e+00
8.447304190190225270e+00 -2.786153098332898370e+00
8.527754706287275610e+00 -2.783732213073670803e+00
8.608205222384324173e+00 -2.752513624230477518e+00
8.688655738481374513e+00 -2.756596711529611721e+00
8.769106254578423076e+00 -2.805079645296240543e+00
8.849556770675475192e+00 -2.827374646991803964e+00
8.930007286772523756e+00 -2.802534938470578663e+00
9.010457802869574095e+00 -2.758955681226181955e+00
9.090908318966622659e+00 -2.749960071060783218e+00
9.171358835063672998e+00 -2.751161385892060274e+00
9.251809351160723338e+00 -2.743908390460449986e+00
9.332259867257773678e+00 -2.747805013671836161e+00
9.412710383354822241e+00 -2.771586463768187958e+00
9.493160899451872581e+00 -2.769845259462766940e+00
9.573611415548921144e+00 -2.767546269803151215e+00
9.654061931645971484e+00 -2.767064649414023858e+00
9.734512447743021823e+00 -2.777396489067878615e+00
9.814962963840072163e+00 -2.806478039176440564e+00
9.895413479937120727e+00 -2.859386906415914975e+00
9.975863996034171066e+00 -2.868283747860628008e+00
1.005631451213121963e+01 -2.841565279038905434e+00
1.013676502822827175e+01 -2.834179923857685690e+00
1.021721554432532031e+01 -2.846069594423445537e+00
1.029766606042237065e+01 -2.845497976119818695e+00
