0.000000000000000000e+00 -1.549019599857431873e-01
8.045051609704977069e-02 -1.843371804381922219e-01
1.609010321940995414e-01 -4.469998566537991547e-01
2.413515482911492982e-01 -8.848566292347221918e-01
3.218020643881990828e-01 -1.004704331948651941e+00
4.022525804852488118e-01 -1.124948179777845558e+00
4.827030965822985964e-01 -1.376428054383251887e+00
5.631536126793483810e-01 -1.662723181793792637e+00
6.436041287763981655e-01 -1.909528712184316301e+00
7.240546448734478391e-01 -2.147574766636044075e+00
8.045051609704976237e-01 -2.342431322246669279e+00
8.849556770675472972e-01 -2.434807765142834146e+00
9.654061931645971928e-01 -2.529220089905295676e+00
1.045856709261647088e+00 -2.687480358448697704e+00
1.126307225358696762e+00 -2.818105336400650529e+00
1.206757741455746435e+00 -2.850072506104017300e+00
1.287208257552796331e+00 -2.825184052734460494e+00
1.367658773649846005e+00 -2.828713494444271781e+00
1.448109289746895678e+00 -2.807575239999708039e+00
1.528559805843945352e+00 -2.760930628275507281e+00
1.609010321940995247e+00 -2.729002917462082678e+00
1.689460838038045143e+00 -2.698242741331352779e+00
1.769911354135094594e+00 -2.673541668079467915e+00
1.850361870232144490e+00 -2.689472281577063750e+00
1.930812386329194386e+00 -2.692117942292708399e+00
2.011262902426244281e+00 -2.691120131474431521e+00
2.091713418523294177e+00 -2.664149207167449518e+00
2.172163934620343628e+00 -2.640437149587347765e+00
2.252614450717393524e+00 -2.591345321986295414e+00
2.333064966814443419e+00 -2.538447552856181844e+00
2.413515482911492871e+00 -2.577589251441496199e+00
2.493965999008542767e+00 -2.675422083838474130e+00
2.574416515105592662e+00 -2.706244702427913484e+00
2.654867031202642558e+00 -2.726820256418858168e+00
2.735317547299692009e+00 -2.754539395129532053e+00
2.815768063396741905e+00 -2.750643378189133070e+00
2.896218579493791356e+00 -2.732260782710159486e+00
2.976669095590841252e+00 -2.710144902952264623e+00
3.057119611687890703e+00 -2.658051065271013425e+00
3.137570127784940599e+00 -2.599996377786855994e+00
3.218020643881990495e+00 -2.598551547647543369e+00
3.298471159979039946e+00 -2.641975466850878362e+00
3.378921676076090286e+00 -2.656519022845523548e+00
3.459372192173139737e+00 -2.662824154856673342e+00
3.539822708270189189e+00 -2.656718829749618926e+00
3.620273224367239528e+00 -2.633879800482321176e+00
3.700723740464288980e+00 -2.616277504465285286e+00
3.781174256561339320e+00 -2.636794037633768184e+00
3.861624772658388771e+00 -2.676630733686680585e+00
3.942075288755438223e+00 -2.717444950062505082e+00
4.022525804852488562e+00 -2.731195576967486272e+00
4.102976320949538014e+00 -2.737720079122252237e+00
4.183426837046588354e+00 -2.715383063836643629e+00
4.263877353143637805e+00 -2.686025901426916995e+00
4.344327869240687257e+00 -2.643838310468024311e+00
4.424778385337737596e+00 -2.594368733338975552e+00
4.505228901434787048e+00 -2.588967066495960090e+00
4.585679417531836499e+00 -2.609012036547762481e+00
4.666129933628886839e+00 -2.629269184969396544e+00
4.746580449725936290e+00 -2.642251365311285571e+00
4.827030965822985742e+00 -2.627026175796114860e+00
4.907481481920036082e+00 -2.590525649214888926e+00
4.987931998017085533e+00 -2.570162451569590445e+00
5.068382514114135873e+00 -2.586043072390151298e+00
5.148833030211185324e+00 -2.653250453409046639e+00
5.229283546308234776e+00 -2.721066434269564294e+00
5.309734062405285115e+00 -2.719601667827686864e+00
5.390184578502334567e+00 -2.687985975351348866e+00
5.470635094599384018e+00 -2.659266227776018621e+00
5.551085610696433470e+00 -2.648492598208193272e+00
5.631536126793483810e+00 -2.644278831976762056e+00
5.711986642890533261e+00 -2.657537197017272312e+00
5.792437158987582713e+00 -2.677169440493415209e+00
5.872887675084633052e+00 -2.691502160826969803e+00
5.953338191181682504e+00 -2.689050168280824327e+00
6.033788707278731955e+00 -2.696008884365355129e+00
6.114239223375781407e+00 -2.705060968413311340e+00
6.194689739472831747e+00 -2.693590983836972708e+00
6.275140255569881198e+00 -2.681888918942700428e+00
6.355590771666931538e+00 -2.670823655312096090e+00
6.436041287763980989e+00 -2.680839339350557626e+00
6.516491803861030441e+00 -2.680212271087539566e+00
6.596942319958079892e+00 -2.662476757267481897e+00
6.677392836055131120e+00 -2.663442995587706363e+00
6.757843352152180572e+00 -2.681593030928464572e+00
6.838293868249230023e+00 -2.695387540374321489e+00
6.918744384346279475e+00 -2.679271898633359239e+00
6.999194900443328926e+00 -2.657996713518381071e+00
7.079645416540378378e+00 -2.640665073942864538e+00
7.160095932637429605e+00 -2.652076000492447072e+00
7.240546448734479057e+00 -2.678463593900640038e+00
7.320996964831528508e+00 -2.702407546601621746e+00
7.401447480928577960e+00 -2.710406091936881090e+00
7.481897997025627411e+00 -2.709230662054285865e+00
7.562348513122678639e+00 -2.731785719553620151e+00
7.642799029219728091e+00 -2.729502686502986997e+00
7.723249545316777542e+00 -2.726077800249711025e+00
7.803700061413826994e+00 -2.730517349612742617e+00
7.884150577510876445e+00 -2.733057046481323304e+00
7.964601093607927673e+00 -2.740585278792658563e+00
8.045051609704977125e+00 -2.722909277232758107e+00
8.125502125802025688e+00 -2.728065490104741642e+00
8.205952641899076028e+00 -2.752654471429280658e+00
8.286403157996124591e+00 -2.762905248233533229e+00
8.366853674093176707e+00 -2.766163208661885697e+00
8.447304190190225270e+00 -2.769366866791245219e+00
8.527754706287275610e+00 -2.738036697223162008e+00
8.608205222384324173e+00 -2.709233045088400793e+00
8.688655738481374513e+00 -2.702691560569502105e+00
8.769106254578423076e+00 -2.720288638016332694e+00
8.849556770675475192e+00 -2.728707117557310546e+00
8.930007286772523756e+00 -2.729314350071819550e+00
9.010457802869574095e+00 -2.714124587520146292e+00
9.090908318966622659e+00 -2.713032051707435333e+00
9.171358835063672998e+00 -2.709484194011940961e+00
9.251809351160723338e+00 -2.719903036854586009e+00
9.332259867257773678e+00 -2.724661349185371950e+00
9.412710383354822241e+00 -2.742610411424463379e+00
9.493160899451872581e+00 -2.766111482423923906e+00
9.573611415548921144e+00 -2.783659971143200185e+00
9.654061931645971484e+00 -2.773076581088374848e+00
9.734512447743021823e+00 -2.764393149347482037e+00
9.814962963840072163e+00 -2.785322805953436287e+00
9.895413479937120727e+00 -2.813907642396972886e+00
9.975863996034171066e+00 -2.822384654584163766e+00
1.005631451213121963e+01 -2.821830911246355988e+00
1.013676502822827175e+01 -2.819197112568960772e+00
1.021721554432532031e+01 -2.822105779273758053e+00
1.029766606042237065e+01 -2.839821385996313285e+00
