0.000000000000000000e+00 -1.549019599857431873e-01
8.045051609704977069e-02 -1.868695959399709894e-01
1.609010321940995414e-01 -4.020145396497754042e-01
2.413515482911492982e-01 -8.446248527770101600e-01
3.218020643881990828e-01 -1.267264034259744987e+00
4.022525804852488118e-01 -1.899873664386152017e+00
4.827030965822985964e-01 -2.573152065432919855e+00
5.631536126793483810e-01 -2.942556216393378499e+00
6.436041287763981655e-01 -3.194524667750659130e+00
7.240546448734478391e-01 -3.259696215052198642e+00
8.045051609704976237e-01 -3.355883372104066620e+00
8.849556770675472972e-01 -3.461424422573017523e+00
9.654061931645971928e-01 -3.546796609930523925e+00
1.045856709261647088e+00 -3.599991313434911966e+00
1.126307225358696762e+00 -3.613978532524209974e+00
1.206757741455746435e+00 -3.612240898360685293e+00
1.287208257552796331e+00 -3.533380478341094033e+00
1.367658773649846005e+00 -3.488342013549859288e+00
1.448109289746895678e+00 -3.491404563419789664e+00
1.528559805843945352e+00 -3.505604221777471441e+00
1.609010321940995247e+00 -3.481800248901048889e+00
1.689460838038045143e+00 -3.425900359241641269e+00
1.769911354135094594e+00 -3.321920800343259206e+00
1.850361870232144490e+00 -3.270452235836545984e+00
1.930812386329194386e+00 -3.186287461829341083e+00
2.011262902426244281e+00 -3.121765296549129598e+00
2.091713418523294177e+00 -3.080751943260747083e+00
2.172163934620343628e+00 -3.053400276060046270e+00
2.252614450717393524e+00 -3.065756149282684362e+00
2.333064966814443419e+00 -3.098811665519263236e+00
2.413515482911492871e+00 -3.135215468375036174e+00
2.493965999008542767e+00 -3.164620794841690454e+00
2.574416515105592662e+00 -3.191390006189866568e+00
2.654867031202642558e+00 -3.219368343471947558e+00
2.735317547299692009e+00 -3.209561076778361333e+00
2.815768063396741905e+00 -3.176133017260104552e+00
2.896218579493791356e+00 -3.190802480403907904e+00
2.976669095590841252e+00 -3.205886657221350688e+00
3.057119611687890703e+00 -3.179049847315999600e+00
3.137570127784940599e+00 -3.173452122850851875e+00
3.218020643881990495e+00 -3.149839068214581594e+00
3.298471159979039946e+00 -3.125491783468782536e+00
3.378921676076090286e+00 -3.109406795604888085e+00
3.459372192173139737e+00 -3.120569371791933388e+00
3.539822708270189189e+00 -3.100912002959814284e+00
3.620273224367239528e+00 -3.034455777241782393e+00
3.700723740464288980e+00 -3.003341658778156731e+00
3.781174256561339320e+00 -2.988006584161420065e+00
3.861624772658388771e+00 -2.986477963809631042e+00
3.942075288755438223e+00 -2.987181311650448201e+00
4.022525804852488562e+00 -3.011521857947619285e+00
4.102976320949538014e+00 -3.032023437272522326e+00
4.183426837046588354e+00 -3.069315033725279918e+00
4.263877353143637805e+00 -3.137991953852897531e+00
4.344327869240687257e+00 -3.168844957061446532e+00
4.424778385337737596e+00 -3.181756687222866198e+00
4.505228901434787048e+00 -3.158203087581506807e+00
4.585679417531836499e+00 -3.130051933551492471e+00
4.666129933628886839e+00 -3.106436087395689771e+00
4.746580449725936290e+00 -3.109012017618979939e+00
4.827030965822985742e+00 -3.097170174811613830e+00
4.907481481920036082e+00 -3.072148594122555476e+00
4.987931998017085533e+00 -3.090686262683365548e+00
5.068382514114135873e+00 -3.139767785114031096e+00
5.148833030211185324e+00 -3.191608383155553952e+00
5.229283546308234776e+00 -3.216140912518648864e+00
5.309734062405285115e+00 -3.246954987140846960e+00
5.390184578502334567e+00 -3.228977897668092290e+00
5.470635094599384018e+00 -3.206646609593852837e+00
5.551085610696433470e+00 -3.210455382511228972e+00
5.631536126793483810e+00 -3.232121488596156667e+00
5.711986642890533261e+00 -3.244361707240944082e+00
5.792437158987582713e+00 -3.250456874752917003e+00
5.872887675084633052e+00 -3.254168153363966365e+00
5.953338191181682504e+00 -3.237491979925691155e+00
6.033788707278731955e+00 -3.202989781899748145e+00
6.114239223375781407e+00 -3.158537421451415472e+00
6.194689739472831747e+00 -3.155652809762315325e+00
6.275140255569881198e+00 -3.120620880780889728e+00
6.355590771666931538e+00 -3.118754695941596378e+00
6.436041287763980989e+00 -3.165658090471383801e+00
6.516491803861030441e+00 -3.211519778425703908e+00
6.596942319958079892e+00 -3.219470529246922563e+00
6.677392836055131120e+00 -3.220811151832418950e+00
6.757843352152180572e+00 -3.213404480862967816e+00
6.838293868249230023e+00 -3.185532108883338598e+00
6.918744384346279475e+00 -3.171691368065209904e+00
6.999194900443328926e+00 -3.164049613185033305e+00
7.079645416540378378e+00 -3.182123851021933181e+00
7.160095932637429605e+00 -3.214147061518977111e+00
7.240546448734479057e+00 -3.225807447924323057e+00
7.320996964831528508e+00 -3.202326539969530650e+00
7.401447480928577960e+00 -3.191023968579940195e+00
7.481897997025627411e+00 -3.179224109355291539e+00
7.562348513122678639e+00 -3.174748255729864521e+00
7.642799029219728091e+00 -3.176310045807992477e+00
7.723249545316777542e+00 -3.197741272479815322e+00
7.803700061413826994e+00 -3.237209259345060097e+00
7.884150577510876445e+00 -3.270427146400550544e+00
7.964601093607927673e+00 -3.277192117922705261e+00
8.045051609704977125e+00 -3.282593717739640482e+00
8.125502125802025688e+00 -3.285690331521556207e+00
8.205952641899076028e+00 -3.290475755208380537e+00
8.286403157996124591e+00 -3.271286962338941784e+00
8.366853674093176707e+00 -3.256987286410599758e+00
8.447304190190225270e+00 -3.230896135543203318e+00
8.527754706287275610e+00 -3.221149187674746006e+00
8.608205222384324173e+00 -3.216331545419199411e+00
8.688655738481374513e+00 -3.218923236153933498e+00
8.769106254578423076e+00 -3.239993379767838633e+00
8.849556770675475192e+00 -3.267800524078962265e+00
8.930007286772523756e+00 -3.287697977240288782e+00
9.010457802869574095e+00 -3.300174372260925804e+00
9.090908318966622659e+00 -3.322617100671239054e+00
9.171358835063672998e+00 -3.326707266337584734e+00
9.251809351160723338e+00 -3.309949258167388386e+00
9.332259867257773678e+00 -3.307977577758679288e+00
9.412710383354822241e+00 -3.311627039671830808e+00
9.493160899451872581e+00 -3.297975923029525358e+00
9.573611415548921144e+00 -3.269118652892157417e+00
9.654061931645971484e+00 -3.249963585727357440e+00
9.734512447743021823e+00 -3.261592402872030227e+00
9.814962963840072163e+00 -3.276355689970800622e+00
9.895413479937120727e+00 -3.277221710696235579e+00
9.975863996034171066e+00 -3.255697775661985371e+00
1.005631451213121963e+01 -3.257187876904352297e+00
1.013676502822827175e+01 -3.282518044716026040e+00
1.021721554432532031e+01 -3.308563194729441825e+00
1.029766606042237065e+01 -3.320178252985959144e+00
