0.000000000000000000e+00 -1.549019599857431873e-01
8.045051609704977069e-02 -2.003546925600447060e-01
1.609010321940995414e-01 -5.714331379126336152e-01
2.413515482911492982e-01 -1.341213894632380166e+00
3.218020643881990828e-01 -1.728168986545778107e+00
4.022525804852488118e-01 -2.215516020593182311e+00
4.827030965822985964e-01 -2.739198515629750919e+00
5.631536126793483810e-01 -3.121976834786544419e+00
6.436041287763981655e-01 -3.331211943539935216e+00
7.240546448734478391e-01 -3.411880790788833107e+00
8.045051609704976237e-01 -3.487073423107480696e+00
8.849556770675472972e-01 -3.550053864440696483e+00
9.654061931645971928e-01 -3.592126862783318497e+00
1.045856709261647088e+00 -3.575779685791558471e+00
1.126307225358696762e+00 -3.541813803609050293e+00
1.206757741455746435e+00 -3.509817020758592143e+00
1.287208257552796331e+00 -3.498175816609728983e+00
1.367658773649846005e+00 -3.538676509518810409e+00
1.448109289746895678e+00 -3.584648490925059772e+00
1.528559805843945352e+00 -3.524866299984806606e+00
1.609010321940995247e+00 -3.369982728634195013e+00
1.689460838038045143e+00 -3.289889919548258934e+00
1.769911354135094594e+00 -3.296816009169745598e+00
1.850361870232144490e+00 -3.318604036604974716e+00
1.930812386329194386e+00 -3.327082544289382771e+00
2.011262902426244281e+00 -3.287414572457755479e+00
2.091713418523294177e+00 -3.180015494481178262e+00
2.172163934620343628e+00 -3.135422582148069459e+00
2.252614450717393524e+00 -3.158187522882783593e+00
2.333064966814443419e+00 -3.165032662844220024e+00
2.413515482911492871e+00 -3.123260748438469570e+00
2.493965999008542767e+00 -3.108026924039156480e+00
2.574416515105592662e+00 -3.093355484579394243e+00
2.654867031202642558e+00 -3.096447913706137367e+00
2.735317547299692009e+00 -3.158365994673938637e+00
2.815768063396741905e+00 -3.224804119533067226e+00
2.896218579493791356e+00 -3.213562068341844657e+00
2.976669095590841252e+00 -3.154134987790162103e+00
3.057119611687890703e+00 -3.134474676231813639e+00
3.137570127784940599e+00 -3.161644276464498304e+00
3.218020643881990495e+00 -3.200455145693286152e+00
3.298471159979039946e+00 -3.202289127450728579e+00
3.378921676076090286e+00 -3.126202798792137028e+00
3.459372192173139737e+00 -3.063281485625647615e+00
3.539822708270189189e+00 -3.052689081914889080e+00
3.620273224367239528e+00 -3.073599952714872963e+00
3.700723740464288980e+00 -3.078553378899297588e+00
3.781174256561339320e+00 -3.081475379811721371e+00
3.861624772658388771e+00 -3.067483676475401655e+00
3.942075288755438223e+00 -3.028238666521152478e+00
4.022525804852488562e+00 -3.026682594019539430e+00
4.102976320949538014e+00 -3.081555083418871632e+00
4.183426837046588354e+00 -3.142585167380048894e+00
4.263877353143637805e+00 -3.160086452571638116e+00
4.344327869240687257e+00 -3.166427948036674600e+00
4.424778385337737596e+00 -3.154066087448109457e+00
4.505228901434787048e+00 -3.164283731455912463e+00
4.585679417531836499e+00 -3.190121833643293048e+00
4.666129933628886839e+00 -3.190451078539521923e+00
4.746580449725936290e+00 -3.148287485317268874e+00
4.827030965822985742e+00 -3.120314308669073888e+00
4.907481481920036082e+00 -3.110274221113794813e+00
4.987931998017085533e+00 -3.117823117261206090e+00
5.068382514114135873e+00 -3.133359574780553825e+00
5.148833030211185324e+00 -3.139429203407125168e+00
5.229283546308234776e+00 -3.176252861269059924e+00
5.309734062405285115e+00 -3.189742956932335005e+00
5.390184578502334567e+00 -3.165928178677313909e+00
5.470635094599384018e+00 -3.134990393790443530e+00
5.551085610696433470e+00 -3.113670893949005869e+00
5.631536126793483810e+00 -3.098769134531390357e+00
5.711986642890533261e+00 -3.093033635661675440e+00
5.792437158987582713e+00 -3.142989945308399147e+00
5.872887675084633052e+00 -3.200902530267896839e+00
5.953338191181682504e+00 -3.207061379112125632e+00
6.033788707278731955e+00 -3.167531093348579851e+00
6.114239223375781407e+00 -3.125357755178801433e+00
6.194689739472831747e+00 -3.111404090340906148e+00
6.275140255569881198e+00 -3.117714547339168973e+00
6.355590771666931538e+00 -3.148247963043397046e+00
6.436041287763980989e+00 -3.171474731895163046e+00
6.516491803861030441e+00 -3.187083494790968974e+00
6.596942319958079892e+00 -3.222718147612072315e+00
6.677392836055131120e+00 -3.245194424840252001e+00
6.757843352152180572e+00 -3.217929761175808867e+00
6.838293868249230023e+00 -3.180557311592484115e+00
6.918744384346279475e+00 -3.187867765817479881e+00
6.999194900443328926e+00 -3.225581051196924953e+00
7.079645416540378378e+00 -3.238371550926133491e+00
7.160095932637429605e+00 -3.234342803517315179e+00
7.240546448734479057e+00 -3.215868268070706470e+00
7.320996964831528508e+00 -3.208084543140534262e+00
7.401447480928577960e+00 -3.215000286765544502e+00
7.481897997025627411e+00 -3.228118215611704311e+00
7.562348513122678639e+00 -3.227287508371309066e+00
7.642799029219728091e+00 -3.211026062541720183e+00
7.723249545316777542e+00 -3.205617223599450671e+00
7.803700061413826994e+00 -3.210266353921126470e+00
7.884150577510876445e+00 -3.208308931485108761e+00
7.964601093607927673e+00 -3.203144695194254155e+00
8.045051609704977125e+00 -3.186101484242805260e+00
8.125502125802025688e+00 -3.175312914010851362e+00
8.205952641899076028e+00 -3.185636982872762868e+00
8.286403157996124591e+00 -3.201206237851558889e+00
8.366853674093176707e+00 -3.207145035024103308e+00
8.447304190190225270e+00 -3.211870210312917084e+00
8.527754706287275610e+00 -3.225295809484997278e+00
8.608205222384324173e+00 -3.231115956368456388e+00
8.688655738481374513e+00 -3.234872536801182807e+00
8.769106254578423076e+00 -3.247626274001685687e+00
8.849556770675475192e+00 -3.254204276377712368e+00
8.930007286772523756e+00 -3.254409782024328290e+00
9.010457802869574095e+00 -3.250744863508570504e+00
9.090908318966622659e+00 -3.250587048934695744e+00
9.171358835063672998e+00 -3.241570455861953803e+00
9.251809351160723338e+00 -3.245334953272941192e+00
9.332259867257773678e+00 -3.240105863422824140e+00
9.412710383354822241e+00 -3.260081971682118773e+00
9.493160899451872581e+00 -3.280573076059838833e+00
9.573611415548921144e+00 -3.287238391418794148e+00
9.654061931645971484e+00 -3.303727056645472615e+00
9.734512447743021823e+00 -3.332777727545203739e+00
9.814962963840072163e+00 -3.359284266053135681e+00
9.895413479937120727e+00 -3.357121410578720155e+00
9.975863996034171066e+00 -3.344454396998218559e+00
1.005631451213121963e+01 -3.343510539166589357e+00
1.013676502822827175e+01 -3.340071236819896594e+00
1.021721554432532031e+01 -3.344599528384173404e+00
1.029766606042237065e+01 -3.356163352945745082e+00
