0.000000000000000000e+00 -1.549019599857431873e-01
8.045051609704977069e-02 -1.809299278881652262e-01
1.609010321940995414e-01 -4.542240134344688873e-01
2.413515482911492982e-01 -1.024376735904383162e+00
3.218020643881990828e-01 -1.593994603015624678e+00
4.022525804852488118e-01 -2.077481345771049259e+00
4.827030965822985964e-01 -2.611048816710784148e+00
5.631536126793483810e-01 -2.874001242155524771e+00
6.436041287763981655e-01 -3.088828711220508616e+00
7.240546448734478391e-01 -3.307999778052065576e+00
8.045051609704976237e-01 -3.479044250688535733e+00
8.849556770675472972e-01 -3.572621460347699340e+00
9.654061931645971928e-01 -3.607475820555148260e+00
1.045856709261647088e+00 -3.623006595904238125e+00
1.126307225358696762e+00 -3.603871220083751048e+00
1.206757741455746435e+00 -3.542618414044160779e+00
1.287208257552796331e+00 -3.479803067252619453e+00
1.367658773649846005e+00 -3.466695535699985786e+00
1.448109289746895678e+00 -3.475121122093751680e+00
1.528559805843945352e+00 -3.480804986471435658e+00
1.609010321940995247e+00 -3.479086405922618752e+00
1.689460838038045143e+00 -3.419606896894801906e+00
1.769911354135094594e+00 -3.317006545495805092e+00
1.850361870232144490e+00 -3.245633003098848945e+00
1.930812386329194386e+00 -3.200822840337701702e+00
2.011262902426244281e+00 -3.165528631170702045e+00
2.091713418523294177e+00 -3.147239488137607566e+00
2.172163934620343628e+00 -3.089072877786299021e+00
2.252614450717393524e+00 -3.084078262705495010e+00
2.333064966814443419e+00 -3.123269975686474798e+00
2.413515482911492871e+00 -3.148537478985134364e+00
2.493965999008542767e+00 -3.128901663972492475e+00
2.574416515105592662e+00 -3.122756844774987162e+00
2.654867031202642558e+00 -3.131024403671125889e+00
2.735317547299692009e+00 -3.111953694537803905e+00
2.815768063396741905e+00 -3.090466806464018390e+00
2.896218579493791356e+00 -3.130940040402727664e+00
2.976669095590841252e+00 -3.185466783611422770e+00
3.057119611687890703e+00 -3.192803191844844957e+00
3.137570127784940599e+00 -3.140862342607731339e+00
3.218020643881990495e+00 -3.089682406769258538e+00
3.298471159979039946e+00 -3.029252111877583697e+00
3.378921676076090286e+00 -3.026287882356649916e+00
3.459372192173139737e+00 -3.019048184185495032e+00
3.539822708270189189e+00 -3.038181270509164644e+00
3.620273224367239528e+00 -3.062178430856926425e+00
3.700723740464288980e+00 -3.131506556601964864e+00
3.781174256561339320e+00 -3.184268686124787084e+00
3.861624772658388771e+00 -3.181531577963769841e+00
3.942075288755438223e+00 -3.148131173647252368e+00
4.022525804852488562e+00 -3.127712454305464185e+00
4.102976320949538014e+00 -3.105012004683609383e+00
4.183426837046588354e+00 -3.104244109946936891e+00
4.263877353143637805e+00 -3.122254084939065422e+00
4.344327869240687257e+00 -3.153778935466684974e+00
4.424778385337737596e+00 -3.166080725899068415e+00
4.505228901434787048e+00 -3.158104073221828401e+00
4.585679417531836499e+00 -3.159721790065732616e+00
4.666129933628886839e+00 -3.157655531382804526e+00
4.746580449725936290e+00 -3.125135555284548783e+00
4.827030965822985742e+00 -3.106922269200862008e+00
4.907481481920036082e+00 -3.115790294554303230e+00
4.987931998017085533e+00 -3.137788028907196658e+00
5.068382514114135873e+00 -3.163628763136959954e+00
5.148833030211185324e+00 -3.165094509764439401e+00
5.229283546308234776e+00 -3.182882508268054966e+00
5.309734062405285115e+00 -3.204741386896658994e+00
5.390184578502334567e+00 -3.223258964861459130e+00
5.470635094599384018e+00 -3.256547802041120931e+00
5.551085610696433470e+00 -3.280900724319711692e+00
5.631536126793483810e+00 -3.255849830888907448e+00
5.711986642890533261e+00 -3.226470640754996566e+00
5.792437158987582713e+00 -3.195096654525678037e+00
5.872887675084633052e+00 -3.188059113998186866e+00
5.953338191181682504e+00 -3.160513398492216908e+00
6.033788707278731955e+00 -3.136491690868683069e+00
6.114239223375781407e+00 -3.162205832819943385e+00
6.194689739472831747e+00 -3.177502448809036206e+00
6.275140255569881198e+00 -3.174047003216267981e+00
6.355590771666931538e+00 -3.199296304550161896e+00
6.436041287763980989e+00 -3.217197219104313888e+00
6.516491803861030441e+00 -3.205738053032828994e+00
6.596942319958079892e+00 -3.201641193521412632e+00
6.677392836055131120e+00 -3.189923935655047504e+00
6.757843352152180572e+00 -3.176375516933885645e+00
6.838293868249230023e+00 -3.159108612710793018e+00
6.918744384346279475e+00 -3.155593659853977773e+00
6.999194900443328926e+00 -3.142609576114562930e+00
7.079645416540378378e+00 -3.143078389437281572e+00
7.160095932637429605e+00 -3.162703192620031967e+00
7.240546448734479057e+00 -3.165907061610717221e+00
7.320996964831528508e+00 -3.152383056102749936e+00
7.401447480928577960e+00 -3.149911567331213913e+00
7.481897997025627411e+00 -3.165292505658070077e+00
7.562348513122678639e+00 -3.186182328694574295e+00
7.642799029219728091e+00 -3.222666637561559355e+00
7.723249545316777542e+00 -3.239393218442720102e+00
7.803700061413826994e+00 -3.230068054725291571e+00
7.884150577510876445e+00 -3.213916126785699490e+00
7.964601093607927673e+00 -3.181849804107911961e+00
8.045051609704977125e+00 -3.184608164123689189e+00
8.125502125802025688e+00 -3.224251479076697624e+00
8.205952641899076028e+00 -3.244522617420205535e+00
8.286403157996124591e+00 -3.247634522110975475e+00
8.366853674093176707e+00 -3.247287893299500183e+00
8.447304190190225270e+00 -3.231924812375204237e+00
8.527754706287275610e+00 -3.208530684843588610e+00
8.608205222384324173e+00 -3.232907700599905620e+00
8.688655738481374513e+00 -3.260438995102449056e+00
8.769106254578423076e+00 -3.270554025258054498e+00
8.849556770675475192e+00 -3.262952460781084696e+00
8.930007286772523756e+00 -3.263277160710753133e+00
9.010457802869574095e+00 -3.275209265993511920e+00
9.090908318966622659e+00 -3.281300264614709139e+00
9.171358835063672998e+00 -3.281281962922687256e+00
9.251809351160723338e+00 -3.267791404141915379e+00
9.332259867257773678e+00 -3.250667838595600934e+00
9.412710383354822241e+00 -3.242397320012680773e+00
9.493160899451872581e+00 -3.236999168701280460e+00
9.573611415548921144e+00 -3.238971805865304976e+00
9.654061931645971484e+00 -3.227854425933686322e+00
9.734512447743021823e+00 -3.207379787035284036e+00
9.814962963840072163e+00 -3.197610026421623619e+00
9.895413479937120727e+00 -3.203671241119026902e+00
9.975863996034171066e+00 -3.235652664366655884e+00
1.005631451213121963e+01 -3.257267843897877935e+00
1.013676502822827175e+01 -3.265127730116855975e+00
1.021721554432532031e+01 -3.281423961886662521e+00
1.029766606042237065e+01 -3.290261515948480042e+00
