0.000000000000000000e+00 -1.549019599857431873e-01
8.045051609704977069e-02 -1.989978037685189161e-01
1.609010321940995414e-01 -5.042704279699073977e-01
2.413515482911492982e-01 -1.129435381718701281e+00
3.218020643881990828e-01 -1.571840591564895639e+00
4.022525804852488118e-01 -2.147093139836556475e+00
4.827030965822985964e-01 -2.485556519725570901e+00
5.631536126793483810e-01 -2.736967359247338472e+00
6.436041287763981655e-01 -3.002500521031978842e+00
7.240546448734478391e-01 -3.254482648842661696e+00
8.045051609704976237e-01 -3.428545167820532757e+00
8.849556770675472972e-01 -3.472203256254752457e+00
9.654061931645971928e-01 -3.515016923750715172e+00
1.045856709261647088e+00 -3.564825820966794456e+00
1.126307225358696762e+00 -3.581196682790168229e+00
1.206757741455746435e+00 -3.536240501614710929e+00
1.287208257552796331e+00 -3.518010200515848229e+00
1.367658773649846005e+00 -3.549741815289840119e+00
1.448109289746895678e+00 -3.513540007971093448e+00
1.528559805843945352e+00 -3.434757618283635239e+00
1.609010321940995247e+00 -3.335305030040998986e+00
1.689460838038045143e+00 -3.282691218333209537e+00
1.769911354135094594e+00 -3.284166082221701366e+00
1.850361870232144490e+00 -3.276705488313156778e+00
1.930812386329194386e+00 -3.241219099173069829e+00
2.011262902426244281e+00 -3.162367416138329723e+00
2.091713418523294177e+00 -3.043895911070671367e+00
2.172163934620343628e+00 -3.007804499049457903e+00
2.252614450717393524e+00 -3.068668830364076783e+00
2.333064966814443419e+00 -3.150124621290533611e+00
2.413515482911492871e+00 -3.165429668278377129e+00
2.493965999008542767e+00 -3.149706092459646278e+00
2.574416515105592662e+00 -3.172566331987995536e+00
2.654867031202642558e+00 -3.212856901823317735e+00
2.735317547299692009e+00 -3.247841396473115871e+00
2.815768063396741905e+00 -3.244503237483681524e+00
2.896218579493791356e+00 -3.232561256862278576e+00
2.976669095590841252e+00 -3.237183600410412865e+00
3.057119611687890703e+00 -3.256612210152978193e+00
3.137570127784940599e+00 -3.199176285028827671e+00
3.218020643881990495e+00 -3.146223475951787751e+00
3.298471159979039946e+00 -3.134836559327232042e+00
3.378921676076090286e+00 -3.131257065480909318e+00
3.459372192173139737e+00 -3.128873132739362184e+00
3.539822708270189189e+00 -3.114017422596841556e+00
3.620273224367239528e+00 -3.142018407551729009e+00
3.700723740464288980e+00 -3.195584198604878523e+00
3.781174256561339320e+00 -3.211631764765384478e+00
3.861624772658388771e+00 -3.159108823034685543e+00
3.942075288755438223e+00 -3.112714594413903857e+00
4.022525804852488562e+00 -3.097167867440725253e+00
4.102976320949538014e+00 -3.095776818379956108e+00
4.183426837046588354e+00 -3.095765946991727802e+00
4.263877353143637805e+00 -3.084171575149442290e+00
4.344327869240687257e+00 -3.095646642981506158e+00
4.424778385337737596e+00 -3.096462489283131170e+00
4.505228901434787048e+00 -3.098363716878167473e+00
4.585679417531836499e+00 -3.120497849179888483e+00
4.666129933628886839e+00 -3.165625396968775540e+00
4.746580449725936290e+00 -3.183939039911777513e+00
4.827030965822985742e+00 -3.158424985244399963e+00
4.907481481920036082e+00 -3.147649196435449159e+00
4.987931998017085533e+00 -3.120662055239145971e+00
5.068382514114135873e+00 -3.106645723287324135e+00
5.148833030211185324e+00 -3.100048716676346849e+00
5.229283546308234776e+00 -3.121745554074521589e+00
5.309734062405285115e+00 -3.142451093588515487e+00
5.390184578502334567e+00 -3.144785907811410208e+00
5.470635094599384018e+00 -3.133662560192697288e+00
5.551085610696433470e+00 -3.133220104168586317e+00
5.631536126793483810e+00 -3.124873245702795010e+00
5.711986642890533261e+00 -3.128305715159185318e+00
5.792437158987582713e+00 -3.156787557690362345e+00
5.872887675084633052e+00 -3.183737453484119406e+00
5.953338191181682504e+00 -3.190504115344211300e+00
6.033788707278731955e+00 -3.157449108879732513e+00
6.114239223375781407e+00 -3.143204881112778626e+00
6.194689739472831747e+00 -3.160933252163458995e+00
6.275140255569881198e+00 -3.168303008697987089e+00
6.355590771666931538e+00 -3.174878995409159632e+00
6.436041287763980989e+00 -3.186140839669469038e+00
6.516491803861030441e+00 -3.176005947257310336e+00
6.596942319958079892e+00 -3.176477440749897685e+00
6.677392836055131120e+00 -3.171947727839289133e+00
6.757843352152180572e+00 -3.161472981849955399e+00
6.838293868249230023e+00 -3.152821565137652993e+00
6.918744384346279475e+00 -3.148215740285789543e+00
6.999194900443328926e+00 -3.172850493233904334e+00
7.079645416540378378e+00 -3.223113468579292373e+00
7.160095932637429605e+00 -3.226390990395825220e+00
7.240546448734479057e+00 -3.204772299625757270e+00
7.320996964831528508e+00 -3.181677802304828884e+00
7.401447480928577960e+00 -3.180227745367630199e+00
7.481897997025627411e+00 -3.200503060457117410e+00
7.562348513122678639e+00 -3.227435381582943741e+00
7.642799029219728091e+00 -3.230467735530124784e+00
7.723249545316777542e+00 -3.238965965067775787e+00
7.803700061413826994e+00 -3.253512733825740799e+00
7.884150577510876445e+00 -3.242074026626210692e+00
7.964601093607927673e+00 -3.228905473241892921e+00
8.045051609704977125e+00 -3.217748002905191029e+00
8.125502125802025688e+00 -3.224527835256998376e+00
8.205952641899076028e+00 -3.258219145181098675e+00
8.286403157996124591e+00 -3.292927127477781379e+00
8.366853674093176707e+00 -3.286573696314956994e+00
8.447304190190225270e+00 -3.260836133251074465e+00
8.527754706287275610e+00 -3.228641881891355592e+00
8.608205222384324173e+00 -3.228591495780845921e+00
8.688655738481374513e+00 -3.244996382402657087e+00
8.769106254578423076e+00 -3.263865005515560913e+00
8.849556770675475192e+00 -3.267687248427146418e+00
8.930007286772523756e+00 -3.248917018860518091e+00
9.010457802869574095e+00 -3.229787334285654676e+00
9.090908318966622659e+00 -3.240063641112885140e+00
9.171358835063672998e+00 -3.272503342061325871e+00
9.251809351160723338e+00 -3.276131118818261800e+00
9.332259867257773678e+00 -3.298588606406373636e+00
9.412710383354822241e+00 -3.334391925875709095e+00
9.493160899451872581e+00 -3.340832196581096980e+00
9.573611415548921144e+00 -3.320780843557239237e+00
9.654061931645971484e+00 -3.292980438910452445e+00
9.734512447743021823e+00 -3.271834371465109914e+00
9.814962963840072163e+00 -3.281075591376608980e+00
9.895413479937120727e+00 -3.319314615436968374e+00
9.975863996034171066e+00 -3.341864954903395191e+00
1.005631451213121963e+01 -3.362523816994698489e+00
1.013676502822827175e+01 -3.370133070756777816e+00
1.021721554432532031e+01 -3.363086250094671215e+00
1.029766606042237065e+01 -3.368755385869431684e+00
