0.000000000000000000e+00 -1.549019599857431873e-01
4.022525804852488535e-02 -2.057265907513158021e-01
8.045051609704977069e-02 -5.470148724996466427e-01
1.206757741455746491e-01 -2.419021479445116807e+00
1.609010321940995414e-01 -4.191599110452069787e+00
2.011262902426244059e-01 -4.578607614324305963e+00
2.413515482911492982e-01 -4.477147416790323575e+00
2.815768063396741905e-01 -4.303114752348093930e+00
3.218020643881990828e-01 -4.128483899263064139e+00
3.620273224367239195e-01 -3.959390404260602736e+00
4.022525804852488118e-01 -3.922741032690913343e+00
4.424778385337736486e-01 -4.029235649159982557e+00
4.827030965822985964e-01 -4.199717079651411389e+00
5.229283546308235442e-01 -4.315344293987594781e+00
5.631536126793483810e-01 -4.446332752330297566e+00
6.033788707278732177e-01 -4.643590272623629112e+00
6.436041287763981655e-01 -4.774231908222191123e+00
6.838293868249230023e-01 -4.803103677082040335e+00
7.240546448734478391e-01 -4.803828529263300062e+00
7.642799029219726759e-01 -4.812144683765860798e+00
8.045051609704976237e-01 -4.824782476010781807e+00
8.447304190190225714e-01 -4.831011592538066779e+00
8.849556770675472972e-01 -4.835316823703380784e+00
9.251809351160722450e-01 -4.857951615204473050e+00
9.654061931645971928e-01 -4.851138777722745488e+00
1.005631451213122141e+00 -4.839198846967796008e+00
1.045856709261647088e+00 -4.850891677093430943e+00
1.086081967310171814e+00 -4.867539008883851714e+00
1.126307225358696762e+00 -4.880787884949781663e+00
1.166532483407221710e+00 -4.869928457263811516e+00
1.206757741455746435e+00 -4.847516797863752558e+00
1.246982999504271383e+00 -4.848634214650319407e+00
1.287208257552796331e+00 -4.901561633537193430e+00
1.327433515601321279e+00 -4.898424467647712000e+00
1.367658773649846005e+00 -4.797972450479435658e+00
1.407884031698370952e+00 -4.694292652604945992e+00
1.448109289746895678e+00 -4.646740527156191014e+00
1.488334547795420626e+00 -4.592992384952747642e+00
1.528559805843945352e+00 -4.472097113178875816e+00
1.568785063892470300e+00 -4.362254707452219549e+00
1.609010321940995247e+00 -4.304890130789440938e+00
1.649235579989519973e+00 -4.272344748684711035e+00
1.689460838038045143e+00 -4.242757921580290414e+00
1.729686096086569869e+00 -4.208109850894788728e+00
1.769911354135094594e+00 -4.156790821946975356e+00
1.810136612183619764e+00 -4.109990173415146941e+00
1.850361870232144490e+00 -4.088811675177125515e+00
1.890587128280669660e+00 -4.061252423111549881e+00
1.930812386329194386e+00 -4.022990693213728264e+00
1.971037644377719111e+00 -4.027175470022567261e+00
2.011262902426244281e+00 -4.083648661328974860e+00
2.051488160474769007e+00 -4.168146780618014802e+00
2.091713418523294177e+00 -4.230760590134261534e+00
2.131938676571818903e+00 -4.283118604290302223e+00
2.172163934620343628e+00 -4.315104823809815748e+00
2.212389192668868798e+00 -4.346634586621235030e+00
2.252614450717393524e+00 -4.389370109448750057e+00
2.292839708765918250e+00 -4.430788218689882818e+00
2.333064966814443419e+00 -4.454454813385046563e+00
2.373290224862968145e+00 -4.445800490142926442e+00
2.413515482911492871e+00 -4.452206428145590422e+00
2.453740740960018041e+00 -4.500618190420232700e+00
2.493965999008542767e+00 -4.558180666052607855e+00
2.534191257057067936e+00 -4.571472890936293609e+00
2.574416515105592662e+00 -4.570031170473634496e+00
2.614641773154117388e+00 -4.566612141026891614e+00
2.654867031202642558e+00 -4.610976399724155073e+00
2.695092289251167283e+00 -4.644841885019491023e+00
2.735317547299692009e+00 -4.659391886051703402e+00
2.775542805348216735e+00 -4.672678356789035092e+00
2.815768063396741905e+00 -4.695536437825810872e+00
2.855993321445266631e+00 -4.718977872329036316e+00
2.896218579493791356e+00 -4.693687917329143033e+00
2.936443837542316526e+00 -4.648677820954711493e+00
2.976669095590841252e+00 -4.621255276048911398e+00
3.016894353639365978e+00 -4.609362553108730332e+00
3.057119611687890703e+00 -4.608079370857617540e+00
3.097344869736415873e+00 -4.611604385379882487e+00
3.137570127784940599e+00 -4.626335153338448691e+00
3.177795385833465769e+00 -4.650471665347601480e+00
3.218020643881990495e+00 -4.690321607982089525e+00
3.258245901930515220e+00 -4.704715926017047245e+00
3.298471159979039946e+00 -4.691363666923603404e+00
3.338696418027565560e+00 -4.674205956445690369e+00
3.378921676076090286e+00 -4.646908557328602640e+00
3.419146934124615012e+00 -4.625318711992432164e+00
3.459372192173139737e+00 -4.595601923274467815e+00
3.499597450221664463e+00 -4.584728317569197742e+00
3.539822708270189189e+00 -4.602491278903545258e+00
3.580047966318714803e+00 -4.607468440497505036e+00
3.620273224367239528e+00 -4.603959268717555453e+00
3.660498482415764254e+00 -4.621683315710796158e+00
3.700723740464288980e+00 -4.636836025749688339e+00
3.740948998512813706e+00 -4.611718106446859977e+00
3.781174256561339320e+00 -4.573053623334526918e+00
3.821399514609864045e+00 -4.572327302893651968e+00
3.861624772658388771e+00 -4.598164759861663953e+00
3.901850030706913497e+00 -4.601653895337030065e+00
3.942075288755438223e+00 -4.609709889873344402e+00
3.982300546803963837e+00 -4.599947350953960346e+00
4.022525804852488562e+00 -4.597424942189023866e+00
4.062751062901012844e+00 -4.601412808658784215e+00
4.102976320949538014e+00 -4.616249480426914964e+00
4.143201578998062296e+00 -4.611315798078611472e+00
4.183426837046588354e+00 -4.604413965592182301e+00
4.223652095095112635e+00 -4.598125970236455196e+00
4.263877353143637805e+00 -4.609558096328265187e+00
4.304102611192162087e+00 -4.639792628235608341e+00
4.344327869240687257e+00 -4.667707123950045833e+00
4.384553127289211538e+00 -4.674221839139335977e+00
4.424778385337737596e+00 -4.666640311859575618e+00
4.465003643386261878e+00 -4.674330605711225495e+00
4.505228901434787048e+00 -4.705022798374129955e+00
4.545454159483311329e+00 -4.726203678010461040e+00
4.585679417531836499e+00 -4.722643811244512158e+00
4.625904675580361669e+00 -4.697089374857582378e+00
4.666129933628886839e+00 -4.657278671255704161e+00
4.706355191677411121e+00 -4.660869399883149633e+00
4.746580449725936290e+00 -4.709435915382156779e+00
4.786805707774460572e+00 -4.729896266953336870e+00
4.827030965822985742e+00 -4.706255544260696588e+00
4.867256223871510912e+00 -4.687460862927504301e+00
4.907481481920036082e+00 -4.672313078603762548e+00
4.947706739968560363e+00 -4.655924082298624533e+00
4.987931998017085533e+00 -4.658433799339821491e+00
5.028157256065609815e+00 -4.680859967154245460e+00
5.068382514114135873e+00 -4.707665717422739426e+00
5.108607772162660154e+00 -4.718700550856467224e+00
5.148833030211185324e+00 -4.726922463827913035e+00
