0.000000000000000000e+00 -1.549019599857431873e-01
4.022525804852488535e-02 -1.999667867754029993e-01
8.045051609704977069e-02 -5.770810341717322878e-01
1.206757741455746491e-01 -2.535236970145193780e+00
1.609010321940995414e-01 -4.420365044675333976e+00
2.011262902426244059e-01 -4.950698071969865666e+00
2.413515482911492982e-01 -5.175802877156432835e+00
2.815768063396741905e-01 -5.182478613440045123e+00
3.218020643881990828e-01 -5.138524658158236669e+00
3.620273224367239195e-01 -5.062113023319672500e+00
4.022525804852488118e-01 -4.962851542790803094e+00
4.424778385337736486e-01 -4.953658612680160722e+00
4.827030965822985964e-01 -5.061049508154722432e+00
5.229283546308235442e-01 -5.176949604426115847e+00
5.631536126793483810e-01 -5.257843978679933805e+00
6.033788707278732177e-01 -5.329983458155108877e+00
6.436041287763981655e-01 -5.347292171642409109e+00
6.838293868249230023e-01 -5.328595396483881252e+00
7.240546448734478391e-01 -5.281140491104681089e+00
7.642799029219726759e-01 -5.242163310953875666e+00
8.045051609704976237e-01 -5.229806645693884093e+00
8.447304190190225714e-01 -5.214650685118002116e+00
8.849556770675472972e-01 -5.185243412913210115e+00
9.251809351160722450e-01 -5.162040170531154715e+00
9.654061931645971928e-01 -5.147613293685910918e+00
1.005631451213122141e+00 -5.122346213745579746e+00
1.045856709261647088e+00 -5.112488583446874735e+00
1.086081967310171814e+00 -5.131054378410214944e+00
1.126307225358696762e+00 -5.113099715185079219e+00
1.166532483407221710e+00 -5.051455290613856342e+00
1.206757741455746435e+00 -5.001710548552952496e+00
1.246982999504271383e+00 -4.983140626883098889e+00
1.287208257552796331e+00 -4.997402872515568362e+00
1.327433515601321279e+00 -5.004693195835849373e+00
1.367658773649846005e+00 -4.991129063488345174e+00
1.407884031698370952e+00 -4.903751922837790822e+00
1.448109289746895678e+00 -4.803030072796758532e+00
1.488334547795420626e+00 -4.699916782134814675e+00
1.528559805843945352e+00 -4.627209707618880508e+00
1.568785063892470300e+00 -4.587130962490935104e+00
1.609010321940995247e+00 -4.547513378639559178e+00
1.649235579989519973e+00 -4.451715390039145959e+00
1.689460838038045143e+00 -4.343298142368679393e+00
1.729686096086569869e+00 -4.256446769326847068e+00
1.769911354135094594e+00 -4.188061072894911696e+00
1.810136612183619764e+00 -4.158469567735259886e+00
1.850361870232144490e+00 -4.142056945889180497e+00
1.890587128280669660e+00 -4.136510963194766077e+00
1.930812386329194386e+00 -4.160822521601731161e+00
1.971037644377719111e+00 -4.185194738630237055e+00
2.011262902426244281e+00 -4.182687004327203972e+00
2.051488160474769007e+00 -4.208210719916402276e+00
2.091713418523294177e+00 -4.259582097998599437e+00
2.131938676571818903e+00 -4.343372525526687511e+00
2.172163934620343628e+00 -4.431143480018342018e+00
2.212389192668868798e+00 -4.494482346756421443e+00
2.252614450717393524e+00 -4.526117251101365646e+00
2.292839708765918250e+00 -4.522209269749391858e+00
2.333064966814443419e+00 -4.527739886341231923e+00
2.373290224862968145e+00 -4.549336629768141904e+00
2.413515482911492871e+00 -4.573916260032339309e+00
2.453740740960018041e+00 -4.583776830682875669e+00
2.493965999008542767e+00 -4.596193732415545519e+00
2.534191257057067936e+00 -4.617241931501149033e+00
2.574416515105592662e+00 -4.634669799163312121e+00
2.614641773154117388e+00 -4.640787942153393963e+00
2.654867031202642558e+00 -4.637243105333452853e+00
2.695092289251167283e+00 -4.668102367328119229e+00
2.735317547299692009e+00 -4.683268517691805854e+00
2.775542805348216735e+00 -4.672289125166545709e+00
2.815768063396741905e+00 -4.655052428109408780e+00
2.855993321445266631e+00 -4.644696632329165631e+00
2.896218579493791356e+00 -4.644816997368718781e+00
2.936443837542316526e+00 -4.648504441202931048e+00
2.976669095590841252e+00 -4.653484296339057025e+00
3.016894353639365978e+00 -4.629293416412630258e+00
3.057119611687890703e+00 -4.644440510973208980e+00
3.097344869736415873e+00 -4.678353251607567209e+00
3.137570127784940599e+00 -4.694853849604094798e+00
3.177795385833465769e+00 -4.672983897592316360e+00
3.218020643881990495e+00 -4.639863985007968594e+00
3.258245901930515220e+00 -4.638783840237478806e+00
3.298471159979039946e+00 -4.651283125225272208e+00
3.338696418027565560e+00 -4.677787916941107405e+00
3.378921676076090286e+00 -4.670417879117999327e+00
3.419146934124615012e+00 -4.647727945334496624e+00
3.459372192173139737e+00 -4.637600770572832154e+00
3.499597450221664463e+00 -4.655740442558653491e+00
3.539822708270189189e+00 -4.640375400467032563e+00
3.580047966318714803e+00 -4.609418689570595085e+00
3.620273224367239528e+00 -4.611390078972445572e+00
3.660498482415764254e+00 -4.676215277408606319e+00
3.700723740464288980e+00 -4.723491930590594912e+00
3.740948998512813706e+00 -4.686025796756146278e+00
3.781174256561339320e+00 -4.623370031507699984e+00
3.821399514609864045e+00 -4.608316626395216886e+00
3.861624772658388771e+00 -4.617290890832766337e+00
3.901850030706913497e+00 -4.612423116139133583e+00
3.942075288755438223e+00 -4.612426302646369436e+00
3.982300546803963837e+00 -4.650725702106297987e+00
4.022525804852488562e+00 -4.689353130645571355e+00
4.062751062901012844e+00 -4.708713684311758740e+00
4.102976320949538014e+00 -4.706838477929967901e+00
4.143201578998062296e+00 -4.698511155885274349e+00
4.183426837046588354e+00 -4.686396744703296591e+00
4.223652095095112635e+00 -4.686306424125810111e+00
4.263877353143637805e+00 -4.682700850875195719e+00
4.304102611192162087e+00 -4.676019722448810256e+00
4.344327869240687257e+00 -4.653322969773926232e+00
4.384553127289211538e+00 -4.632438770779958581e+00
4.424778385337737596e+00 -4.653852168355437691e+00
4.465003643386261878e+00 -4.667184603385034158e+00
4.505228901434787048e+00 -4.655112304466070938e+00
4.545454159483311329e+00 -4.672621072923149654e+00
4.585679417531836499e+00 -4.718270324582769959e+00
4.625904675580361669e+00 -4.735062740820350058e+00
4.666129933628886839e+00 -4.720242649243987287e+00
4.706355191677411121e+00 -4.703656948330253051e+00
4.746580449725936290e+00 -4.703915945649122854e+00
4.786805707774460572e+00 -4.700055890901065681e+00
4.827030965822985742e+00 -4.715012339761414317e+00
4.867256223871510912e+00 -4.716460063404204206e+00
4.907481481920036082e+00 -4.713225375446076448e+00
4.947706739968560363e+00 -4.725953731571717498e+00
4.987931998017085533e+00 -4.725764278549896780e+00
5.028157256065609815e+00 -4.706025086839809468e+00
5.068382514114135873e+00 -4.702315029340756958e+00
5.108607772162660154e+00 -4.725407310998416044e+00
5.148833030211185324e+00 -4.739832198918255912e+00
