0.000000000000000000e+00 -1.549019599857431873e-01
4.022525804852488535e-02 -1.973540377443104843e-01
8.045051609704977069e-02 -6.014194992353745217e-01
1.206757741455746491e-01 -2.663014074080912508e+00
1.609010321940995414e-01 -4.374653340949682168e+00
2.011262902426244059e-01 -4.595292067422062310e+00
2.413515482911492982e-01 -4.419009788074442113e+00
2.815768063396741905e-01 -4.257006498284797935e+00
3.218020643881990828e-01 -4.225870059174437365e+00
3.620273224367239195e-01 -4.269944354712021273e+00
4.022525804852488118e-01 -4.301855216580174002e+00
4.424778385337736486e-01 -4.341274070929519446e+00
4.827030965822985964e-01 -4.376847317373973922e+00
5.229283546308235442e-01 -4.364822703089252798e+00
5.631536126793483810e-01 -4.366946259867033220e+00
6.033788707278732177e-01 -4.448174580244619314e+00
6.436041287763981655e-01 -4.566308139988511705e+00
6.838293868249230023e-01 -4.667141900226843276e+00
7.240546448734478391e-01 -4.724575148521291901e+00
7.642799029219726759e-01 -4.749952204899905439e+00
8.045051609704976237e-01 -4.805859943160847081e+00
8.447304190190225714e-01 -4.900503990392287790e+00
8.849556770675472972e-01 -4.956247592645468103e+00
9.251809351160722450e-01 -4.972793421159289906e+00
9.654061931645971928e-01 -4.936507523561075139e+00
1.005631451213122141e+00 -4.940367210724351921e+00
1.045856709261647088e+00 -4.945627523234006340e+00
1.086081967310171814e+00 -4.960039424093921845e+00
1.126307225358696762e+00 -4.970738548670113666e+00
1.166532483407221710e+00 -4.949751461913272976e+00
1.206757741455746435e+00 -4.857246422433913580e+00
1.246982999504271383e+00 -4.761697377188863989e+00
1.287208257552796331e+00 -4.751680812079554173e+00
1.327433515601321279e+00 -4.758396543132864309e+00
1.367658773649846005e+00 -4.704582135949242350e+00
1.407884031698370952e+00 -4.614630213414599780e+00
1.448109289746895678e+00 -4.535005879532564954e+00
1.488334547795420626e+00 -4.471497928073304706e+00
1.528559805843945352e+00 -4.430058442704394750e+00
1.568785063892470300e+00 -4.388599410750556373e+00
1.609010321940995247e+00 -4.350438099760207677e+00
1.649235579989519973e+00 -4.290670903892297439e+00
1.689460838038045143e+00 -4.183979011127128445e+00
1.729686096086569869e+00 -4.122627660539706973e+00
1.769911354135094594e+00 -4.078916117762799942e+00
1.810136612183619764e+00 -4.012831766846575832e+00
1.850361870232144490e+00 -3.976561870460123771e+00
1.890587128280669660e+00 -3.965151522782975668e+00
1.930812386329194386e+00 -3.989563990117616310e+00
1.971037644377719111e+00 -4.050558043516065965e+00
2.011262902426244281e+00 -4.108320048421438386e+00
2.051488160474769007e+00 -4.143306001421697360e+00
2.091713418523294177e+00 -4.207395347362544058e+00
2.131938676571818903e+00 -4.256912665907226945e+00
2.172163934620343628e+00 -4.291375128466867750e+00
2.212389192668868798e+00 -4.349444186389266775e+00
2.252614450717393524e+00 -4.392921742913812544e+00
2.292839708765918250e+00 -4.407744849533041354e+00
2.333064966814443419e+00 -4.434499273473212710e+00
2.373290224862968145e+00 -4.507552279887788060e+00
2.413515482911492871e+00 -4.557889148520726685e+00
2.453740740960018041e+00 -4.577912900570217936e+00
2.493965999008542767e+00 -4.582133740241526532e+00
2.534191257057067936e+00 -4.580154359088826510e+00
2.574416515105592662e+00 -4.593807879743686762e+00
2.614641773154117388e+00 -4.620393979998700829e+00
2.654867031202642558e+00 -4.604051318906718926e+00
2.695092289251167283e+00 -4.581488433170187946e+00
2.735317547299692009e+00 -4.578478891150066232e+00
2.775542805348216735e+00 -4.600724312784473469e+00
2.815768063396741905e+00 -4.658347381312635704e+00
2.855993321445266631e+00 -4.723200484966992185e+00
2.896218579493791356e+00 -4.728989190258686470e+00
2.936443837542316526e+00 -4.655314796306278424e+00
2.976669095590841252e+00 -4.613995103640443851e+00
3.016894353639365978e+00 -4.633944950481480696e+00
3.057119611687890703e+00 -4.666958449898305439e+00
3.097344869736415873e+00 -4.678350834293297567e+00
3.137570127784940599e+00 -4.658413166255556348e+00
3.177795385833465769e+00 -4.636997843961258248e+00
3.218020643881990495e+00 -4.627760975707266411e+00
3.258245901930515220e+00 -4.632285856419096959e+00
3.298471159979039946e+00 -4.624668822331287288e+00
3.338696418027565560e+00 -4.602364690377810597e+00
3.378921676076090286e+00 -4.600259137289607558e+00
3.419146934124615012e+00 -4.582818128728994189e+00
3.459372192173139737e+00 -4.560973135880884044e+00
3.499597450221664463e+00 -4.553192233952752410e+00
3.539822708270189189e+00 -4.566623752016799820e+00
3.580047966318714803e+00 -4.564835036139235136e+00
3.620273224367239528e+00 -4.545808600132544619e+00
3.660498482415764254e+00 -4.530891903922492858e+00
3.700723740464288980e+00 -4.539177218636237576e+00
3.740948998512813706e+00 -4.581478999421457310e+00
3.781174256561339320e+00 -4.646696887542788978e+00
3.821399514609864045e+00 -4.665120014783499691e+00
3.861624772658388771e+00 -4.625384259091681827e+00
3.901850030706913497e+00 -4.601178874682677389e+00
3.942075288755438223e+00 -4.608609798044056127e+00
3.982300546803963837e+00 -4.600431263029040707e+00
4.022525804852488562e+00 -4.594492875008013399e+00
4.062751062901012844e+00 -4.584545273920338282e+00
4.102976320949538014e+00 -4.568966204675744436e+00
4.143201578998062296e+00 -4.569654043882321659e+00
4.183426837046588354e+00 -4.584613767578036736e+00
4.223652095095112635e+00 -4.619759697922162900e+00
4.263877353143637805e+00 -4.646527848799259175e+00
4.304102611192162087e+00 -4.647250441634568574e+00
4.344327869240687257e+00 -4.639782329392409643e+00
4.384553127289211538e+00 -4.630803221285017202e+00
4.424778385337737596e+00 -4.625073429527794211e+00
4.465003643386261878e+00 -4.621970122399289060e+00
4.505228901434787048e+00 -4.642420988374477808e+00
4.545454159483311329e+00 -4.650565050479344542e+00
4.585679417531836499e+00 -4.633853455927844145e+00
4.625904675580361669e+00 -4.642598324221466122e+00
4.666129933628886839e+00 -4.672360190225545828e+00
4.706355191677411121e+00 -4.687153504633633894e+00
4.746580449725936290e+00 -4.686929906750616937e+00
4.786805707774460572e+00 -4.689414010151828904e+00
4.827030965822985742e+00 -4.700783289828162737e+00
4.867256223871510912e+00 -4.701079423822410064e+00
4.907481481920036082e+00 -4.702727993045714427e+00
4.947706739968560363e+00 -4.681126835924813712e+00
4.987931998017085533e+00 -4.655132871896445756e+00
5.028157256065609815e+00 -4.653212574282243885e+00
5.068382514114135873e+00 -4.658916813333246587e+00
5.108607772162660154e+00 -4.657099369355705676e+00
5.148833030211185324e+00 -4.661105133105734488e+00
