0.000000000000000000e+00 -1.549019599857431873e-01
4.022525804852488535e-02 -2.125861988798979085e-01
8.045051609704977069e-02 -6.564030486612274506e-01
1.206757741455746491e-01 -3.046161337185201656e+00
1.609010321940995414e-01 -4.524835019966968019e+00
2.011262902426244059e-01 -5.050366135907249365e+00
2.413515482911492982e-01 -5.173006175924945715e+00
2.815768063396741905e-01 -5.072173715923080195e+00
3.218020643881990828e-01 -5.030244945066568718e+00
3.620273224367239195e-01 -5.097862338403903237e+00
4.022525804852488118e-01 -5.139009689129154346e+00
4.424778385337736486e-01 -5.156268737748163744e+00
4.827030965822985964e-01 -5.178373783022133026e+00
5.229283546308235442e-01 -5.210076033020608399e+00
5.631536126793483810e-01 -5.226431358687795736e+00
6.033788707278732177e-01 -5.225450524935917329e+00
6.436041287763981655e-01 -5.206613431428664285e+00
6.838293868249230023e-01 -5.215175939130071825e+00
7.240546448734478391e-01 -5.258971845008320045e+00
7.642799029219726759e-01 -5.280460419225733837e+00
8.045051609704976237e-01 -5.264299812080167840e+00
8.447304190190225714e-01 -5.235163279800945091e+00
8.849556770675472972e-01 -5.199412518285571494e+00
9.251809351160722450e-01 -5.143953148569380573e+00
9.654061931645971928e-01 -5.142519667319289667e+00
1.005631451213122141e+00 -5.175280643442339290e+00
1.045856709261647088e+00 -5.174293884298931445e+00
1.086081967310171814e+00 -5.107316355882939973e+00
1.126307225358696762e+00 -5.005525014436986275e+00
1.166532483407221710e+00 -4.962763145182026214e+00
1.206757741455746435e+00 -4.984347772194274384e+00
1.246982999504271383e+00 -4.998548088480919915e+00
1.287208257552796331e+00 -4.958173115549195487e+00
1.327433515601321279e+00 -4.884681342066891752e+00
1.367658773649846005e+00 -4.813683572770707464e+00
1.407884031698370952e+00 -4.785099760526501100e+00
1.448109289746895678e+00 -4.750168646843067499e+00
1.488334547795420626e+00 -4.734800963559569809e+00
1.528559805843945352e+00 -4.626948223076810862e+00
1.568785063892470300e+00 -4.484283807652190923e+00
1.609010321940995247e+00 -4.350063091985985508e+00
1.649235579989519973e+00 -4.311484400469835165e+00
1.689460838038045143e+00 -4.274728134598445806e+00
1.729686096086569869e+00 -4.196557387119272065e+00
1.769911354135094594e+00 -4.134849849035295399e+00
1.810136612183619764e+00 -4.085968030484490754e+00
1.850361870232144490e+00 -4.084895275932350245e+00
1.890587128280669660e+00 -4.120069439209218309e+00
1.930812386329194386e+00 -4.131106912805916132e+00
1.971037644377719111e+00 -4.128788608377433889e+00
2.011262902426244281e+00 -4.143875731135628904e+00
2.051488160474769007e+00 -4.200103954291298791e+00
2.091713418523294177e+00 -4.250980682207290862e+00
2.131938676571818903e+00 -4.271318063850437774e+00
2.172163934620343628e+00 -4.276269939400513032e+00
2.212389192668868798e+00 -4.324361578997042876e+00
2.252614450717393524e+00 -4.376902767870009647e+00
2.292839708765918250e+00 -4.444125292299076158e+00
2.333064966814443419e+00 -4.473747138509620136e+00
2.373290224862968145e+00 -4.506782859434553146e+00
2.413515482911492871e+00 -4.568163668956917611e+00
2.453740740960018041e+00 -4.594441103293858575e+00
2.493965999008542767e+00 -4.594242742013538994e+00
2.534191257057067936e+00 -4.629641951207490891e+00
2.574416515105592662e+00 -4.663913789686373157e+00
2.614641773154117388e+00 -4.703590500744471825e+00
2.654867031202642558e+00 -4.717614143247437219e+00
2.695092289251167283e+00 -4.718884438146124793e+00
2.735317547299692009e+00 -4.698267284064300497e+00
2.775542805348216735e+00 -4.677079957375871011e+00
2.815768063396741905e+00 -4.671560948868235918e+00
2.855993321445266631e+00 -4.661466714361849561e+00
2.896218579493791356e+00 -4.661584443647625697e+00
2.936443837542316526e+00 -4.654199921250876670e+00
2.976669095590841252e+00 -4.651607639680246820e+00
3.016894353639365978e+00 -4.665796803099847345e+00
3.057119611687890703e+00 -4.686921754884341595e+00
3.097344869736415873e+00 -4.711369400105128058e+00
3.137570127784940599e+00 -4.695610005592790515e+00
3.177795385833465769e+00 -4.665052658784162531e+00
3.218020643881990495e+00 -4.650064233336019370e+00
3.258245901930515220e+00 -4.657240529284703001e+00
3.298471159979039946e+00 -4.651855738534012907e+00
3.338696418027565560e+00 -4.634398945925553903e+00
3.378921676076090286e+00 -4.635155701206625345e+00
3.419146934124615012e+00 -4.632043575117396728e+00
3.459372192173139737e+00 -4.608343065685112094e+00
3.499597450221664463e+00 -4.615837044116989141e+00
3.539822708270189189e+00 -4.656292078706143478e+00
3.580047966318714803e+00 -4.685355929970273614e+00
3.620273224367239528e+00 -4.657326725196230477e+00
3.660498482415764254e+00 -4.624228055904339385e+00
3.700723740464288980e+00 -4.601881326508030057e+00
3.740948998512813706e+00 -4.596246478039289762e+00
3.781174256561339320e+00 -4.620262025348299773e+00
3.821399514609864045e+00 -4.657434864276260633e+00
3.861624772658388771e+00 -4.670094834531446359e+00
3.901850030706913497e+00 -4.686119610527576640e+00
3.942075288755438223e+00 -4.663730221585979052e+00
3.982300546803963837e+00 -4.606236150586918043e+00
4.022525804852488562e+00 -4.596093788734989083e+00
4.062751062901012844e+00 -4.638270898451506419e+00
4.102976320949538014e+00 -4.673193421019070648e+00
4.143201578998062296e+00 -4.689083878670064820e+00
4.183426837046588354e+00 -4.689303460586884853e+00
4.223652095095112635e+00 -4.688760919093614810e+00
4.263877353143637805e+00 -4.687215452178344677e+00
4.304102611192162087e+00 -4.664216730385076559e+00
4.344327869240687257e+00 -4.655029749005711537e+00
4.384553127289211538e+00 -4.679614384480184519e+00
4.424778385337737596e+00 -4.712261543030736632e+00
4.465003643386261878e+00 -4.732391647185682615e+00
4.505228901434787048e+00 -4.727150938505956468e+00
4.545454159483311329e+00 -4.705807740776972281e+00
4.585679417531836499e+00 -4.711033049791884864e+00
4.625904675580361669e+00 -4.746067186581230501e+00
4.666129933628886839e+00 -4.764514116920337550e+00
4.706355191677411121e+00 -4.766779209585321198e+00
4.746580449725936290e+00 -4.762409909230315819e+00
4.786805707774460572e+00 -4.752322268732933175e+00
4.827030965822985742e+00 -4.749953413736678343e+00
4.867256223871510912e+00 -4.755790154513855228e+00
4.907481481920036082e+00 -4.760235679316692448e+00
4.947706739968560363e+00 -4.781314872975304553e+00
4.987931998017085533e+00 -4.782472365474781384e+00
5.028157256065609815e+00 -4.791115190095003307e+00
5.068382514114135873e+00 -4.800681163856435063e+00
5.108607772162660154e+00 -4.790178191259710339e+00
5.148833030211185324e+00 -4.772590312534235046e+00
