0.000000000000000000e+00 -1.549019599857431873e-01
4.022525804852488535e-02 -1.936768333092079297e-01
8.045051609704977069e-02 -5.801665173727921232e-01
1.206757741455746491e-01 -2.361833528972772545e+00
1.609010321940995414e-01 -4.347006213188907786e+00
2.011262902426244059e-01 -4.930760827992608064e+00
2.413515482911492982e-01 -5.167518865157755492e+00
2.815768063396741905e-01 -5.109457494225142504e+00
3.218020643881990828e-01 -4.950496414226728703e+00
3.620273224367239195e-01 -4.876871520009238736e+00
4.022525804852488118e-01 -4.955541910626713786e+00
4.424778385337736486e-01 -5.101663813462175234e+00
4.827030965822985964e-01 -5.133003344176721328e+00
5.229283546308235442e-01 -5.143275532027191232e+00
5.631536126793483810e-01 -5.170599009777095745e+00
6.033788707278732177e-01 -5.225913573021345293e+00
6.436041287763981655e-01 -5.276653696343526434e+00
6.838293868249230023e-01 -5.279921370701904593e+00
7.240546448734478391e-01 -5.279756866543295679e+00
7.642799029219726759e-01 -5.271791599024665764e+00
8.045051609704976237e-01 -5.265756898425699717e+00
8.447304190190225714e-01 -5.255694353189588774e+00
8.849556770675472972e-01 -5.251373484610139641e+00
9.251809351160722450e-01 -5.235079156452667526e+00
9.654061931645971928e-01 -5.224793134105057746e+00
1.005631451213122141e+00 -5.197649130398772854e+00
1.045856709261647088e+00 -5.147862083250820397e+00
1.086081967310171814e+00 -5.125518116224156984e+00
1.126307225358696762e+00 -5.125329709322593352e+00
1.166532483407221710e+00 -5.115147152579349488e+00
1.206757741455746435e+00 -5.071664466460758192e+00
1.246982999504271383e+00 -5.029795490693776294e+00
1.287208257552796331e+00 -4.972536544343793885e+00
1.327433515601321279e+00 -4.902142014812728377e+00
1.367658773649846005e+00 -4.843646639132884957e+00
1.407884031698370952e+00 -4.783794080150513217e+00
1.448109289746895678e+00 -4.750580629448576175e+00
1.488334547795420626e+00 -4.691839152705814975e+00
1.528559805843945352e+00 -4.660486998180617846e+00
1.568785063892470300e+00 -4.603526689565721419e+00
1.609010321940995247e+00 -4.506866759878723983e+00
1.649235579989519973e+00 -4.416905688496584048e+00
1.689460838038045143e+00 -4.364583603902648434e+00
1.729686096086569869e+00 -4.318857660235415175e+00
1.769911354135094594e+00 -4.274978246067570709e+00
1.810136612183619764e+00 -4.215726534078497956e+00
1.850361870232144490e+00 -4.199685192300278480e+00
1.890587128280669660e+00 -4.200973354612863808e+00
1.930812386329194386e+00 -4.187730367454045144e+00
1.971037644377719111e+00 -4.145960430108427630e+00
2.011262902426244281e+00 -4.116047246582200003e+00
2.051488160474769007e+00 -4.141328752041830263e+00
2.091713418523294177e+00 -4.195562670799762195e+00
2.131938676571818903e+00 -4.278397004968618411e+00
2.172163934620343628e+00 -4.354533887253380975e+00
2.212389192668868798e+00 -4.408400443944827884e+00
2.252614450717393524e+00 -4.421879331486021414e+00
2.292839708765918250e+00 -4.441777635710992378e+00
2.333064966814443419e+00 -4.499517974071888915e+00
2.373290224862968145e+00 -4.554615216749986040e+00
2.413515482911492871e+00 -4.600591203861887912e+00
2.453740740960018041e+00 -4.640538770621885689e+00
2.493965999008542767e+00 -4.662553958891720640e+00
2.534191257057067936e+00 -4.659987579897689081e+00
2.574416515105592662e+00 -4.634287261830064786e+00
2.614641773154117388e+00 -4.608899338124645695e+00
2.654867031202642558e+00 -4.596593118475169604e+00
2.695092289251167283e+00 -4.608898364276751813e+00
2.735317547299692009e+00 -4.643823146345889441e+00
2.775542805348216735e+00 -4.657810687180045761e+00
2.815768063396741905e+00 -4.648264575337320181e+00
2.855993321445266631e+00 -4.669562289774861874e+00
2.896218579493791356e+00 -4.701815052679532592e+00
2.936443837542316526e+00 -4.694068724218031008e+00
2.976669095590841252e+00 -4.671295865930093605e+00
3.016894353639365978e+00 -4.668361958576512372e+00
3.057119611687890703e+00 -4.678288065477314461e+00
3.097344869736415873e+00 -4.678005628638217672e+00
3.137570127784940599e+00 -4.657977402653506793e+00
3.177795385833465769e+00 -4.621461584980838921e+00
3.218020643881990495e+00 -4.609640136858549120e+00
3.258245901930515220e+00 -4.622676383733362648e+00
3.298471159979039946e+00 -4.636422209293042940e+00
3.338696418027565560e+00 -4.625900613325995892e+00
3.378921676076090286e+00 -4.621869102697947262e+00
3.419146934124615012e+00 -4.622657895837808617e+00
3.459372192173139737e+00 -4.620085066896074899e+00
3.499597450221664463e+00 -4.611992563893657859e+00
3.539822708270189189e+00 -4.613904660559764892e+00
3.580047966318714803e+00 -4.601906952412561758e+00
3.620273224367239528e+00 -4.577916359505111998e+00
3.660498482415764254e+00 -4.575366304564559172e+00
3.700723740464288980e+00 -4.585390874251073612e+00
3.740948998512813706e+00 -4.574999418695376185e+00
3.781174256561339320e+00 -4.567716322048278599e+00
3.821399514609864045e+00 -4.590422220741348092e+00
3.861624772658388771e+00 -4.616928287683362164e+00
3.901850030706913497e+00 -4.645710614678950634e+00
3.942075288755438223e+00 -4.666816142743911655e+00
3.982300546803963837e+00 -4.679770831043363444e+00
4.022525804852488562e+00 -4.675842576001735473e+00
4.062751062901012844e+00 -4.672260214784311749e+00
4.102976320949538014e+00 -4.687431076864496227e+00
4.143201578998062296e+00 -4.689130971353779209e+00
4.183426837046588354e+00 -4.670193161103626700e+00
4.223652095095112635e+00 -4.665650411206732073e+00
4.263877353143637805e+00 -4.672458955712784245e+00
4.304102611192162087e+00 -4.679960942939746182e+00
4.344327869240687257e+00 -4.706433440403144708e+00
4.384553127289211538e+00 -4.719326148781743058e+00
4.424778385337737596e+00 -4.699987077822247450e+00
4.465003643386261878e+00 -4.680135779817824471e+00
4.505228901434787048e+00 -4.675762035877625067e+00
4.545454159483311329e+00 -4.669670790755790613e+00
4.585679417531836499e+00 -4.668922731554774330e+00
4.625904675580361669e+00 -4.686569216350070732e+00
4.666129933628886839e+00 -4.722602281349007391e+00
4.706355191677411121e+00 -4.744073080974799517e+00
4.746580449725936290e+00 -4.743549394201085789e+00
4.786805707774460572e+00 -4.733452038500198356e+00
4.827030965822985742e+00 -4.713674092061731713e+00
4.867256223871510912e+00 -4.694752551532585194e+00
4.907481481920036082e+00 -4.678999475885516013e+00
4.947706739968560363e+00 -4.684607316842810398e+00
4.987931998017085533e+00 -4.704508248804126325e+00
5.028157256065609815e+00 -4.727307005302296972e+00
5.068382514114135873e+00 -4.730851540028269575e+00
5.108607772162660154e+00 -4.739913841812624540e+00
5.148833030211185324e+00 -4.735928722098286414e+00
