0.000000000000000000e+00 -1.549019599857431873e-01
4.022525804852488535e-02 -2.055923039779343486e-01
8.045051609704977069e-02 -6.410598691685305273e-01
1.206757741455746491e-01 -2.913170291203673656e+00
1.609010321940995414e-01 -4.472048811068174423e+00
2.011262902426244059e-01 -5.052340219731949134e+00
2.413515482911492982e-01 -5.230228802835553026e+00
2.815768063396741905e-01 -5.222943090282333500e+00
3.218020643881990828e-01 -5.181582692332844076e+00
3.620273224367239195e-01 -5.160637521631941560e+00
4.022525804852488118e-01 -5.092240731585276237e+00
4.424778385337736486e-01 -5.037076757555685624e+00
4.827030965822985964e-01 -5.060824189459573574e+00
5.229283546308235442e-01 -5.140735906284606749e+00
5.631536126793483810e-01 -5.221380068457148305e+00
6.033788707278732177e-01 -5.274963120823915830e+00
6.436041287763981655e-01 -5.300470097506496892e+00
6.838293868249230023e-01 -5.310902497618590345e+00
7.240546448734478391e-01 -5.318721393508580420e+00
7.642799029219726759e-01 -5.295095293329936226e+00
8.045051609704976237e-01 -5.230216297197685549e+00
8.447304190190225714e-01 -5.161648107614513314e+00
8.849556770675472972e-01 -5.139447929690564187e+00
9.251809351160722450e-01 -5.158407909183120310e+00
9.654061931645971928e-01 -5.168566426516212786e+00
1.005631451213122141e+00 -5.159881029454366441e+00
1.045856709261647088e+00 -5.135359713846837870e+00
1.086081967310171814e+00 -5.133476491267432884e+00
1.126307225358696762e+00 -5.123262249860469630e+00
1.166532483407221710e+00 -5.068201081607961456e+00
1.206757741455746435e+00 -4.970710677004981370e+00
1.246982999504271383e+00 -4.913892575370717886e+00
1.287208257552796331e+00 -4.920350886800810564e+00
1.327433515601321279e+00 -4.931053998876841149e+00
1.367658773649846005e+00 -4.897357986236941407e+00
1.407884031698370952e+00 -4.832342749511306934e+00
1.448109289746895678e+00 -4.774670046262500911e+00
1.488334547795420626e+00 -4.717918109948194605e+00
1.528559805843945352e+00 -4.633837409067972146e+00
1.568785063892470300e+00 -4.570909941677355981e+00
1.609010321940995247e+00 -4.511593123566989050e+00
1.649235579989519973e+00 -4.420917200293892790e+00
1.689460838038045143e+00 -4.331208589475765258e+00
1.729686096086569869e+00 -4.285804395429563485e+00
1.769911354135094594e+00 -4.218333355570321075e+00
1.810136612183619764e+00 -4.154730039600260660e+00
1.850361870232144490e+00 -4.125808740819528531e+00
1.890587128280669660e+00 -4.127642058470113895e+00
1.930812386329194386e+00 -4.136224384457200642e+00
1.971037644377719111e+00 -4.132392017922336791e+00
2.011262902426244281e+00 -4.146256437882983370e+00
2.051488160474769007e+00 -4.170103931426454302e+00
2.091713418523294177e+00 -4.229087843569483418e+00
2.131938676571818903e+00 -4.294525114438779489e+00
2.172163934620343628e+00 -4.369021847719512408e+00
2.212389192668868798e+00 -4.442464746624046334e+00
2.252614450717393524e+00 -4.478966873507410185e+00
2.292839708765918250e+00 -4.510002409370000187e+00
2.333064966814443419e+00 -4.523581378212700344e+00
2.373290224862968145e+00 -4.516294347807279230e+00
2.413515482911492871e+00 -4.529038231621382415e+00
2.453740740960018041e+00 -4.575535054030248183e+00
2.493965999008542767e+00 -4.581382499595126667e+00
2.534191257057067936e+00 -4.563415878942704396e+00
2.574416515105592662e+00 -4.561702588158442317e+00
2.614641773154117388e+00 -4.591943467690636993e+00
2.654867031202642558e+00 -4.626037463200389332e+00
2.695092289251167283e+00 -4.666817852230928487e+00
2.735317547299692009e+00 -4.698046197379571076e+00
2.775542805348216735e+00 -4.705945129064712518e+00
2.815768063396741905e+00 -4.664692793742390542e+00
2.855993321445266631e+00 -4.620925340164995454e+00
2.896218579493791356e+00 -4.624721880723238421e+00
2.936443837542316526e+00 -4.663484617505077701e+00
2.976669095590841252e+00 -4.694884550339666340e+00
3.016894353639365978e+00 -4.679883985499137644e+00
3.057119611687890703e+00 -4.667038057911940818e+00
3.097344869736415873e+00 -4.670539129169974935e+00
3.137570127784940599e+00 -4.659992926344001418e+00
3.177795385833465769e+00 -4.655567617639923661e+00
3.218020643881990495e+00 -4.682301204165258746e+00
3.258245901930515220e+00 -4.706557538186216583e+00
3.298471159979039946e+00 -4.707567839004613397e+00
3.338696418027565560e+00 -4.690403407907338007e+00
3.378921676076090286e+00 -4.663004726785325182e+00
3.419146934124615012e+00 -4.641812807128998131e+00
3.459372192173139737e+00 -4.620178214483115831e+00
3.499597450221664463e+00 -4.608832652877213221e+00
3.539822708270189189e+00 -4.608018547628975448e+00
3.580047966318714803e+00 -4.619819594035009303e+00
3.620273224367239528e+00 -4.646576924794335817e+00
3.660498482415764254e+00 -4.670821749609166851e+00
3.700723740464288980e+00 -4.648993735963689033e+00
3.740948998512813706e+00 -4.620075930657673524e+00
3.781174256561339320e+00 -4.610889102676264173e+00
3.821399514609864045e+00 -4.632972646967933983e+00
3.861624772658388771e+00 -4.650082188887289192e+00
3.901850030706913497e+00 -4.665224108085328503e+00
3.942075288755438223e+00 -4.674138048029520043e+00
3.982300546803963837e+00 -4.694019209311726115e+00
4.022525804852488562e+00 -4.716479994266210340e+00
4.062751062901012844e+00 -4.694845903743606108e+00
4.102976320949538014e+00 -4.673265155346462585e+00
4.143201578998062296e+00 -4.665545136807396354e+00
4.183426837046588354e+00 -4.657554511201518643e+00
4.223652095095112635e+00 -4.650765285937477067e+00
4.263877353143637805e+00 -4.681216879007433107e+00
4.304102611192162087e+00 -4.688777403928163778e+00
4.344327869240687257e+00 -4.671364423773768593e+00
4.384553127289211538e+00 -4.663944190351401176e+00
4.424778385337737596e+00 -4.691352177535805801e+00
4.465003643386261878e+00 -4.745626270263614721e+00
4.505228901434787048e+00 -4.768224825854551874e+00
4.545454159483311329e+00 -4.740880105361513053e+00
4.585679417531836499e+00 -4.713039354838682193e+00
4.625904675580361669e+00 -4.726232372061365261e+00
4.666129933628886839e+00 -4.753527619059010334e+00
4.706355191677411121e+00 -4.740660719538302814e+00
4.746580449725936290e+00 -4.719972274966333536e+00
4.786805707774460572e+00 -4.720410863283100333e+00
4.827030965822985742e+00 -4.722994171536673669e+00
4.867256223871510912e+00 -4.717167678958657184e+00
4.907481481920036082e+00 -4.705988485194632531e+00
4.947706739968560363e+00 -4.719797109550096792e+00
4.987931998017085533e+00 -4.744362346667063690e+00
5.028157256065609815e+00 -4.751805000589303773e+00
5.068382514114135873e+00 -4.742542070361500883e+00
5.108607772162660154e+00 -4.737110989097526925e+00
5.148833030211185324e+00 -4.744196401667332808e+00
