0.000000000000000000e+00 -1.549019599857431873e-01
4.022525804852488535e-02 -2.104077741894887776e-01
8.045051609704977069e-02 -6.576448574696807103e-01
1.206757741455746491e-01 -3.098263875048381522e+00
1.609010321940995414e-01 -4.421704159739478612e+00
2.011262902426244059e-01 -4.550708355889712564e+00
2.413515482911492982e-01 -4.502363465185493574e+00
2.815768063396741905e-01 -4.407832382563995566e+00
3.218020643881990828e-01 -4.171422337985439377e+00
3.620273224367239195e-01 -4.030009347111946916e+00
4.022525804852488118e-01 -4.027796007625500607e+00
4.424778385337736486e-01 -4.058642084946572304e+00
4.827030965822985964e-01 -4.105246631719261963e+00
5.229283546308235442e-01 -4.193075771719577460e+00
5.631536126793483810e-01 -4.331806363611948818e+00
6.033788707278732177e-01 -4.478546864920877724e+00
6.436041287763981655e-01 -4.608251473916486596e+00
6.838293868249230023e-01 -4.715339618267543997e+00
7.240546448734478391e-01 -4.781889059288345400e+00
7.642799029219726759e-01 -4.813425569399695014e+00
8.045051609704976237e-01 -4.848938627560855252e+00
8.447304190190225714e-01 -4.859197874661243866e+00
8.849556770675472972e-01 -4.930708941773544574e+00
9.251809351160722450e-01 -5.006115252162892659e+00
9.654061931645971928e-01 -5.006389039776276917e+00
1.005631451213122141e+00 -4.945884568184898633e+00
1.045856709261647088e+00 -4.910967703323492195e+00
1.086081967310171814e+00 -4.887365789993773468e+00
1.126307225358696762e+00 -4.858823582053997114e+00
1.166532483407221710e+00 -4.828802090485337928e+00
1.206757741455746435e+00 -4.791236238678854953e+00
1.246982999504271383e+00 -4.779741242833118520e+00
1.287208257552796331e+00 -4.786852887418542757e+00
1.327433515601321279e+00 -4.806885770765962462e+00
1.367658773649846005e+00 -4.797245711013015779e+00
1.407884031698370952e+00 -4.750860064281678952e+00
1.448109289746895678e+00 -4.660931449247416758e+00
1.488334547795420626e+00 -4.565178784331455297e+00
1.528559805843945352e+00 -4.468246971317393346e+00
1.568785063892470300e+00 -4.401217215437388752e+00
1.609010321940995247e+00 -4.320954530723124520e+00
1.649235579989519973e+00 -4.243154470482242147e+00
1.689460838038045143e+00 -4.180949191222610217e+00
1.729686096086569869e+00 -4.087792030126601084e+00
1.769911354135094594e+00 -4.012619649679469269e+00
1.810136612183619764e+00 -3.999408072561785321e+00
1.850361870232144490e+00 -3.976633942743228456e+00
1.890587128280669660e+00 -3.939965756297782118e+00
1.930812386329194386e+00 -3.933018047853411581e+00
1.971037644377719111e+00 -3.939782065984796855e+00
2.011262902426244281e+00 -3.971569737860657145e+00
2.051488160474769007e+00 -4.030151784603892118e+00
2.091713418523294177e+00 -4.109778084606992898e+00
2.131938676571818903e+00 -4.185709408287572764e+00
2.172163934620343628e+00 -4.255851701675140930e+00
2.212389192668868798e+00 -4.305892342651910454e+00
2.252614450717393524e+00 -4.381225851032317209e+00
2.292839708765918250e+00 -4.452383597736780274e+00
2.333064966814443419e+00 -4.452768040844978792e+00
2.373290224862968145e+00 -4.426546927893481254e+00
2.413515482911492871e+00 -4.436368109013910654e+00
2.453740740960018041e+00 -4.441455228788552034e+00
2.493965999008542767e+00 -4.444915662924063149e+00
2.534191257057067936e+00 -4.466193348149849918e+00
2.574416515105592662e+00 -4.498394552045963835e+00
2.614641773154117388e+00 -4.543558004460905408e+00
2.654867031202642558e+00 -4.570578766508027080e+00
2.695092289251167283e+00 -4.576544121343744997e+00
2.735317547299692009e+00 -4.581495874227364595e+00
2.775542805348216735e+00 -4.566385081275526225e+00
2.815768063396741905e+00 -4.546161185223525081e+00
2.855993321445266631e+00 -4.573406338804947957e+00
2.896218579493791356e+00 -4.626016733913290935e+00
2.936443837542316526e+00 -4.658906596872902206e+00
2.976669095590841252e+00 -4.659026961825349034e+00
3.016894353639365978e+00 -4.641244894476562521e+00
3.057119611687890703e+00 -4.651901799048349773e+00
3.097344869736415873e+00 -4.666737703481721233e+00
3.137570127784940599e+00 -4.643752957399231107e+00
3.177795385833465769e+00 -4.622157194442490180e+00
3.218020643881990495e+00 -4.610604857776070986e+00
3.258245901930515220e+00 -4.599789383960779965e+00
3.298471159979039946e+00 -4.597990837084605431e+00
3.338696418027565560e+00 -4.594041949289881188e+00
3.378921676076090286e+00 -4.602100074498048699e+00
3.419146934124615012e+00 -4.604655870129588990e+00
3.459372192173139737e+00 -4.615111850039409269e+00
3.499597450221664463e+00 -4.620635759099888773e+00
3.539822708270189189e+00 -4.601876748097182279e+00
3.580047966318714803e+00 -4.564680869177980327e+00
3.620273224367239528e+00 -4.553478978025526480e+00
3.660498482415764254e+00 -4.569309845146579008e+00
3.700723740464288980e+00 -4.589506993760737785e+00
3.740948998512813706e+00 -4.596658769688109381e+00
3.781174256561339320e+00 -4.597912821595246058e+00
3.821399514609864045e+00 -4.597492826806792721e+00
3.861624772658388771e+00 -4.583730302046659766e+00
3.901850030706913497e+00 -4.579685066892388079e+00
3.942075288755438223e+00 -4.604607394195709524e+00
3.982300546803963837e+00 -4.611560902790344585e+00
4.022525804852488562e+00 -4.598632198996731368e+00
4.062751062901012844e+00 -4.609877721598300226e+00
4.102976320949538014e+00 -4.644878611780732136e+00
4.143201578998062296e+00 -4.685279086793235237e+00
4.183426837046588354e+00 -4.686280994837797031e+00
4.223652095095112635e+00 -4.677636081501892917e+00
4.263877353143637805e+00 -4.670075912778817617e+00
4.304102611192162087e+00 -4.662964083008784399e+00
4.344327869240687257e+00 -4.664360866470308231e+00
4.384553127289211538e+00 -4.684256864915579577e+00
4.424778385337737596e+00 -4.671656068968399467e+00
4.465003643386261878e+00 -4.644571834078758954e+00
4.505228901434787048e+00 -4.645516246789190618e+00
4.545454159483311329e+00 -4.681372304670302853e+00
4.585679417531836499e+00 -4.685372983372553257e+00
4.625904675580361669e+00 -4.672396902794176299e+00
4.666129933628886839e+00 -4.685884372151865485e+00
4.706355191677411121e+00 -4.701491802418548360e+00
4.746580449725936290e+00 -4.682965064119398058e+00
4.786805707774460572e+00 -4.692547812517272376e+00
4.827030965822985742e+00 -4.716941814900421193e+00
4.867256223871510912e+00 -4.725692384392363721e+00
4.907481481920036082e+00 -4.714261063742418045e+00
4.947706739968560363e+00 -4.695229344188017961e+00
4.987931998017085533e+00 -4.705519617493992612e+00
5.028157256065609815e+00 -4.735827290760157737e+00
5.068382514114135873e+00 -4.755401114615320779e+00
5.108607772162660154e+00 -4.745511141407783740e+00
5.148833030211185324e+00 -4.731863829800751375e+00
