0.000000000000000000e+00 -1.549019599857431873e-01
4.022525804852488535e-02 -1.873056485045809516e-01
8.045051609704977069e-02 -5.078044672699399964e-01
1.206757741455746491e-01 -2.045076024527541669e+00
1.609010321940995414e-01 -3.932406761737426759e+00
2.011262902426244059e-01 -4.740595764556510439e+00
2.413515482911492982e-01 -5.072848253679294928e+00
2.815768063396741905e-01 -5.140777656201189316e+00
3.218020643881990828e-01 -5.124092125815531418e+00
3.620273224367239195e-01 -5.099654658581345146e+00
4.022525804852488118e-01 -5.146170960035643560e+00
4.424778385337736486e-01 -5.200066208847703209e+00
4.827030965822985964e-01 -5.200348427108156812e+00
5.229283546308235442e-01 -5.193785047412841749e+00
5.631536126793483810e-01 -5.202697228529112650e+00
6.033788707278732177e-01 -5.212513181271857476e+00
6.436041287763981655e-01 -5.198536104372817768e+00
6.838293868249230023e-01 -5.211781706252692992e+00
7.240546448734478391e-01 -5.260125184496594386e+00
7.642799029219726759e-01 -5.299404906838065976e+00
8.045051609704976237e-01 -5.309880830311044519e+00
8.447304190190225714e-01 -5.301957348768620903e+00
8.849556770675472972e-01 -5.263960896314022087e+00
9.251809351160722450e-01 -5.195866262638221045e+00
9.654061931645971928e-01 -5.158934982718777817e+00
1.005631451213122141e+00 -5.164027707625342245e+00
1.045856709261647088e+00 -5.152332307031412206e+00
1.086081967310171814e+00 -5.169607066021640662e+00
1.126307225358696762e+00 -5.196935447100446304e+00
1.166532483407221710e+00 -5.192017742857419016e+00
1.206757741455746435e+00 -5.143393132015968483e+00
1.246982999504271383e+00 -5.058519801570648511e+00
1.287208257552796331e+00 -4.954181368668976404e+00
1.327433515601321279e+00 -4.837246635396735606e+00
1.367658773649846005e+00 -4.764729076418094067e+00
1.407884031698370952e+00 -4.727317973974535015e+00
1.448109289746895678e+00 -4.689775598804511780e+00
1.488334547795420626e+00 -4.663169896116896140e+00
1.528559805843945352e+00 -4.586646620568747501e+00
1.568785063892470300e+00 -4.536197055745438966e+00
1.609010321940995247e+00 -4.530087958354531708e+00
1.649235579989519973e+00 -4.486019502665123504e+00
1.689460838038045143e+00 -4.390807923706135263e+00
1.729686096086569869e+00 -4.291352208049899808e+00
1.769911354135094594e+00 -4.203584083571692886e+00
1.810136612183619764e+00 -4.156865110425536969e+00
1.850361870232144490e+00 -4.140478785306290099e+00
1.890587128280669660e+00 -4.099105406641739613e+00
1.930812386329194386e+00 -4.063741276341045428e+00
1.971037644377719111e+00 -4.059619559104485020e+00
2.011262902426244281e+00 -4.112597824574165450e+00
2.051488160474769007e+00 -4.223967974807444570e+00
2.091713418523294177e+00 -4.334133962106445637e+00
2.131938676571818903e+00 -4.419088798541089602e+00
2.172163934620343628e+00 -4.439663356943492900e+00
2.212389192668868798e+00 -4.453409147574739713e+00
2.252614450717393524e+00 -4.464305755186090074e+00
2.292839708765918250e+00 -4.481116370875531274e+00
2.333064966814443419e+00 -4.499861413599635540e+00
2.373290224862968145e+00 -4.527730512497734061e+00
2.413515482911492871e+00 -4.552042115042017834e+00
2.453740740960018041e+00 -4.567479493072295504e+00
2.493965999008542767e+00 -4.596347933397281871e+00
2.534191257057067936e+00 -4.614193918200199640e+00
2.574416515105592662e+00 -4.643880353955422535e+00
2.614641773154117388e+00 -4.675263982289697751e+00
2.654867031202642558e+00 -4.702058661206812928e+00
2.695092289251167283e+00 -4.689372183267261462e+00
2.735317547299692009e+00 -4.652859862516297795e+00
2.775542805348216735e+00 -4.645131393293325139e+00
2.815768063396741905e+00 -4.657897374119429834e+00
2.855993321445266631e+00 -4.677783941509374266e+00
2.896218579493791356e+00 -4.693466814205748960e+00
2.936443837542316526e+00 -4.705752671642177809e+00
2.976669095590841252e+00 -4.713250858316282432e+00
3.016894353639365978e+00 -4.718567288366362966e+00
3.057119611687890703e+00 -4.716696892018099163e+00
3.097344869736415873e+00 -4.693284620440687505e+00
3.137570127784940599e+00 -4.672305874677964432e+00
3.177795385833465769e+00 -4.691194765564747016e+00
3.218020643881990495e+00 -4.677720904045637340e+00
3.258245901930515220e+00 -4.639755516397775281e+00
3.298471159979039946e+00 -4.606725126849608998e+00
3.338696418027565560e+00 -4.595944154030479289e+00
3.378921676076090286e+00 -4.611752483279896175e+00
3.419146934124615012e+00 -4.644952168452561203e+00
3.459372192173139737e+00 -4.675453505862904535e+00
3.499597450221664463e+00 -4.673851490005187514e+00
3.539822708270189189e+00 -4.633764062414998719e+00
3.580047966318714803e+00 -4.602058577950858265e+00
3.620273224367239528e+00 -4.580402055867602407e+00
3.660498482415764254e+00 -4.567539034553314892e+00
3.700723740464288980e+00 -4.566054347742938724e+00
3.740948998512813706e+00 -4.579684499584780077e+00
3.781174256561339320e+00 -4.600441286319350453e+00
3.821399514609864045e+00 -4.614083284623101910e+00
3.861624772658388771e+00 -4.611586959636277960e+00
3.901850030706913497e+00 -4.612738942417117016e+00
3.942075288755438223e+00 -4.630484087799041859e+00
3.982300546803963837e+00 -4.634347546837291887e+00
4.022525804852488562e+00 -4.653036837594823893e+00
4.062751062901012844e+00 -4.662454438885673902e+00
4.102976320949538014e+00 -4.666961538474288851e+00
4.143201578998062296e+00 -4.697205734585119252e+00
4.183426837046588354e+00 -4.720767576972519031e+00
4.223652095095112635e+00 -4.707654849139598419e+00
4.263877353143637805e+00 -4.687902654819339432e+00
4.304102611192162087e+00 -4.696142385892256854e+00
4.344327869240687257e+00 -4.689788654594651440e+00
4.384553127289211538e+00 -4.660876718738955482e+00
4.424778385337737596e+00 -4.641787205459371179e+00
4.465003643386261878e+00 -4.679354207003288302e+00
4.505228901434787048e+00 -4.729801543246056283e+00
4.545454159483311329e+00 -4.760300723483871010e+00
4.585679417531836499e+00 -4.765510859448524705e+00
4.625904675580361669e+00 -4.737442889884325048e+00
4.666129933628886839e+00 -4.710135561672185389e+00
4.706355191677411121e+00 -4.707586530940247371e+00
4.746580449725936290e+00 -4.694930797918090981e+00
4.786805707774460572e+00 -4.682479600496508354e+00
4.827030965822985742e+00 -4.682877143996598157e+00
4.867256223871510912e+00 -4.697680924979587225e+00
4.907481481920036082e+00 -4.710580375489987759e+00
4.947706739968560363e+00 -4.726869156909946135e+00
4.987931998017085533e+00 -4.739616673296068505e+00
5.028157256065609815e+00 -4.735716607345644924e+00
5.068382514114135873e+00 -4.706452341220663804e+00
5.108607772162660154e+00 -4.675725414648018941e+00
5.148833030211185324e+00 -4.671101739763684257e+00
