0.0	-0.17211328887304797
0.08045051609704977	-0.2460913337867986
0.16090103219409954	-0.7270818348363762
0.2413515482911493	-2.416999124709636
0.3218020643881991	-2.8503570188253966
0.4022525804852488	-2.8288721008363424
0.4827030965822986	-3.1341333220579677
0.5631536126793484	-3.7326436001836942
0.6436041287763982	-4.2504035359281644
0.7240546448734478	-4.459951536468266
0.8045051609704976	-4.484248438730682
0.8849556770675473	-4.444287008672531
0.9654061931645972	-4.39921453962464
1.045856709261647	-4.423936635095728
1.1263072253586968	-4.480773659196359
1.2067577414557464	-4.517665375970598
1.2872082575527963	-4.504504711672379
1.367658773649846	-4.457622629272751
1.4481092897468957	-4.363254809955415
1.5285598058439454	-4.252286902979786
1.6090103219409952	-4.123073878351781
1.6894608380380451	-3.9867701418294654
1.7699113541350946	-3.881249774585353
1.8503618702321445	-3.7959774188711433
1.9308123863291944	-3.7346202575627694
2.0112629024262443	-3.7026897496609084
2.091713418523294	-3.69343348733927
2.1721639346203436	-3.724172772318794
2.2526144507173935	-3.7778222130133137
2.3330649668144434	-3.8557211548126964
2.413515482911493	-3.9342145586105
2.4939659990085428	-4.017011115769765
2.5744165151055927	-4.099562305490804
2.6548670312026426	-4.146796756478135
2.735317547299692	-4.162254886369404
2.815768063396742	-4.199295541343795
2.8962185794937914	-4.246644728688542
2.9766690955908413	-4.2780035003499615
3.0571196116878907	-4.270189075463719
3.1375701277849406	-4.255514146989672
3.2180206438819905	-4.2421001178270314
3.29847115997904	-4.244553463370427
3.3789216760760903	-4.240897851856889
3.4593721921731397	-4.206906719252675
3.539822708270189	-4.175559126737293
3.6202732243672395	-4.166938010943317
3.700723740464289	-4.174560283898678
3.7811742565613393	-4.175088299559783
3.8616247726583888	-4.17097475028874
3.9420752887554382	-4.1656592250109075
4.022525804852489	-4.178616226357044
4.102976320949538	-4.211315954382826
4.183426837046588	-4.233261793357142
4.263877353143638	-4.237233145762095
4.344327869240687	-4.235844734625442
4.424778385337738	-4.226319718038087
4.505228901434787	-4.214014735603369
4.5856794175318365	-4.216340093162529
4.666129933628887	-4.21906294029424
4.746580449725936	-4.223403623869821
4.827030965822986	-4.2319456102817465
4.907481481920036	-4.235101318283209
4.9879319980170855	-4.2195547135829505
5.068382514114136	-4.217973702123949
5.148833030211185	-4.240332041407525
5.229283546308235	-4.243842706486241
5.309734062405285	-4.217061026284091
5.390184578502335	-4.20076747048605
5.470635094599384	-4.20118522749608
5.5510856106964335	-4.20843971787853
5.631536126793484	-4.214130168915981
5.711986642890533	-4.21431820389476
5.792437158987583	-4.21975966044561
5.872887675084633	-4.232842581140236
5.9533381911816825	-4.228458740377735
6.033788707278732	-4.222087008071356
6.114239223375781	-4.227158736475645
6.194689739472832	-4.232259129723423
6.275140255569881	-4.229083537160765
6.3555907716669315	-4.220129866113989
6.436041287763981	-4.222490719160529
6.51649180386103	-4.229683053740913
6.59694231995808	-4.23682879970173
6.677392836055131	-4.246504644710857
6.757843352152181	-4.253061112876299
6.83829386824923	-4.259606019365922
6.9187443843462795	-4.266730108220042
6.999194900443329	-4.2777536421640505
7.079645416540378	-4.27917206344645
7.16009593263743	-4.276889594744708
7.240546448734479	-4.2649673398032535
7.3209969648315285	-4.260346103791229
7.401447480928578	-4.276310832190605
7.481897997025627	-4.2847386098265
7.562348513122679	-4.285261851907931
7.642799029219728	-4.2698771606480594
7.7232495453167775	-4.263015240908289
7.803700061413827	-4.270837160712158
7.8841505775108764	-4.281478110625567
7.964601093607928	-4.2868672990046415
8.045051609704977	-4.292176893842229
8.125502125802026	-4.296915764197125
8.205952641899076	-4.298734349713439
8.286403157996125	-4.306074116195483
8.366853674093177	-4.3103022861623295
8.447304190190225	-4.315036903419639
8.527754706287276	-4.314567916609949
8.608205222384324	-4.317461689224487
8.688655738481375	-4.322616668302626
8.769106254578423	-4.330448289353842
8.849556770675475	-4.331072993945856
8.930007286772524	-4.339271313070304
9.010457802869574	-4.345983338816253
9.090908318966623	-4.360233193247662
9.171358835063673	-4.369552097658516
9.251809351160723	-4.370576279437554
9.332259867257774	-4.365451467455813
9.412710383354822	-4.356687880309508
9.493160899451873	-4.34539860308397
9.573611415548921	-4.33987185895115
9.654061931645971	-4.341925342517261
9.734512447743022	-4.354743244318472
9.814962963840072	-4.375890498296221
9.89541347993712	-4.3896811127349595
9.975863996034171	-4.392388032690879
10.05631451213122	-4.3878083410446775
10.136765028228272	-4.38749414775086
10.21721554432532	-4.397332100756819
10.29766606042237	-4.40588055994745
