0.000000000000000000e+00 -1.549019599857431873e-01
8.045051609704977069e-02 -2.120442212108082647e-01
1.609010321940995414e-01 -6.058536853778104803e-01
2.413515482911492982e-01 -2.189946351502576327e+00
3.218020643881990828e-01 -2.324871141367120142e+00
4.022525804852488118e-01 -2.212847449908960762e+00
4.827030965822985964e-01 -2.338057411550422682e+00
5.631536126793483810e-01 -2.669246452785610568e+00
6.436041287763981655e-01 -3.120596777660588739e+00
7.240546448734478391e-01 -3.463184871436265855e+00
8.045051609704976237e-01 -3.639388882033545602e+00
8.849556770675472972e-01 -3.598885435021574875e+00
9.654061931645971928e-01 -3.606216428250998529e+00
1.045856709261647088e+00 -3.704303215198110344e+00
1.126307225358696762e+00 -3.713090884627616717e+00
1.206757741455746435e+00 -3.654597077784474290e+00
1.287208257552796331e+00 -3.615162568129342446e+00
1.367658773649846005e+00 -3.584283624455880446e+00
1.448109289746895678e+00 -3.498642910570371356e+00
1.528559805843945352e+00 -3.367998179138094628e+00
1.609010321940995247e+00 -3.279810189376938467e+00
1.689460838038045143e+00 -3.200119450819576716e+00
1.769911354135094594e+00 -3.117423994285646760e+00
1.850361870232144490e+00 -3.000561946263036628e+00
1.930812386329194386e+00 -2.946509790157660902e+00
2.011262902426244281e+00 -2.952599938478007946e+00
2.091713418523294177e+00 -3.037981630838395564e+00
2.172163934620343628e+00 -3.165535242035281360e+00
2.252614450717393524e+00 -3.255942509707040688e+00
2.333064966814443419e+00 -3.268843576824973951e+00
2.413515482911492871e+00 -3.268404923707465493e+00
2.493965999008542767e+00 -3.321489337116354523e+00
2.574416515105592662e+00 -3.397013535355057012e+00
2.654867031202642558e+00 -3.430288503007418832e+00
2.735317547299692009e+00 -3.440423802400267572e+00
2.815768063396741905e+00 -3.457072918643965043e+00
2.896218579493791356e+00 -3.467034372421031296e+00
2.976669095590841252e+00 -3.480786333172285918e+00
3.057119611687890703e+00 -3.487348530352181175e+00
3.137570127784940599e+00 -3.480882711402319529e+00
3.218020643881990495e+00 -3.500841366655733200e+00
3.298471159979039946e+00 -3.493492452143796889e+00
3.378921676076090286e+00 -3.478169057109605777e+00
3.459372192173139737e+00 -3.467843813722400803e+00
3.539822708270189189e+00 -3.456429734991164349e+00
3.620273224367239528e+00 -3.420984375461403548e+00
3.700723740464288980e+00 -3.425528791415061836e+00
3.781174256561339320e+00 -3.436149454666901359e+00
3.861624772658388771e+00 -3.439004827643730611e+00
3.942075288755438223e+00 -3.441017794831688015e+00
4.022525804852488562e+00 -3.470668413540431096e+00
4.102976320949538014e+00 -3.476021196708850791e+00
4.183426837046588354e+00 -3.449335355860025931e+00
4.263877353143637805e+00 -3.413053109040516730e+00
4.344327869240687257e+00 -3.417936928082556669e+00
4.424778385337737596e+00 -3.455332687601120778e+00
4.505228901434787048e+00 -3.445672477857442573e+00
4.585679417531836499e+00 -3.425521920081968208e+00
4.666129933628886839e+00 -3.452004574363499056e+00
4.746580449725936290e+00 -3.520715302654234602e+00
4.827030965822985742e+00 -3.552812752846381539e+00
4.907481481920036082e+00 -3.531091493085524835e+00
4.987931998017085533e+00 -3.503380878579525515e+00
5.068382514114135873e+00 -3.483372357852651646e+00
5.148833030211185324e+00 -3.445521310721325392e+00
5.229283546308234776e+00 -3.396420092310549421e+00
5.309734062405285115e+00 -3.362889860155114263e+00
5.390184578502334567e+00 -3.378366540513167315e+00
5.470635094599384018e+00 -3.415401297529375935e+00
5.551085610696433470e+00 -3.454862587700710641e+00
5.631536126793483810e+00 -3.480588241088689028e+00
5.711986642890533261e+00 -3.494792007932905786e+00
5.792437158987582713e+00 -3.495276283468514489e+00
5.872887675084633052e+00 -3.473518167847362115e+00
5.953338191181682504e+00 -3.455505697732595749e+00
6.033788707278731955e+00 -3.460031790806429530e+00
6.114239223375781407e+00 -3.474975700375977361e+00
6.194689739472831747e+00 -3.474007975675276860e+00
6.275140255569881198e+00 -3.481414657474909635e+00
6.355590771666931538e+00 -3.467362397910546346e+00
6.436041287763980989e+00 -3.454777289582303013e+00
6.516491803861030441e+00 -3.451356553629160384e+00
6.596942319958079892e+00 -3.449505809304439730e+00
6.677392836055131120e+00 -3.442792898662502932e+00
6.757843352152180572e+00 -3.425482133809824692e+00
6.838293868249230023e+00 -3.422330124623949033e+00
6.918744384346279475e+00 -3.438131131098954185e+00
6.999194900443328926e+00 -3.438538871044859224e+00
7.079645416540378378e+00 -3.437375963152009106e+00
7.160095932637429605e+00 -3.449769266570335002e+00
7.240546448734479057e+00 -3.469630262373427421e+00
7.320996964831528508e+00 -3.478942878809573536e+00
7.401447480928577960e+00 -3.470218032700408628e+00
7.481897997025627411e+00 -3.455156487083535843e+00
7.562348513122678639e+00 -3.463596396012599499e+00
7.642799029219728091e+00 -3.478163008665507316e+00
7.723249545316777542e+00 -3.491050083927403236e+00
7.803700061413826994e+00 -3.506409529095220190e+00
7.884150577510876445e+00 -3.536143552928941780e+00
7.964601093607927673e+00 -3.557578258228649037e+00
8.045051609704977125e+00 -3.563497327683305738e+00
8.125502125802025688e+00 -3.586439530783692486e+00
8.205952641899076028e+00 -3.572883193816464242e+00
8.286403157996124591e+00 -3.533266478596646110e+00
8.366853674093176707e+00 -3.499534619920839251e+00
8.447304190190225270e+00 -3.513368051922706403e+00
8.527754706287275610e+00 -3.533033708197391043e+00
8.608205222384324173e+00 -3.545096426364378495e+00
8.688655738481374513e+00 -3.545798932537312709e+00
8.769106254578423076e+00 -3.550646263626116461e+00
8.849556770675475192e+00 -3.547323765025311104e+00
8.930007286772523756e+00 -3.552559270096143695e+00
9.010457802869574095e+00 -3.562443653041909464e+00
9.090908318966622659e+00 -3.575124331982806325e+00
9.171358835063672998e+00 -3.605076194314715821e+00
9.251809351160723338e+00 -3.624290371113429998e+00
9.332259867257773678e+00 -3.607043465963215567e+00
9.412710383354822241e+00 -3.571063547518154468e+00
9.493160899451872581e+00 -3.555375054116328482e+00
9.573611415548921144e+00 -3.575781490595622891e+00
9.654061931645971484e+00 -3.592139245625794342e+00
9.734512447743021823e+00 -3.600242452698775963e+00
9.814962963840072163e+00 -3.608521427674729942e+00
9.895413479937120727e+00 -3.613098940490150124e+00
9.975863996034171066e+00 -3.614260990024150910e+00
1.005631451213121963e+01 -3.606184892819740639e+00
1.013676502822827175e+01 -3.603989106191121561e+00
1.021721554432532031e+01 -3.620433511774983071e+00
1.029766606042237065e+01 -3.646449640388524038e+00
