0.000000000000000000e+00 -1.549019599857431873e-01
8.045051609704977069e-02 -1.935517498254142321e-01
1.609010321940995414e-01 -5.621304212677032952e-01
2.413515482911492982e-01 -1.777016856170736459e+00
3.218020643881990828e-01 -2.803140861628434344e+00
4.022525804852488118e-01 -2.770637845743567418e+00
4.827030965822985964e-01 -2.939384649137755989e+00
5.631536126793483810e-01 -3.179218692323038109e+00
6.436041287763981655e-01 -3.347715770590064643e+00
7.240546448734478391e-01 -3.466485629793793599e+00
8.045051609704976237e-01 -3.550666637737124098e+00
8.849556770675472972e-01 -3.579912915814912555e+00
9.654061931645971928e-01 -3.530508011330124152e+00
1.045856709261647088e+00 -3.515878911546135299e+00
1.126307225358696762e+00 -3.618236178390736857e+00
1.206757741455746435e+00 -3.748986476454801764e+00
1.287208257552796331e+00 -3.774824386885962557e+00
1.367658773649846005e+00 -3.737174008607863751e+00
1.448109289746895678e+00 -3.598742243786431594e+00
1.528559805843945352e+00 -3.499291738934611651e+00
1.609010321940995247e+00 -3.451739672208713472e+00
1.689460838038045143e+00 -3.363512109147944962e+00
1.769911354135094594e+00 -3.232727577494003413e+00
1.850361870232144490e+00 -3.129029215245653806e+00
1.930812386329194386e+00 -3.054747371006632406e+00
2.011262902426244281e+00 -3.013403841789101811e+00
2.091713418523294177e+00 -2.960907821616899138e+00
2.172163934620343628e+00 -2.981163986405820587e+00
2.252614450717393524e+00 -3.038249642750555868e+00
2.333064966814443419e+00 -3.116309516389791145e+00
2.413515482911492871e+00 -3.234630714729909595e+00
2.493965999008542767e+00 -3.375817653413569097e+00
2.574416515105592662e+00 -3.426780839648311705e+00
2.654867031202642558e+00 -3.451159966524609324e+00
2.735317547299692009e+00 -3.477026855965618779e+00
2.815768063396741905e+00 -3.467386206931454051e+00
2.896218579493791356e+00 -3.432156996227834878e+00
2.976669095590841252e+00 -3.420097960280580995e+00
3.057119611687890703e+00 -3.425441883333429249e+00
3.137570127784940599e+00 -3.458759072581038208e+00
3.218020643881990495e+00 -3.473317617724404283e+00
3.298471159979039946e+00 -3.457464189687558420e+00
3.378921676076090286e+00 -3.441573032209330751e+00
3.459372192173139737e+00 -3.423925801652622614e+00
3.539822708270189189e+00 -3.438765431967750086e+00
3.620273224367239528e+00 -3.443142986690828078e+00
3.700723740464288980e+00 -3.451450823843762450e+00
3.781174256561339320e+00 -3.470654192960545892e+00
3.861624772658388771e+00 -3.463658150411354164e+00
3.942075288755438223e+00 -3.428633141814457996e+00
4.022525804852488562e+00 -3.407106878663989757e+00
4.102976320949538014e+00 -3.438483842186346617e+00
4.183426837046588354e+00 -3.503936224871424088e+00
4.263877353143637805e+00 -3.563875697301993384e+00
4.344327869240687257e+00 -3.576079758636735662e+00
4.424778385337737596e+00 -3.573867959543344242e+00
4.505228901434787048e+00 -3.533869969814238399e+00
4.585679417531836499e+00 -3.492313237294119244e+00
4.666129933628886839e+00 -3.480943209491136336e+00
4.746580449725936290e+00 -3.481455422147309964e+00
4.827030965822985742e+00 -3.493768446925278326e+00
4.907481481920036082e+00 -3.512477866869914589e+00
4.987931998017085533e+00 -3.511335735599878660e+00
5.068382514114135873e+00 -3.512067076154777201e+00
5.148833030211185324e+00 -3.517076426838004366e+00
5.229283546308234776e+00 -3.520042251622836904e+00
5.309734062405285115e+00 -3.486970984367151694e+00
5.390184578502334567e+00 -3.445127661945972974e+00
5.470635094599384018e+00 -3.424043030663149079e+00
5.551085610696433470e+00 -3.427009352871974723e+00
5.631536126793483810e+00 -3.413525581625393546e+00
5.711986642890533261e+00 -3.396816826908147569e+00
5.792437158987582713e+00 -3.404078429066357714e+00
5.872887675084633052e+00 -3.423690438818852932e+00
5.953338191181682504e+00 -3.433858595628343835e+00
6.033788707278731955e+00 -3.474998519152805443e+00
6.114239223375781407e+00 -3.521512649473796497e+00
6.194689739472831747e+00 -3.533926282350626558e+00
6.275140255569881198e+00 -3.486830606373254593e+00
6.355590771666931538e+00 -3.450773666461721678e+00
6.436041287763980989e+00 -3.449044568084331353e+00
6.516491803861030441e+00 -3.457552484870389353e+00
6.596942319958079892e+00 -3.463575022916745461e+00
6.677392836055131120e+00 -3.488802984053292366e+00
6.757843352152180572e+00 -3.503228208617463313e+00
6.838293868249230023e+00 -3.500813401012741188e+00
6.918744384346279475e+00 -3.500530653347592391e+00
6.999194900443328926e+00 -3.498029593192062414e+00
7.079645416540378378e+00 -3.483188270778799112e+00
7.160095932637429605e+00 -3.462095064123994703e+00
7.240546448734479057e+00 -3.445805948914051786e+00
7.320996964831528508e+00 -3.444371547187250915e+00
7.401447480928577960e+00 -3.453757294309706349e+00
7.481897997025627411e+00 -3.466920886687308023e+00
7.562348513122678639e+00 -3.471705814816367308e+00
7.642799029219728091e+00 -3.470828502484221367e+00
7.723249545316777542e+00 -3.474789187610066499e+00
7.803700061413826994e+00 -3.485862778636529491e+00
7.884150577510876445e+00 -3.466001073877237104e+00
7.964601093607927673e+00 -3.458463202876143949e+00
8.045051609704977125e+00 -3.464085231605087856e+00
8.125502125802025688e+00 -3.478392297474991235e+00
8.205952641899076028e+00 -3.492455299726358930e+00
8.286403157996124591e+00 -3.513910356259908330e+00
8.366853674093176707e+00 -3.515479139660167451e+00
8.447304190190225270e+00 -3.500002894706911949e+00
8.527754706287275610e+00 -3.508796807336406420e+00
8.608205222384324173e+00 -3.509955899956775482e+00
8.688655738481374513e+00 -3.479901330234914880e+00
8.769106254578423076e+00 -3.455166675580033431e+00
8.849556770675475192e+00 -3.481055743812139891e+00
8.930007286772523756e+00 -3.518340172911591957e+00
9.010457802869574095e+00 -3.531515301671004359e+00
9.090908318966622659e+00 -3.524985566669178727e+00
9.171358835063672998e+00 -3.547746374112478840e+00
9.251809351160723338e+00 -3.571067625884237984e+00
9.332259867257773678e+00 -3.577876311920551888e+00
9.412710383354822241e+00 -3.592659368093900074e+00
9.493160899451872581e+00 -3.588621048074865705e+00
9.573611415548921144e+00 -3.582525046126164181e+00
9.654061931645971484e+00 -3.589580547463970372e+00
9.734512447743021823e+00 -3.592618288911046509e+00
9.814962963840072163e+00 -3.588157155896884998e+00
9.895413479937120727e+00 -3.586606609062310103e+00
9.975863996034171066e+00 -3.597017815554494291e+00
1.005631451213121963e+01 -3.588367374851904934e+00
1.013676502822827175e+01 -3.579886154631403361e+00
1.021721554432532031e+01 -3.598788039123765436e+00
1.029766606042237065e+01 -3.614171002305650138e+00
