0.000000000000000000e+00 -1.549019599857431873e-01
8.045051609704977069e-02 -1.872118755626724917e-01
1.609010321940995414e-01 -5.068168356729673141e-01
2.413515482911492982e-01 -1.912121563957005499e+00
3.218020643881990828e-01 -2.915668313588933191e+00
4.022525804852488118e-01 -2.847027326791060187e+00
4.827030965822985964e-01 -2.819095107656897525e+00
5.631536126793483810e-01 -3.020275444283042177e+00
6.436041287763981655e-01 -3.264782730326337035e+00
7.240546448734478391e-01 -3.443721369857630776e+00
8.045051609704976237e-01 -3.577077016203882298e+00
8.849556770675472972e-01 -3.686655193491676030e+00
9.654061931645971928e-01 -3.761975595083255186e+00
1.045856709261647088e+00 -3.798545192923120872e+00
1.126307225358696762e+00 -3.798119139897106589e+00
1.206757741455746435e+00 -3.720591602445467938e+00
1.287208257552796331e+00 -3.630045140964369033e+00
1.367658773649846005e+00 -3.579649520215324454e+00
1.448109289746895678e+00 -3.568564216334983552e+00
1.528559805843945352e+00 -3.527947898919544745e+00
1.609010321940995247e+00 -3.439713233641260359e+00
1.689460838038045143e+00 -3.347393882817261357e+00
1.769911354135094594e+00 -3.241705194207833873e+00
1.850361870232144490e+00 -3.170935644968877920e+00
1.930812386329194386e+00 -3.141149003606614531e+00
2.011262902426244281e+00 -3.131547313876247074e+00
2.091713418523294177e+00 -3.165969549551243656e+00
2.172163934620343628e+00 -3.229212053110305902e+00
2.252614450717393524e+00 -3.262528294164970255e+00
2.333064966814443419e+00 -3.305081866185911377e+00
2.413515482911492871e+00 -3.333930354836003751e+00
2.493965999008542767e+00 -3.334122098635255771e+00
2.574416515105592662e+00 -3.335100303138764044e+00
2.654867031202642558e+00 -3.330797603964266607e+00
2.735317547299692009e+00 -3.324641081869633474e+00
2.815768063396741905e+00 -3.322680596437359135e+00
2.896218579493791356e+00 -3.361742036271666123e+00
2.976669095590841252e+00 -3.419862161099987752e+00
3.057119611687890703e+00 -3.455037077795086287e+00
3.137570127784940599e+00 -3.436872450929358003e+00
3.218020643881990495e+00 -3.422840354935819285e+00
3.298471159979039946e+00 -3.434779054941050180e+00
3.378921676076090286e+00 -3.485945475561317064e+00
3.459372192173139737e+00 -3.535481000104509164e+00
3.539822708270189189e+00 -3.525757501994951415e+00
3.620273224367239528e+00 -3.470449223667062544e+00
3.700723740464288980e+00 -3.438042082068217820e+00
3.781174256561339320e+00 -3.425793287899274731e+00
3.861624772658388771e+00 -3.445298581523406956e+00
3.942075288755438223e+00 -3.464066108533141453e+00
4.022525804852488562e+00 -3.439752108740015135e+00
4.102976320949538014e+00 -3.426970923493057430e+00
4.183426837046588354e+00 -3.423679819933858059e+00
4.263877353143637805e+00 -3.421913031081988521e+00
4.344327869240687257e+00 -3.408876215335123305e+00
4.424778385337737596e+00 -3.403772838898693198e+00
4.505228901434787048e+00 -3.403363834346018635e+00
4.585679417531836499e+00 -3.404285347474961920e+00
4.666129933628886839e+00 -3.408926252943946800e+00
4.746580449725936290e+00 -3.441604346167717043e+00
4.827030965822985742e+00 -3.475987771554353234e+00
4.907481481920036082e+00 -3.470615616118334579e+00
4.987931998017085533e+00 -3.443474279347974676e+00
5.068382514114135873e+00 -3.437287279338637980e+00
5.148833030211185324e+00 -3.418534306544113388e+00
5.229283546308234776e+00 -3.382403323145063201e+00
5.309734062405285115e+00 -3.375109441675659294e+00
5.390184578502334567e+00 -3.410890739491031720e+00
5.470635094599384018e+00 -3.437973185534216825e+00
5.551085610696433470e+00 -3.439867146346279991e+00
5.631536126793483810e+00 -3.439559757923493777e+00
5.711986642890533261e+00 -3.449220317216295850e+00
5.792437158987582713e+00 -3.447393510273349282e+00
5.872887675084633052e+00 -3.442767202492867717e+00
5.953338191181682504e+00 -3.446564159872458788e+00
6.033788707278731955e+00 -3.459647230533151152e+00
6.114239223375781407e+00 -3.469437830719160676e+00
6.194689739472831747e+00 -3.450036323514371617e+00
6.275140255569881198e+00 -3.433641255152240834e+00
6.355590771666931538e+00 -3.443169597534173398e+00
6.436041287763980989e+00 -3.461238401427876088e+00
6.516491803861030441e+00 -3.479970190554871223e+00
6.596942319958079892e+00 -3.489809316725741350e+00
6.677392836055131120e+00 -3.490589629867954180e+00
6.757843352152180572e+00 -3.491568147732744265e+00
6.838293868249230023e+00 -3.474518927820606784e+00
6.918744384346279475e+00 -3.482686175961922537e+00
6.999194900443328926e+00 -3.509279679566424281e+00
7.079645416540378378e+00 -3.528140102099726505e+00
7.160095932637429605e+00 -3.528314768149783287e+00
7.240546448734479057e+00 -3.516220366721204638e+00
7.320996964831528508e+00 -3.512205083902184555e+00
7.401447480928577960e+00 -3.507034228783421081e+00
7.481897997025627411e+00 -3.501356571960932307e+00
7.562348513122678639e+00 -3.516931807096554952e+00
7.642799029219728091e+00 -3.526494630647061701e+00
7.723249545316777542e+00 -3.508777261623597266e+00
7.803700061413826994e+00 -3.494275625773394012e+00
7.884150577510876445e+00 -3.470178092415404425e+00
7.964601093607927673e+00 -3.472313645194264886e+00
8.045051609704977125e+00 -3.493798111544314189e+00
8.125502125802025688e+00 -3.503671147003707187e+00
8.205952641899076028e+00 -3.509291394007580056e+00
8.286403157996124591e+00 -3.514648123128004009e+00
8.366853674093176707e+00 -3.514561303116804147e+00
8.447304190190225270e+00 -3.500565460396001694e+00
8.527754706287275610e+00 -3.495007482012803646e+00
8.608205222384324173e+00 -3.503499592698759990e+00
8.688655738481374513e+00 -3.500550632635272663e+00
8.769106254578423076e+00 -3.497324379789255921e+00
8.849556770675475192e+00 -3.510856480795119250e+00
8.930007286772523756e+00 -3.559267151082502245e+00
9.010457802869574095e+00 -3.585651915188988070e+00
9.090908318966622659e+00 -3.565926120017137269e+00
9.171358835063672998e+00 -3.543393551623895910e+00
9.251809351160723338e+00 -3.554426253436786087e+00
9.332259867257773678e+00 -3.556237698977437578e+00
9.412710383354822241e+00 -3.531310549963346368e+00
9.493160899451872581e+00 -3.528964216660607445e+00
9.573611415548921144e+00 -3.567601897755361851e+00
9.654061931645971484e+00 -3.593430335694781430e+00
9.734512447743021823e+00 -3.598584309273285875e+00
9.814962963840072163e+00 -3.592958040677250331e+00
9.895413479937120727e+00 -3.591874337558032870e+00
9.975863996034171066e+00 -3.600667205572518181e+00
1.005631451213121963e+01 -3.608874546791577931e+00
1.013676502822827175e+01 -3.606791921713857985e+00
1.021721554432532031e+01 -3.598392371534255840e+00
1.029766606042237065e+01 -3.586566307379435159e+00
