0.000000000000000000e+00 -1.549019599857431873e-01
8.045051609704977069e-02 -2.122001620255401233e-01
1.609010321940995414e-01 -6.509355542745765000e-01
2.413515482911492982e-01 -2.454423846842488821e+00
3.218020643881990828e-01 -2.334745190874391252e+00
4.022525804852488118e-01 -2.217660792051366681e+00
4.827030965822985964e-01 -2.467199161255917428e+00
5.631536126793483810e-01 -2.954913821466943258e+00
6.436041287763981655e-01 -3.349886301484711559e+00
7.240546448734478391e-01 -3.476730288576502570e+00
8.045051609704976237e-01 -3.562101112686741011e+00
8.849556770675472972e-01 -3.627649015627160356e+00
9.654061931645971928e-01 -3.589563477471809261e+00
1.045856709261647088e+00 -3.550667014892898710e+00
1.126307225358696762e+00 -3.602602124438253117e+00
1.206757741455746435e+00 -3.666866587262597399e+00
1.287208257552796331e+00 -3.626813459544496521e+00
1.367658773649846005e+00 -3.553779638738686852e+00
1.448109289746895678e+00 -3.495066545379180489e+00
1.528559805843945352e+00 -3.430718553749569022e+00
1.609010321940995247e+00 -3.384556632117021735e+00
1.689460838038045143e+00 -3.335523320695065408e+00
1.769911354135094594e+00 -3.243953710545808722e+00
1.850361870232144490e+00 -3.153668237986885892e+00
1.930812386329194386e+00 -3.124287420345094102e+00
2.011262902426244281e+00 -3.107301504930310987e+00
2.091713418523294177e+00 -3.115014929844597269e+00
2.172163934620343628e+00 -3.174649943787373640e+00
2.252614450717393524e+00 -3.246793460091009553e+00
2.333064966814443419e+00 -3.321575558720136545e+00
2.413515482911492871e+00 -3.379494792270862913e+00
2.493965999008542767e+00 -3.428349011072853614e+00
2.574416515105592662e+00 -3.473043520135130624e+00
2.654867031202642558e+00 -3.535852996304719387e+00
2.735317547299692009e+00 -3.552369132911394445e+00
2.815768063396741905e+00 -3.566705251981436842e+00
2.896218579493791356e+00 -3.544557531930210725e+00
2.976669095590841252e+00 -3.529582954667106254e+00
3.057119611687890703e+00 -3.517948700589653477e+00
3.137570127784940599e+00 -3.506146316312701572e+00
3.218020643881990495e+00 -3.486049494829089213e+00
3.298471159979039946e+00 -3.485432389596312852e+00
3.378921676076090286e+00 -3.496647361564749534e+00
3.459372192173139737e+00 -3.526880630552670759e+00
3.539822708270189189e+00 -3.516102816949596033e+00
3.620273224367239528e+00 -3.470951602336988628e+00
3.700723740464288980e+00 -3.411687066537277602e+00
3.781174256561339320e+00 -3.405324355323885221e+00
3.861624772658388771e+00 -3.422964338812124474e+00
3.942075288755438223e+00 -3.425186506070200476e+00
4.022525804852488562e+00 -3.417107256096332257e+00
4.102976320949538014e+00 -3.437013519945588680e+00
4.183426837046588354e+00 -3.480771952303986172e+00
4.263877353143637805e+00 -3.507355123754877013e+00
4.344327869240687257e+00 -3.514915411288925817e+00
4.424778385337737596e+00 -3.522468245986145607e+00
4.505228901434787048e+00 -3.523315628926720677e+00
4.585679417531836499e+00 -3.500853695170157209e+00
4.666129933628886839e+00 -3.464863468954658465e+00
4.746580449725936290e+00 -3.437691031126509422e+00
4.827030965822985742e+00 -3.417031799439418371e+00
4.907481481920036082e+00 -3.387407116825249975e+00
4.987931998017085533e+00 -3.394470288962079252e+00
5.068382514114135873e+00 -3.434104045886973378e+00
5.148833030211185324e+00 -3.462496951566333525e+00
5.229283546308234776e+00 -3.464273232917694845e+00
5.309734062405285115e+00 -3.452832719287723506e+00
5.390184578502334567e+00 -3.461246790116576211e+00
5.470635094599384018e+00 -3.504487564750733863e+00
5.551085610696433470e+00 -3.531221341390986534e+00
5.631536126793483810e+00 -3.524785360494523179e+00
5.711986642890533261e+00 -3.513403819677445306e+00
5.792437158987582713e+00 -3.492474701054247621e+00
5.872887675084633052e+00 -3.472932347733509673e+00
5.953338191181682504e+00 -3.437813173918306653e+00
6.033788707278731955e+00 -3.427885067969663968e+00
6.114239223375781407e+00 -3.433686894273697554e+00
6.194689739472831747e+00 -3.454395239520554828e+00
6.275140255569881198e+00 -3.431864060614346013e+00
6.355590771666931538e+00 -3.427034206768278413e+00
6.436041287763980989e+00 -3.451072107230093611e+00
6.516491803861030441e+00 -3.485701275886443629e+00
6.596942319958079892e+00 -3.502185605368750121e+00
6.677392836055131120e+00 -3.504870234455905731e+00
6.757843352152180572e+00 -3.491009622637979426e+00
6.838293868249230023e+00 -3.516866358100951828e+00
6.918744384346279475e+00 -3.554602001911440823e+00
6.999194900443328926e+00 -3.551225368439257402e+00
7.079645416540378378e+00 -3.532705146846427890e+00
7.160095932637429605e+00 -3.541917917834799479e+00
7.240546448734479057e+00 -3.539542796573714956e+00
7.320996964831528508e+00 -3.530976077109054589e+00
7.401447480928577960e+00 -3.514523770069164943e+00
7.481897997025627411e+00 -3.526717167455318158e+00
7.562348513122678639e+00 -3.531755981438787995e+00
7.642799029219728091e+00 -3.532528056490991553e+00
7.723249545316777542e+00 -3.527419175104704152e+00
7.803700061413826994e+00 -3.552594036452295434e+00
7.884150577510876445e+00 -3.552204714486267623e+00
7.964601093607927673e+00 -3.526079404904304049e+00
8.045051609704977125e+00 -3.511206528755412393e+00
8.125502125802025688e+00 -3.532356240015890769e+00
8.205952641899076028e+00 -3.566533799530929194e+00
8.286403157996124591e+00 -3.581159910133587587e+00
8.366853674093176707e+00 -3.563923814053738148e+00
8.447304190190225270e+00 -3.554410448318877869e+00
8.527754706287275610e+00 -3.556742867170325173e+00
8.608205222384324173e+00 -3.542241017679814696e+00
8.688655738481374513e+00 -3.526203116587997677e+00
8.769106254578423076e+00 -3.540613840417896174e+00
8.849556770675475192e+00 -3.568825571936721897e+00
8.930007286772523756e+00 -3.569908484877104105e+00
9.010457802869574095e+00 -3.551344319984979236e+00
9.090908318966622659e+00 -3.552024183687840786e+00
9.171358835063672998e+00 -3.562692627244282484e+00
9.251809351160723338e+00 -3.562142190128121833e+00
9.332259867257773678e+00 -3.574825439333561672e+00
9.412710383354822241e+00 -3.605815139497858368e+00
9.493160899451872581e+00 -3.612680324171507085e+00
9.573611415548921144e+00 -3.626328789115932150e+00
9.654061931645971484e+00 -3.638027062105088749e+00
9.734512447743021823e+00 -3.639098558663266036e+00
9.814962963840072163e+00 -3.630492960652489831e+00
9.895413479937120727e+00 -3.603654255101947701e+00
9.975863996034171066e+00 -3.565600933322415678e+00
1.005631451213121963e+01 -3.558614932949780485e+00
1.013676502822827175e+01 -3.598040148705381469e+00
1.021721554432532031e+01 -3.624112567022989673e+00
1.029766606042237065e+01 -3.632019985371619075e+00
