0.000000000000000000e+00 -1.549019599857431873e-01
8.045051609704977069e-02 -2.122245140493425053e-01
1.609010321940995414e-01 -6.497402072834809195e-01
2.413515482911492982e-01 -2.366077571017074721e+00
3.218020643881990828e-01 -2.266666433814108039e+00
4.022525804852488118e-01 -2.160632429232369311e+00
4.827030965822985964e-01 -2.441254220507274031e+00
5.631536126793483810e-01 -2.936293853309619895e+00
6.436041287763981655e-01 -3.246531035857898484e+00
7.240546448734478391e-01 -3.383364966881797553e+00
8.045051609704976237e-01 -3.537277813273366434e+00
8.849556770675472972e-01 -3.664095489285007279e+00
9.654061931645971928e-01 -3.627703637664581038e+00
1.045856709261647088e+00 -3.558155522194474951e+00
1.126307225358696762e+00 -3.570312260366196089e+00
1.206757741455746435e+00 -3.572216435985662741e+00
1.287208257552796331e+00 -3.560381704537496805e+00
1.367658773649846005e+00 -3.594926483879519630e+00
1.448109289746895678e+00 -3.608893577523125451e+00
1.528559805843945352e+00 -3.576835235555494208e+00
1.609010321940995247e+00 -3.423194248591467925e+00
1.689460838038045143e+00 -3.289224000257781722e+00
1.769911354135094594e+00 -3.201384451529507125e+00
1.850361870232144490e+00 -3.112116329732062425e+00
1.930812386329194386e+00 -3.054201311275225095e+00
2.011262902426244281e+00 -3.018516144552634284e+00
2.091713418523294177e+00 -3.042795393346359845e+00
2.172163934620343628e+00 -3.113881465396147519e+00
2.252614450717393524e+00 -3.167198783923465211e+00
2.333064966814443419e+00 -3.222918662699801651e+00
2.413515482911492871e+00 -3.293027806755028486e+00
2.493965999008542767e+00 -3.357980459994656108e+00
2.574416515105592662e+00 -3.383784522750140411e+00
2.654867031202642558e+00 -3.424464947085661848e+00
2.735317547299692009e+00 -3.477810546171737904e+00
2.815768063396741905e+00 -3.515563698304709384e+00
2.896218579493791356e+00 -3.529818806111926222e+00
2.976669095590841252e+00 -3.489577497101210568e+00
3.057119611687890703e+00 -3.484575281387705559e+00
3.137570127784940599e+00 -3.523653853519231660e+00
3.218020643881990495e+00 -3.506949404777039980e+00
3.298471159979039946e+00 -3.475951370922163886e+00
3.378921676076090286e+00 -3.496076571127038068e+00
3.459372192173139737e+00 -3.494660327628302365e+00
3.539822708270189189e+00 -3.459023331245277166e+00
3.620273224367239528e+00 -3.440406024327614887e+00
3.700723740464288980e+00 -3.478848657400066990e+00
3.781174256561339320e+00 -3.544495596181006292e+00
3.861624772658388771e+00 -3.578214873650011896e+00
3.942075288755438223e+00 -3.482964559476244393e+00
4.022525804852488562e+00 -3.399687404464294627e+00
4.102976320949538014e+00 -3.388850714469679115e+00
4.183426837046588354e+00 -3.403485952015684379e+00
4.263877353143637805e+00 -3.427953735036130656e+00
4.344327869240687257e+00 -3.462624915664342051e+00
4.424778385337737596e+00 -3.498117697816832905e+00
4.505228901434787048e+00 -3.529980883157799454e+00
4.585679417531836499e+00 -3.528464167680826158e+00
4.666129933628886839e+00 -3.478762674797172050e+00
4.746580449725936290e+00 -3.480457164752589705e+00
4.827030965822985742e+00 -3.505003778596835318e+00
4.907481481920036082e+00 -3.525149835096673012e+00
4.987931998017085533e+00 -3.500085899420507740e+00
5.068382514114135873e+00 -3.466551093857486165e+00
5.148833030211185324e+00 -3.439329911059961997e+00
5.229283546308234776e+00 -3.456258970136381059e+00
5.309734062405285115e+00 -3.469140922802247395e+00
5.390184578502334567e+00 -3.438370569706215019e+00
5.470635094599384018e+00 -3.399823314931532892e+00
5.551085610696433470e+00 -3.420613183050828621e+00
5.631536126793483810e+00 -3.452541755338696117e+00
5.711986642890533261e+00 -3.471000168432379684e+00
5.792437158987582713e+00 -3.454549603721219775e+00
5.872887675084633052e+00 -3.410915577398978105e+00
5.953338191181682504e+00 -3.384403670378234530e+00
6.033788707278731955e+00 -3.414255567165258132e+00
6.114239223375781407e+00 -3.450904713142302516e+00
6.194689739472831747e+00 -3.485200835899426419e+00
6.275140255569881198e+00 -3.507636793459675939e+00
6.355590771666931538e+00 -3.519182354129239076e+00
6.436041287763980989e+00 -3.487644458723650143e+00
6.516491803861030441e+00 -3.460121801851980372e+00
6.596942319958079892e+00 -3.460009756669906178e+00
6.677392836055131120e+00 -3.474333621272350126e+00
6.757843352152180572e+00 -3.499414574377833098e+00
6.838293868249230023e+00 -3.512243202141162257e+00
6.918744384346279475e+00 -3.464851957734778498e+00
6.999194900443328926e+00 -3.441826520587610627e+00
7.079645416540378378e+00 -3.462652952824142538e+00
7.160095932637429605e+00 -3.514287888697661622e+00
7.240546448734479057e+00 -3.527376537573027271e+00
7.320996964831528508e+00 -3.499223219992872558e+00
7.401447480928577960e+00 -3.476394820258314144e+00
7.481897997025627411e+00 -3.489115158751862289e+00
7.562348513122678639e+00 -3.520569490677777136e+00
7.642799029219728091e+00 -3.533827761251339350e+00
7.723249545316777542e+00 -3.545370366491603420e+00
7.803700061413826994e+00 -3.553286712538656911e+00
7.884150577510876445e+00 -3.552733326005644621e+00
7.964601093607927673e+00 -3.539511314751254467e+00
8.045051609704977125e+00 -3.523661417454815314e+00
8.125502125802025688e+00 -3.528067673751838829e+00
8.205952641899076028e+00 -3.552779978717440112e+00
8.286403157996124591e+00 -3.566645619077152052e+00
8.366853674093176707e+00 -3.568290845080668738e+00
8.447304190190225270e+00 -3.547280349717844228e+00
8.527754706287275610e+00 -3.547759114621475085e+00
8.608205222384324173e+00 -3.547178438904426301e+00
8.688655738481374513e+00 -3.560570519919467269e+00
8.769106254578423076e+00 -3.578413224502603907e+00
8.849556770675475192e+00 -3.591253226976731217e+00
8.930007286772523756e+00 -3.608969065512818819e+00
9.010457802869574095e+00 -3.591857430415463348e+00
9.090908318966622659e+00 -3.578172486694710219e+00
9.171358835063672998e+00 -3.572560482147649097e+00
9.251809351160723338e+00 -3.579075259747659832e+00
9.332259867257773678e+00 -3.601576667323521441e+00
9.412710383354822241e+00 -3.625038646699439759e+00
9.493160899451872581e+00 -3.616331194411900540e+00
9.573611415548921144e+00 -3.583475014153009397e+00
9.654061931645971484e+00 -3.581870983923265417e+00
9.734512447743021823e+00 -3.618502784700823760e+00
9.814962963840072163e+00 -3.640455506043622336e+00
9.895413479937120727e+00 -3.638236727855762354e+00
9.975863996034171066e+00 -3.654043469182134185e+00
1.005631451213121963e+01 -3.695645051847269880e+00
1.013676502822827175e+01 -3.683087594283613875e+00
1.021721554432532031e+01 -3.634037609336699948e+00
1.029766606042237065e+01 -3.608578532211113910e+00
