0.000000000000000000e+00 -1.549019599857431873e-01
8.045051609704977069e-02 -1.970776048897639188e-01
1.609010321940995414e-01 -5.881216142547239789e-01
2.413515482911492982e-01 -2.078821005345063533e+00
3.218020643881990828e-01 -2.546663177711366632e+00
4.022525804852488118e-01 -2.359386512757934540e+00
4.827030965822985964e-01 -2.561246486751982854e+00
5.631536126793483810e-01 -2.952632867344145318e+00
6.436041287763981655e-01 -3.321498135337617175e+00
7.240546448734478391e-01 -3.535459199377072981e+00
8.045051609704976237e-01 -3.659194942269548889e+00
8.849556770675472972e-01 -3.705351645513019321e+00
9.654061931645971928e-01 -3.586080928934249901e+00
1.045856709261647088e+00 -3.506298260369989261e+00
1.126307225358696762e+00 -3.521274789215129264e+00
1.206757741455746435e+00 -3.554994223639349027e+00
1.287208257552796331e+00 -3.553652942263135106e+00
1.367658773649846005e+00 -3.516195198882524853e+00
1.448109289746895678e+00 -3.504216100686696311e+00
1.528559805843945352e+00 -3.461338932008635627e+00
1.609010321940995247e+00 -3.377185004711495964e+00
1.689460838038045143e+00 -3.264010236465488379e+00
1.769911354135094594e+00 -3.111349076324718244e+00
1.850361870232144490e+00 -3.019165764639103688e+00
1.930812386329194386e+00 -2.994928797961292410e+00
2.011262902426244281e+00 -3.032290212193344381e+00
2.091713418523294177e+00 -3.079472748354977085e+00
2.172163934620343628e+00 -3.130764643847708584e+00
2.252614450717393524e+00 -3.228173703728477673e+00
2.333064966814443419e+00 -3.325588278343428517e+00
2.413515482911492871e+00 -3.336147578244865741e+00
2.493965999008542767e+00 -3.324421063960801614e+00
2.574416515105592662e+00 -3.314085178629688322e+00
2.654867031202642558e+00 -3.324761214385261177e+00
2.735317547299692009e+00 -3.372901308196044390e+00
2.815768063396741905e+00 -3.436282310436665544e+00
2.896218579493791356e+00 -3.484691200044894188e+00
2.976669095590841252e+00 -3.511424263187017392e+00
3.057119611687890703e+00 -3.509440539177282492e+00
3.137570127784940599e+00 -3.495947451289860730e+00
3.218020643881990495e+00 -3.460960741184395228e+00
3.298471159979039946e+00 -3.439949692714135754e+00
3.378921676076090286e+00 -3.442475672367267148e+00
3.459372192173139737e+00 -3.462699932155441029e+00
3.539822708270189189e+00 -3.453055766796286896e+00
3.620273224367239528e+00 -3.420705748691130754e+00
3.700723740464288980e+00 -3.410752840287867738e+00
3.781174256561339320e+00 -3.394967578083562199e+00
3.861624772658388771e+00 -3.377558172836895078e+00
3.942075288755438223e+00 -3.377229588322379961e+00
4.022525804852488562e+00 -3.396502449844390092e+00
4.102976320949538014e+00 -3.430560947831612584e+00
4.183426837046588354e+00 -3.460623817342491026e+00
4.263877353143637805e+00 -3.482882877303865587e+00
4.344327869240687257e+00 -3.483228834444269228e+00
4.424778385337737596e+00 -3.477704425212014616e+00
4.505228901434787048e+00 -3.461885383870332067e+00
4.585679417531836499e+00 -3.441573705264951322e+00
4.666129933628886839e+00 -3.438348223241103785e+00
4.746580449725936290e+00 -3.430414300815463058e+00
4.827030965822985742e+00 -3.426917534898036521e+00
4.907481481920036082e+00 -3.430179068841044288e+00
4.987931998017085533e+00 -3.462443306739317439e+00
5.068382514114135873e+00 -3.473834428214337411e+00
5.148833030211185324e+00 -3.479605323323286203e+00
5.229283546308234776e+00 -3.455732332002188212e+00
5.309734062405285115e+00 -3.457661907681144342e+00
5.390184578502334567e+00 -3.475012579490321496e+00
5.470635094599384018e+00 -3.481677666451618247e+00
5.551085610696433470e+00 -3.472079442721236919e+00
5.631536126793483810e+00 -3.425518249934109694e+00
5.711986642890533261e+00 -3.405796111840974305e+00
5.792437158987582713e+00 -3.413480653333958337e+00
5.872887675084633052e+00 -3.438858770989601688e+00
5.953338191181682504e+00 -3.472217077305661981e+00
6.033788707278731955e+00 -3.474802422552883741e+00
6.114239223375781407e+00 -3.463688517421869228e+00
6.194689739472831747e+00 -3.462343536700206226e+00
6.275140255569881198e+00 -3.459792235454786979e+00
6.355590771666931538e+00 -3.461266234890909121e+00
6.436041287763980989e+00 -3.461207847606905030e+00
6.516491803861030441e+00 -3.451719798432078878e+00
6.596942319958079892e+00 -3.431502171209697583e+00
6.677392836055131120e+00 -3.420001976505625318e+00
6.757843352152180572e+00 -3.401139537235282173e+00
6.838293868249230023e+00 -3.416450379912383095e+00
6.918744384346279475e+00 -3.486703140959338754e+00
6.999194900443328926e+00 -3.521692244396082305e+00
7.079645416540378378e+00 -3.507388871061079438e+00
7.160095932637429605e+00 -3.494855667470958327e+00
7.240546448734479057e+00 -3.530273791086328661e+00
7.320996964831528508e+00 -3.549910216619133418e+00
7.401447480928577960e+00 -3.535518833104218217e+00
7.481897997025627411e+00 -3.503550211305896500e+00
7.562348513122678639e+00 -3.502267803597200579e+00
7.642799029219728091e+00 -3.498749887581714457e+00
7.723249545316777542e+00 -3.506096718044344307e+00
7.803700061413826994e+00 -3.523611158621047679e+00
7.884150577510876445e+00 -3.536473013498437457e+00
7.964601093607927673e+00 -3.519361962865335425e+00
8.045051609704977125e+00 -3.491211998567288255e+00
8.125502125802025688e+00 -3.476454169219552526e+00
8.205952641899076028e+00 -3.477406816775305831e+00
8.286403157996124591e+00 -3.501257732395279376e+00
8.366853674093176707e+00 -3.525634812981406352e+00
8.447304190190225270e+00 -3.504999796303602810e+00
8.527754706287275610e+00 -3.492571019916948405e+00
8.608205222384324173e+00 -3.504712352375327189e+00
8.688655738481374513e+00 -3.517858006655290026e+00
8.769106254578423076e+00 -3.509881967478345910e+00
8.849556770675475192e+00 -3.534173485517895230e+00
8.930007286772523756e+00 -3.538063995143743590e+00
9.010457802869574095e+00 -3.517846234791361937e+00
9.090908318966622659e+00 -3.513174910323674016e+00
9.171358835063672998e+00 -3.545578321915191733e+00
9.251809351160723338e+00 -3.562762717393693990e+00
9.332259867257773678e+00 -3.570818871000829287e+00
9.412710383354822241e+00 -3.587266384528829732e+00
9.493160899451872581e+00 -3.611221784103231691e+00
9.573611415548921144e+00 -3.602240241425572531e+00
9.654061931645971484e+00 -3.583266170298100128e+00
9.734512447743021823e+00 -3.569125052904791762e+00
9.814962963840072163e+00 -3.568425476849493627e+00
9.895413479937120727e+00 -3.603905179429678363e+00
9.975863996034171066e+00 -3.630844305085526802e+00
1.005631451213121963e+01 -3.615419965398626978e+00
1.013676502822827175e+01 -3.580619442396161034e+00
1.021721554432532031e+01 -3.585535117245483683e+00
1.029766606042237065e+01 -3.591408656396082755e+00
