0.000000000000000000e+00 -1.549019599857431873e-01
8.045051609704977069e-02 -2.052858806452597662e-01
1.609010321940995414e-01 -6.332925666054715075e-01
2.413515482911492982e-01 -2.100966400554054037e+00
3.218020643881990828e-01 -2.227882731641930292e+00
4.022525804852488118e-01 -2.107922551785441190e+00
4.827030965822985964e-01 -2.400840766542521987e+00
5.631536126793483810e-01 -2.984589891641490578e+00
6.436041287763981655e-01 -3.372871682015717631e+00
7.240546448734478391e-01 -3.477976477217935791e+00
8.045051609704976237e-01 -3.562666055110729424e+00
8.849556770675472972e-01 -3.646803726823449665e+00
9.654061931645971928e-01 -3.674445121025813776e+00
1.045856709261647088e+00 -3.661957906454013312e+00
1.126307225358696762e+00 -3.718504270878871587e+00
1.206757741455746435e+00 -3.756006261111824784e+00
1.287208257552796331e+00 -3.689511584301614189e+00
1.367658773649846005e+00 -3.577517522608869793e+00
1.448109289746895678e+00 -3.507564311532600954e+00
1.528559805843945352e+00 -3.497470955948202676e+00
1.609010321940995247e+00 -3.447981309869156519e+00
1.689460838038045143e+00 -3.298847113338626347e+00
1.769911354135094594e+00 -3.105118109387050129e+00
1.850361870232144490e+00 -2.975550873512846639e+00
1.930812386329194386e+00 -2.963582973070577165e+00
2.011262902426244281e+00 -3.026311894541621861e+00
2.091713418523294177e+00 -3.053134043239767781e+00
2.172163934620343628e+00 -3.090845967114125514e+00
2.252614450717393524e+00 -3.187227234488236860e+00
2.333064966814443419e+00 -3.260731933832216711e+00
2.413515482911492871e+00 -3.264004386069439434e+00
2.493965999008542767e+00 -3.294983983701892605e+00
2.574416515105592662e+00 -3.360991363072755256e+00
2.654867031202642558e+00 -3.431430550421601833e+00
2.735317547299692009e+00 -3.491503259317141783e+00
2.815768063396741905e+00 -3.515787299891054207e+00
2.896218579493791356e+00 -3.497851407620762298e+00
2.976669095590841252e+00 -3.500512019272504993e+00
3.057119611687890703e+00 -3.516978586457708555e+00
3.137570127784940599e+00 -3.527732715313334655e+00
3.218020643881990495e+00 -3.500838199439116227e+00
3.298471159979039946e+00 -3.477567484788425478e+00
3.378921676076090286e+00 -3.459775441549400643e+00
3.459372192173139737e+00 -3.444847525074554717e+00
3.539822708270189189e+00 -3.459521513053768427e+00
3.620273224367239528e+00 -3.498350559756163047e+00
3.700723740464288980e+00 -3.523178646927603186e+00
3.781174256561339320e+00 -3.494791043801964481e+00
3.861624772658388771e+00 -3.483171348065095874e+00
3.942075288755438223e+00 -3.501916908914100901e+00
4.022525804852488562e+00 -3.520180631898439660e+00
4.102976320949538014e+00 -3.514380673959829782e+00
4.183426837046588354e+00 -3.491841938825403169e+00
4.263877353143637805e+00 -3.485020795964119511e+00
4.344327869240687257e+00 -3.475752340617156655e+00
4.424778385337737596e+00 -3.423713028277746595e+00
4.505228901434787048e+00 -3.393619913828328283e+00
4.585679417531836499e+00 -3.393660945919547256e+00
4.666129933628886839e+00 -3.414032153664839253e+00
4.746580449725936290e+00 -3.435624544756863408e+00
4.827030965822985742e+00 -3.465223346329794119e+00
4.907481481920036082e+00 -3.478287294712122613e+00
4.987931998017085533e+00 -3.443333648892496601e+00
5.068382514114135873e+00 -3.429306226660432610e+00
5.148833030211185324e+00 -3.463388467975248020e+00
5.229283546308234776e+00 -3.485910187132085447e+00
5.309734062405285115e+00 -3.498318857457069608e+00
5.390184578502334567e+00 -3.514337258350131332e+00
5.470635094599384018e+00 -3.504122972755941312e+00
5.551085610696433470e+00 -3.481340788712479650e+00
5.631536126793483810e+00 -3.493582204141715053e+00
5.711986642890533261e+00 -3.501383075560518421e+00
5.792437158987582713e+00 -3.497866145649138225e+00
5.872887675084633052e+00 -3.475104045229633343e+00
5.953338191181682504e+00 -3.468705538841787117e+00
6.033788707278731955e+00 -3.477253346856970850e+00
6.114239223375781407e+00 -3.478458676738754196e+00
6.194689739472831747e+00 -3.465432445548350948e+00
6.275140255569881198e+00 -3.439694111562088708e+00
6.355590771666931538e+00 -3.427485857696383142e+00
6.436041287763980989e+00 -3.448619750941612772e+00
6.516491803861030441e+00 -3.475078157819863289e+00
6.596942319958079892e+00 -3.489930095968126533e+00
6.677392836055131120e+00 -3.491478020257478665e+00
6.757843352152180572e+00 -3.483655072038351008e+00
6.838293868249230023e+00 -3.466650923009950702e+00
6.918744384346279475e+00 -3.455649401160743484e+00
6.999194900443328926e+00 -3.464019927181199776e+00
7.079645416540378378e+00 -3.481959523059937389e+00
7.160095932637429605e+00 -3.498171670347537177e+00
7.240546448734479057e+00 -3.512653927973282908e+00
7.320996964831528508e+00 -3.535404065129915452e+00
7.401447480928577960e+00 -3.556596122514049885e+00
7.481897997025627411e+00 -3.556869445250958162e+00
7.562348513122678639e+00 -3.552648194867990661e+00
7.642799029219728091e+00 -3.538104154188427497e+00
7.723249545316777542e+00 -3.555726458892209951e+00
7.803700061413826994e+00 -3.579042409876939335e+00
7.884150577510876445e+00 -3.559493731208315914e+00
7.964601093607927673e+00 -3.532035066754393160e+00
8.045051609704977125e+00 -3.521747577967160314e+00
8.125502125802025688e+00 -3.528639857326572482e+00
8.205952641899076028e+00 -3.539304153015007337e+00
8.286403157996124591e+00 -3.537485141886078654e+00
8.366853674093176707e+00 -3.570561296194970868e+00
8.447304190190225270e+00 -3.603452899775234197e+00
8.527754706287275610e+00 -3.587327947109522963e+00
8.608205222384324173e+00 -3.541570154674669180e+00
8.688655738481374513e+00 -3.518381476019154963e+00
8.769106254578423076e+00 -3.532411927899143489e+00
8.849556770675475192e+00 -3.545323600770224015e+00
8.930007286772523756e+00 -3.542783659902986049e+00
9.010457802869574095e+00 -3.557412867632003817e+00
9.090908318966622659e+00 -3.569162431740653840e+00
9.171358835063672998e+00 -3.571900176835009155e+00
9.251809351160723338e+00 -3.588693140808074666e+00
9.332259867257773678e+00 -3.588913066912865268e+00
9.412710383354822241e+00 -3.602043263822443109e+00
9.493160899451872581e+00 -3.623976444844208444e+00
9.573611415548921144e+00 -3.602341417789230338e+00
9.654061931645971484e+00 -3.557078373215489808e+00
9.734512447743021823e+00 -3.561014243905475940e+00
9.814962963840072163e+00 -3.589535685209640725e+00
9.895413479937120727e+00 -3.600625622455130515e+00
9.975863996034171066e+00 -3.572528417139728685e+00
1.005631451213121963e+01 -3.561830344267432391e+00
1.013676502822827175e+01 -3.575897813785140489e+00
1.021721554432532031e+01 -3.590825617160562366e+00
1.029766606042237065e+01 -3.589051034926828088e+00
