0.000000000000000000e+00 -1.549019599857431873e-01
8.045051609704977069e-02 -2.101771522334559272e-01
1.609010321940995414e-01 -6.534282025397142313e-01
2.413515482911492982e-01 -2.475590617827147621e+00
3.218020643881990828e-01 -2.346049644803125833e+00
4.022525804852488118e-01 -2.190078260597225324e+00
4.827030965822985964e-01 -2.352417808576606539e+00
5.631536126793483810e-01 -2.784784991622833328e+00
6.436041287763981655e-01 -3.199412576814670839e+00
7.240546448734478391e-01 -3.453495053067586085e+00
8.045051609704976237e-01 -3.512488894548810858e+00
8.849556770675472972e-01 -3.523903869250837317e+00
9.654061931645971928e-01 -3.575871017354898651e+00
1.045856709261647088e+00 -3.649998938334472864e+00
1.126307225358696762e+00 -3.656183149613963845e+00
1.206757741455746435e+00 -3.627613291468477552e+00
1.287208257552796331e+00 -3.587061965249078277e+00
1.367658773649846005e+00 -3.557840223215538611e+00
1.448109289746895678e+00 -3.499982210322193144e+00
1.528559805843945352e+00 -3.438346231464520564e+00
1.609010321940995247e+00 -3.320034723165576906e+00
1.689460838038045143e+00 -3.188062946452591806e+00
1.769911354135094594e+00 -3.108616212501021714e+00
1.850361870232144490e+00 -3.083082421373845694e+00
1.930812386329194386e+00 -3.111699904051346000e+00
2.011262902426244281e+00 -3.134753071738677122e+00
2.091713418523294177e+00 -3.150536551285734621e+00
2.172163934620343628e+00 -3.171129092801111327e+00
2.252614450717393524e+00 -3.173836410263003227e+00
2.333064966814443419e+00 -3.211538015910550214e+00
2.413515482911492871e+00 -3.244891893488729639e+00
2.493965999008542767e+00 -3.293743520789566670e+00
2.574416515105592662e+00 -3.380641271268644221e+00
2.654867031202642558e+00 -3.434509543212227900e+00
2.735317547299692009e+00 -3.453253393214945177e+00
2.815768063396741905e+00 -3.503184694455425685e+00
2.896218579493791356e+00 -3.586777969735903238e+00
2.976669095590841252e+00 -3.651915186970471350e+00
3.057119611687890703e+00 -3.607762157667657288e+00
3.137570127784940599e+00 -3.590455840927498254e+00
3.218020643881990495e+00 -3.580027199548230232e+00
3.298471159979039946e+00 -3.583071397548237780e+00
3.378921676076090286e+00 -3.497117475422684585e+00
3.459372192173139737e+00 -3.440886033365457397e+00
3.539822708270189189e+00 -3.422433988953197836e+00
3.620273224367239528e+00 -3.422064666217008000e+00
3.700723740464288980e+00 -3.432228356593597152e+00
3.781174256561339320e+00 -3.467121939931505636e+00
3.861624772658388771e+00 -3.453222496338351988e+00
3.942075288755438223e+00 -3.415348449265684927e+00
4.022525804852488562e+00 -3.434598074996446648e+00
4.102976320949538014e+00 -3.468140225391869613e+00
4.183426837046588354e+00 -3.473157732951520416e+00
4.263877353143637805e+00 -3.476479351973803755e+00
4.344327869240687257e+00 -3.494215307784404256e+00
4.424778385337737596e+00 -3.497179903020899872e+00
4.505228901434787048e+00 -3.488585011234078603e+00
4.585679417531836499e+00 -3.479782239302222635e+00
4.666129933628886839e+00 -3.433571149337615758e+00
4.746580449725936290e+00 -3.412608730230743070e+00
4.827030965822985742e+00 -3.451467508861731481e+00
4.907481481920036082e+00 -3.458336579452201853e+00
4.987931998017085533e+00 -3.445105398079785441e+00
5.068382514114135873e+00 -3.443964329131790070e+00
5.148833030211185324e+00 -3.440264750068641852e+00
5.229283546308234776e+00 -3.423805795301970711e+00
5.309734062405285115e+00 -3.394317342259419501e+00
5.390184578502334567e+00 -3.359283816141970913e+00
5.470635094599384018e+00 -3.380789377425903464e+00
5.551085610696433470e+00 -3.425800486057899885e+00
5.631536126793483810e+00 -3.456630149426100918e+00
5.711986642890533261e+00 -3.437344108725212788e+00
5.792437158987582713e+00 -3.410657446712327179e+00
5.872887675084633052e+00 -3.436559419202804389e+00
5.953338191181682504e+00 -3.453377223789521278e+00
6.033788707278731955e+00 -3.442402071082058423e+00
6.114239223375781407e+00 -3.448674592405050809e+00
6.194689739472831747e+00 -3.487099999930453720e+00
6.275140255569881198e+00 -3.483155889478809275e+00
6.355590771666931538e+00 -3.429553117635710358e+00
6.436041287763980989e+00 -3.399367842874405632e+00
6.516491803861030441e+00 -3.408401333017501145e+00
6.596942319958079892e+00 -3.417245033350172712e+00
6.677392836055131120e+00 -3.428923674715984582e+00
6.757843352152180572e+00 -3.459948233557973207e+00
6.838293868249230023e+00 -3.475806830388330049e+00
6.918744384346279475e+00 -3.468134194250897639e+00
6.999194900443328926e+00 -3.461877311130159729e+00
7.079645416540378378e+00 -3.463462868490931434e+00
7.160095932637429605e+00 -3.483505136598192831e+00
7.240546448734479057e+00 -3.516505091285771378e+00
7.320996964831528508e+00 -3.531803857824352910e+00
7.401447480928577960e+00 -3.516354296151018577e+00
7.481897997025627411e+00 -3.499641656636739651e+00
7.562348513122678639e+00 -3.484107137687566524e+00
7.642799029219728091e+00 -3.448561180386740421e+00
7.723249545316777542e+00 -3.445826795285496846e+00
7.803700061413826994e+00 -3.474398947410008986e+00
7.884150577510876445e+00 -3.504261828230030407e+00
7.964601093607927673e+00 -3.516603661616173326e+00
8.045051609704977125e+00 -3.511394563757509246e+00
8.125502125802025688e+00 -3.510593000889842497e+00
8.205952641899076028e+00 -3.511154698488858195e+00
8.286403157996124591e+00 -3.496706180758264448e+00
8.366853674093176707e+00 -3.480274569859434841e+00
8.447304190190225270e+00 -3.485246414853358399e+00
8.527754706287275610e+00 -3.505419745367051920e+00
8.608205222384324173e+00 -3.548277484404558813e+00
8.688655738481374513e+00 -3.582959301476164260e+00
8.769106254578423076e+00 -3.599964460026547020e+00
8.849556770675475192e+00 -3.610553061983392542e+00
8.930007286772523756e+00 -3.600313810815259252e+00
9.010457802869574095e+00 -3.583921409171357375e+00
9.090908318966622659e+00 -3.596959069113558005e+00
9.171358835063672998e+00 -3.596055407513055968e+00
9.251809351160723338e+00 -3.584140493655843418e+00
9.332259867257773678e+00 -3.570001223827154568e+00
9.412710383354822241e+00 -3.560610231641242240e+00
9.493160899451872581e+00 -3.572374288499564621e+00
9.573611415548921144e+00 -3.613376610089038543e+00
9.654061931645971484e+00 -3.622016357643091045e+00
9.734512447743021823e+00 -3.625970296287040817e+00
9.814962963840072163e+00 -3.618475884172694723e+00
9.895413479937120727e+00 -3.607979784040046489e+00
9.975863996034171066e+00 -3.602011010343584729e+00
1.005631451213121963e+01 -3.591634453588660847e+00
1.013676502822827175e+01 -3.580119251705887073e+00
1.021721554432532031e+01 -3.609974708067569260e+00
1.029766606042237065e+01 -3.619819655536348435e+00
