0.000000000000000000e+00 -1.549019599857431873e-01
8.045051609704977069e-02 -2.053938390655243584e-01
1.609010321940995414e-01 -5.438431323788618377e-01
2.413515482911492982e-01 -1.866847692806642645e+00
3.218020643881990828e-01 -2.381261139788464654e+00
4.022525804852488118e-01 -2.133214771409299271e+00
4.827030965822985964e-01 -2.375673973805458861e+00
5.631536126793483810e-01 -2.915153132785299306e+00
6.436041287763981655e-01 -3.629960920767872690e+00
7.240546448734478391e-01 -3.747905235664841239e+00
8.045051609704976237e-01 -3.770981827353440785e+00
8.849556770675472972e-01 -3.761161393800137809e+00
9.654061931645971928e-01 -3.738741639404139061e+00
1.045856709261647088e+00 -3.733840024210835384e+00
1.126307225358696762e+00 -3.742024290088507232e+00
1.206757741455746435e+00 -3.747938316344822773e+00
1.287208257552796331e+00 -3.732349670401538422e+00
1.367658773649846005e+00 -3.609560138481775926e+00
1.448109289746895678e+00 -3.473644406813109153e+00
1.528559805843945352e+00 -3.411098662768840217e+00
1.609010321940995247e+00 -3.373706428001458590e+00
1.689460838038045143e+00 -3.306241594704304454e+00
1.769911354135094594e+00 -3.186385858270397442e+00
1.850361870232144490e+00 -3.096479967472967498e+00
1.930812386329194386e+00 -3.032687263020158674e+00
2.011262902426244281e+00 -3.027530839395614404e+00
2.091713418523294177e+00 -3.046843950156745251e+00
2.172163934620343628e+00 -3.080701650016871351e+00
2.252614450717393524e+00 -3.137521275349390848e+00
2.333064966814443419e+00 -3.200777387097705429e+00
2.413515482911492871e+00 -3.248824029110561895e+00
2.493965999008542767e+00 -3.298368089976998707e+00
2.574416515105592662e+00 -3.373110534235214342e+00
2.654867031202642558e+00 -3.455888383688588750e+00
2.735317547299692009e+00 -3.501751726926316088e+00
2.815768063396741905e+00 -3.516566091219179402e+00
2.896218579493791356e+00 -3.563829330911444160e+00
2.976669095590841252e+00 -3.587899708056926151e+00
3.057119611687890703e+00 -3.578692428994117769e+00
3.137570127784940599e+00 -3.542118183619990202e+00
3.218020643881990495e+00 -3.482500164367870354e+00
3.298471159979039946e+00 -3.480034435126064807e+00
3.378921676076090286e+00 -3.506486399454582514e+00
3.459372192173139737e+00 -3.539552629616498525e+00
3.539822708270189189e+00 -3.532653346369954317e+00
3.620273224367239528e+00 -3.481250641083321717e+00
3.700723740464288980e+00 -3.465773736576219122e+00
3.781174256561339320e+00 -3.490189333911985159e+00
3.861624772658388771e+00 -3.517577773531890717e+00
3.942075288755438223e+00 -3.492005801313039282e+00
4.022525804852488562e+00 -3.490740761091074784e+00
4.102976320949538014e+00 -3.503651452703822056e+00
4.183426837046588354e+00 -3.496121752743689637e+00
4.263877353143637805e+00 -3.522672185177532000e+00
4.344327869240687257e+00 -3.526516787678519727e+00
4.424778385337737596e+00 -3.515567553962881231e+00
4.505228901434787048e+00 -3.507782411671536593e+00
4.585679417531836499e+00 -3.547867442968770657e+00
4.666129933628886839e+00 -3.596169033164009488e+00
4.746580449725936290e+00 -3.597692660504543838e+00
4.827030965822985742e+00 -3.551997929089660389e+00
4.907481481920036082e+00 -3.520572745612904786e+00
4.987931998017085533e+00 -3.503544483489956729e+00
5.068382514114135873e+00 -3.506519251509244040e+00
5.148833030211185324e+00 -3.499598569468378439e+00
5.229283546308234776e+00 -3.466741761441779257e+00
5.309734062405285115e+00 -3.444088211206492112e+00
5.390184578502334567e+00 -3.443009592751083314e+00
5.470635094599384018e+00 -3.462274865717556604e+00
5.551085610696433470e+00 -3.483240990752457744e+00
5.631536126793483810e+00 -3.476586995171715433e+00
5.711986642890533261e+00 -3.458318001342991721e+00
5.792437158987582713e+00 -3.452642938111717186e+00
5.872887675084633052e+00 -3.464676894025913167e+00
5.953338191181682504e+00 -3.458332747638440896e+00
6.033788707278731955e+00 -3.441620023439619480e+00
6.114239223375781407e+00 -3.415677794002040635e+00
6.194689739472831747e+00 -3.414549045716586573e+00
6.275140255569881198e+00 -3.452100422651843914e+00
6.355590771666931538e+00 -3.477255315370338717e+00
6.436041287763980989e+00 -3.483472354148847927e+00
6.516491803861030441e+00 -3.477649759799802620e+00
6.596942319958079892e+00 -3.472766530380775762e+00
6.677392836055131120e+00 -3.464710483123668361e+00
6.757843352152180572e+00 -3.476516598409274295e+00
6.838293868249230023e+00 -3.468486914574422819e+00
6.918744384346279475e+00 -3.438986409208895090e+00
6.999194900443328926e+00 -3.426477665587845500e+00
7.079645416540378378e+00 -3.443236606063507121e+00
7.160095932637429605e+00 -3.464221309102716084e+00
7.240546448734479057e+00 -3.494066789727255262e+00
7.320996964831528508e+00 -3.521677863781549789e+00
7.401447480928577960e+00 -3.506830956447492209e+00
7.481897997025627411e+00 -3.479120804163745362e+00
7.562348513122678639e+00 -3.462374964757220841e+00
7.642799029219728091e+00 -3.456506143430725597e+00
7.723249545316777542e+00 -3.497255198361961526e+00
7.803700061413826994e+00 -3.513054163693045240e+00
7.884150577510876445e+00 -3.513661786578938795e+00
7.964601093607927673e+00 -3.512297714351089617e+00
8.045051609704977125e+00 -3.528202131942639319e+00
8.125502125802025688e+00 -3.543233683132394951e+00
8.205952641899076028e+00 -3.569597357718742536e+00
8.286403157996124591e+00 -3.535729923269908870e+00
8.366853674093176707e+00 -3.503176857748269146e+00
8.447304190190225270e+00 -3.496293285307597642e+00
8.527754706287275610e+00 -3.511034635182919139e+00
8.608205222384324173e+00 -3.524933717280840817e+00
8.688655738481374513e+00 -3.546739537474632886e+00
8.769106254578423076e+00 -3.572615529487296104e+00
8.849556770675475192e+00 -3.561877227992832129e+00
8.930007286772523756e+00 -3.547083500806299305e+00
9.010457802869574095e+00 -3.526334707372865918e+00
9.090908318966622659e+00 -3.503531794538520927e+00
9.171358835063672998e+00 -3.496075021538390004e+00
9.251809351160723338e+00 -3.498332221473289039e+00
9.332259867257773678e+00 -3.526263318370009614e+00
9.412710383354822241e+00 -3.533452070578583903e+00
9.493160899451872581e+00 -3.550942631673337679e+00
9.573611415548921144e+00 -3.585577780106642187e+00
9.654061931645971484e+00 -3.594514480200987183e+00
9.734512447743021823e+00 -3.580934068961594274e+00
9.814962963840072163e+00 -3.571373654722820312e+00
9.895413479937120727e+00 -3.560855726050057068e+00
9.975863996034171066e+00 -3.566207442059943222e+00
1.005631451213121963e+01 -3.575819591705272416e+00
1.013676502822827175e+01 -3.583607953562236936e+00
1.021721554432532031e+01 -3.591133259531007038e+00
1.029766606042237065e+01 -3.603594796970549741e+00
