0.000000000000000000e+00 -1.549019599857431873e-01
8.045051609704977069e-02 -3.953915833615944120e-01
1.609010321940995414e-01 -1.276181827066194208e+00
2.413515482911492982e-01 -4.146056133322309378e+00
3.218020643881990828e-01 -4.723048253416332720e+00
4.022525804852488118e-01 -4.663574149169198435e+00
4.827030965822985964e-01 -5.154817868742769704e+00
5.631536126793483810e-01 -5.844950991499007209e+00
6.436041287763981655e-01 -6.215824830303196435e+00
7.240546448734478391e-01 -6.671111229005852294e+00
8.045051609704976237e-01 -7.221436512951520115e+00
8.849556770675472972e-01 -7.387095973569582696e+00
9.654061931645971928e-01 -7.326533452986469186e+00
1.045856709261647088e+00 -7.268294849334225205e+00
1.126307225358696762e+00 -7.278952004223816274e+00
1.206757741455746435e+00 -7.299249520402539382e+00
1.287208257552796331e+00 -7.330587957144801159e+00
1.367658773649846005e+00 -7.330025809872136477e+00
1.448109289746895678e+00 -7.239446507418735521e+00
1.528559805843945352e+00 -7.048332395441945231e+00
1.609010321940995247e+00 -6.772453058464861897e+00
1.689460838038045143e+00 -6.424178410023668739e+00
1.769911354135094594e+00 -6.226634155194045839e+00
1.850361870232144490e+00 -6.040186674587320503e+00
1.930812386329194386e+00 -5.806022776803184904e+00
2.011262902426244281e+00 -5.749342247622009516e+00
2.091713418523294177e+00 -5.924051467423259609e+00
2.172163934620343628e+00 -6.192277638913170179e+00
2.252614450717393524e+00 -6.401756069376570046e+00
2.333064966814443419e+00 -6.464058477156285676e+00
2.413515482911492871e+00 -6.515405598158176659e+00
2.493965999008542767e+00 -6.617945499622357453e+00
2.574416515105592662e+00 -6.787370178111465258e+00
2.654867031202642558e+00 -6.959796887296149315e+00
2.735317547299692009e+00 -6.999270525809554222e+00
2.815768063396741905e+00 -7.024744800753459195e+00
2.896218579493791356e+00 -7.105366589004723288e+00
2.976669095590841252e+00 -7.146830020151409002e+00
3.057119611687890703e+00 -7.083478433360610005e+00
3.137570127784940599e+00 -7.056824372914467070e+00
3.218020643881990495e+00 -7.069603453581211561e+00
3.298471159979039946e+00 -7.062884953667840193e+00
3.378921676076090286e+00 -6.942719545401638825e+00
3.459372192173139737e+00 -6.911320964366754360e+00
3.539822708270189189e+00 -6.990493725495913857e+00
3.620273224367239528e+00 -7.046476594096933610e+00
3.700723740464288980e+00 -7.063267911278853894e+00
3.781174256561339320e+00 -7.011242325176715973e+00
3.861624772658388771e+00 -6.901574639392737964e+00
3.942075288755438223e+00 -6.864724101432790881e+00
4.022525804852488562e+00 -6.892161883883630047e+00
4.102976320949538014e+00 -6.882951223870563240e+00
4.183426837046588354e+00 -6.811315032609189579e+00
4.263877353143637805e+00 -6.769415585053365270e+00
4.344327869240687257e+00 -6.825656978980516598e+00
4.424778385337737596e+00 -6.923259381238347387e+00
4.505228901434787048e+00 -6.957151098186503901e+00
4.585679417531836499e+00 -6.971454409842563038e+00
4.666129933628886839e+00 -6.977855588380644569e+00
4.746580449725936290e+00 -6.926796557165566526e+00
4.827030965822985742e+00 -6.854337140619137791e+00
4.907481481920036082e+00 -6.841481964360296431e+00
4.987931998017085533e+00 -6.868067289152333998e+00
5.068382514114135873e+00 -6.958902573160183458e+00
5.148833030211185324e+00 -6.945058930903454275e+00
5.229283546308234776e+00 -6.865828645581304457e+00
5.309734062405285115e+00 -6.775366439792459339e+00
5.390184578502334567e+00 -6.751401526692859534e+00
5.470635094599384018e+00 -6.748863748268330021e+00
5.551085610696433470e+00 -6.778100690482515844e+00
5.631536126793483810e+00 -6.808442642998026706e+00
5.711986642890533261e+00 -6.803554185725334769e+00
5.792437158987582713e+00 -6.783602601762851236e+00
5.872887675084633052e+00 -6.764794579721701062e+00
5.953338191181682504e+00 -6.799622297569742457e+00
6.033788707278731955e+00 -6.853347904266649415e+00
6.114239223375781407e+00 -6.910956162002871217e+00
6.194689739472831747e+00 -6.929164317191977673e+00
6.275140255569881198e+00 -6.911538493659552529e+00
6.355590771666931538e+00 -6.886105363773456389e+00
6.436041287763980989e+00 -6.854467971383748193e+00
6.516491803861030441e+00 -6.856833867795938176e+00
6.596942319958079892e+00 -6.872712513499529052e+00
6.677392836055131120e+00 -6.883520400274342421e+00
6.757843352152180572e+00 -6.886298117860349954e+00
6.838293868249230023e+00 -6.873627658135317731e+00
6.918744384346279475e+00 -6.861910538206443810e+00
6.999194900443328926e+00 -6.903578514012180811e+00
7.079645416540378378e+00 -6.913303340448722523e+00
7.160095932637429605e+00 -6.888114515022501827e+00
7.240546448734479057e+00 -6.894019973269080559e+00
7.320996964831528508e+00 -6.946132400056931111e+00
7.401447480928577960e+00 -6.983230291814584767e+00
7.481897997025627411e+00 -6.993440400000717538e+00
7.562348513122678639e+00 -7.022873127898038526e+00
7.642799029219728091e+00 -6.986508994735333822e+00
7.723249545316777542e+00 -6.931921469279917147e+00
7.803700061413826994e+00 -6.893383041207734152e+00
7.884150577510876445e+00 -6.907556710225843055e+00
7.964601093607927673e+00 -6.945017518230200082e+00
8.045051609704977125e+00 -6.959805082322668035e+00
8.125502125802025688e+00 -6.989123045170728687e+00
8.205952641899076028e+00 -7.009892905915652506e+00
8.286403157996124591e+00 -7.023304381338219216e+00
8.366853674093176707e+00 -7.022501250874754852e+00
8.447304190190225270e+00 -7.075620430247240300e+00
8.527754706287275610e+00 -7.073132274046940893e+00
8.608205222384324173e+00 -7.048489813810371984e+00
8.688655738481374513e+00 -7.092349688751726333e+00
8.769106254578423076e+00 -7.133318223457168372e+00
8.849556770675475192e+00 -7.096838841009350141e+00
8.930007286772523756e+00 -7.080236116655190592e+00
9.010457802869574095e+00 -7.110814671574095414e+00
9.090908318966622659e+00 -7.123924032463747835e+00
9.171358835063672998e+00 -7.074553953990798227e+00
9.251809351160723338e+00 -7.054193986410430384e+00
9.332259867257773678e+00 -7.119409796787248723e+00
9.412710383354822241e+00 -7.172131223865499727e+00
9.493160899451872581e+00 -7.165223610380650143e+00
9.573611415548921144e+00 -7.098499665328067643e+00
9.654061931645971484e+00 -7.083527078665045273e+00
9.734512447743021823e+00 -7.119959591195712534e+00
9.814962963840072163e+00 -7.118980954456443300e+00
9.895413479937120727e+00 -7.152001062031690282e+00
9.975863996034171066e+00 -7.177206355030131490e+00
1.005631451213121963e+01 -7.249881830701047747e+00
1.013676502822827175e+01 -7.285074508842884988e+00
1.021721554432532031e+01 -7.266676220854742851e+00
1.029766606042237065e+01 -7.248193035752583668e+00
