0.000000000000000000e+00 -1.549019599857431873e-01
8.045051609704977069e-02 -1.943486671330142690e-01
1.609010321940995414e-01 -4.617602794872771033e-01
2.413515482911492982e-01 -1.075786076310958572e+00
3.218020643881990828e-01 -1.531334554667342251e+00
4.022525804852488118e-01 -2.050143777612259743e+00
4.827030965822985964e-01 -2.565799498380444632e+00
5.631536126793483810e-01 -2.918000358454164722e+00
6.436041287763981655e-01 -3.149201430437074123e+00
7.240546448734478391e-01 -3.219800675990786676e+00
8.045051609704976237e-01 -3.322501074711083469e+00
8.849556770675472972e-01 -3.447131552739592042e+00
9.654061931645971928e-01 -3.584750025598333334e+00
1.045856709261647088e+00 -3.682134515169794842e+00
1.126307225358696762e+00 -3.694921158024556895e+00
1.206757741455746435e+00 -3.704572822002136334e+00
1.287208257552796331e+00 -3.763782285609288181e+00
1.367658773649846005e+00 -3.735957575486832827e+00
1.448109289746895678e+00 -3.660338175131230720e+00
1.528559805843945352e+00 -3.599656713322035628e+00
1.609010321940995247e+00 -3.490201302011069373e+00
1.689460838038045143e+00 -3.419780607183282140e+00
1.769911354135094594e+00 -3.333566375615415911e+00
1.850361870232144490e+00 -3.252669524915337451e+00
1.930812386329194386e+00 -3.173019359620362412e+00
2.011262902426244281e+00 -3.157875768522974358e+00
2.091713418523294177e+00 -3.178581602238487847e+00
2.172163934620343628e+00 -3.136671055050583856e+00
2.252614450717393524e+00 -3.082234599623604687e+00
2.333064966814443419e+00 -3.076627759818416408e+00
2.413515482911492871e+00 -3.115364311454277058e+00
2.493965999008542767e+00 -3.103021934056683140e+00
2.574416515105592662e+00 -3.061694024417284776e+00
2.654867031202642558e+00 -3.069119237181918702e+00
2.735317547299692009e+00 -3.132159864498878399e+00
2.815768063396741905e+00 -3.163350721183444403e+00
2.896218579493791356e+00 -3.141939775814736269e+00
2.976669095590841252e+00 -3.126142419432118569e+00
3.057119611687890703e+00 -3.118287285577392431e+00
3.137570127784940599e+00 -3.133299441858359291e+00
3.218020643881990495e+00 -3.150634174963801382e+00
3.298471159979039946e+00 -3.166580154323688223e+00
3.378921676076090286e+00 -3.138624931431122977e+00
3.459372192173139737e+00 -3.128921697483532327e+00
3.539822708270189189e+00 -3.164240374123882482e+00
3.620273224367239528e+00 -3.193834494903257326e+00
3.700723740464288980e+00 -3.190184931632900067e+00
3.781174256561339320e+00 -3.147307710753143084e+00
3.861624772658388771e+00 -3.137425015239720949e+00
3.942075288755438223e+00 -3.111512925032852817e+00
4.022525804852488562e+00 -3.097641148133259748e+00
4.102976320949538014e+00 -3.075975930399572622e+00
4.183426837046588354e+00 -3.072059783844646841e+00
4.263877353143637805e+00 -3.116621337235088607e+00
4.344327869240687257e+00 -3.171157620906802421e+00
4.424778385337737596e+00 -3.174876851293936042e+00
4.505228901434787048e+00 -3.148438214864020424e+00
4.585679417531836499e+00 -3.134569736227158288e+00
4.666129933628886839e+00 -3.113095406059716463e+00
4.746580449725936290e+00 -3.101926585613975718e+00
4.827030965822985742e+00 -3.137361761578961517e+00
4.907481481920036082e+00 -3.161671868794773133e+00
4.987931998017085533e+00 -3.159272506178808282e+00
5.068382514114135873e+00 -3.164449390873237622e+00
5.148833030211185324e+00 -3.173294300596193551e+00
5.229283546308234776e+00 -3.170329667792963324e+00
5.309734062405285115e+00 -3.169488706821008250e+00
5.390184578502334567e+00 -3.177499693281298665e+00
5.470635094599384018e+00 -3.191782876587653917e+00
5.551085610696433470e+00 -3.203773955906159987e+00
5.631536126793483810e+00 -3.208626638886014515e+00
5.711986642890533261e+00 -3.192916281057281314e+00
5.792437158987582713e+00 -3.177834065814859166e+00
5.872887675084633052e+00 -3.177289835318929612e+00
5.953338191181682504e+00 -3.176261639233728395e+00
6.033788707278731955e+00 -3.168661538249060605e+00
6.114239223375781407e+00 -3.148654001264562297e+00
6.194689739472831747e+00 -3.163182324056402539e+00
6.275140255569881198e+00 -3.194698790481596884e+00
6.355590771666931538e+00 -3.225348623598448317e+00
6.436041287763980989e+00 -3.226918022865392199e+00
6.516491803861030441e+00 -3.193303787851384801e+00
6.596942319958079892e+00 -3.173978938173055653e+00
6.677392836055131120e+00 -3.197633856996349611e+00
6.757843352152180572e+00 -3.212204165525970545e+00
6.838293868249230023e+00 -3.214509273324580363e+00
6.918744384346279475e+00 -3.206267652108693245e+00
6.999194900443328926e+00 -3.213495873987608498e+00
7.079645416540378378e+00 -3.233577868687346868e+00
7.160095932637429605e+00 -3.238480018498449908e+00
7.240546448734479057e+00 -3.236799515215040834e+00
7.320996964831528508e+00 -3.228755204713482208e+00
7.401447480928577960e+00 -3.217996882035039086e+00
7.481897997025627411e+00 -3.226004510415442006e+00
7.562348513122678639e+00 -3.251208310468768570e+00
7.642799029219728091e+00 -3.245738513775537903e+00
7.723249545316777542e+00 -3.217421052843169260e+00
7.803700061413826994e+00 -3.188638112704570204e+00
7.884150577510876445e+00 -3.186227945049377563e+00
7.964601093607927673e+00 -3.216661583903183796e+00
8.045051609704977125e+00 -3.219041380254847873e+00
8.125502125802025688e+00 -3.189638826112111136e+00
8.205952641899076028e+00 -3.166969762467737315e+00
8.286403157996124591e+00 -3.183436471104392762e+00
8.366853674093176707e+00 -3.206239061340593111e+00
8.447304190190225270e+00 -3.222570310867417298e+00
8.527754706287275610e+00 -3.208460919062486205e+00
8.608205222384324173e+00 -3.200265304819634782e+00
8.688655738481374513e+00 -3.200162363453987968e+00
8.769106254578423076e+00 -3.216370078267562604e+00
8.849556770675475192e+00 -3.238282814649138697e+00
8.930007286772523756e+00 -3.245469303355048130e+00
9.010457802869574095e+00 -3.231253783744203467e+00
9.090908318966622659e+00 -3.232681156842776904e+00
9.171358835063672998e+00 -3.257216159341438821e+00
9.251809351160723338e+00 -3.278509698327940480e+00
9.332259867257773678e+00 -3.292138136228223377e+00
9.412710383354822241e+00 -3.287155090341949304e+00
9.493160899451872581e+00 -3.274327341159557481e+00
9.573611415548921144e+00 -3.251917415999993288e+00
9.654061931645971484e+00 -3.242637845488165915e+00
9.734512447743021823e+00 -3.252872246748694796e+00
9.814962963840072163e+00 -3.269674362455040395e+00
9.895413479937120727e+00 -3.293921007977808735e+00
9.975863996034171066e+00 -3.307845016041425446e+00
1.005631451213121963e+01 -3.315855264178159345e+00
1.013676502822827175e+01 -3.331007343425248290e+00
1.021721554432532031e+01 -3.330537937825453376e+00
1.029766606042237065e+01 -3.334111138980977440e+00
