0.000000000000000000e+00 -1.549019599857431873e-01
8.045051609704977069e-02 -1.901141561007799741e-01
1.609010321940995414e-01 -4.749278270689760717e-01
2.413515482911492982e-01 -1.159412353698744180e+00
3.218020643881990828e-01 -1.716731335413339332e+00
4.022525804852488118e-01 -2.240241519201545906e+00
4.827030965822985964e-01 -2.665776090545805221e+00
5.631536126793483810e-01 -2.857111869502651835e+00
6.436041287763981655e-01 -3.000634183115611364e+00
7.240546448734478391e-01 -3.244626205520665607e+00
8.045051609704976237e-01 -3.499159118736722807e+00
8.849556770675472972e-01 -3.533192793232017070e+00
9.654061931645971928e-01 -3.564748704680049229e+00
1.045856709261647088e+00 -3.627180837159063920e+00
1.126307225358696762e+00 -3.667717533706996491e+00
1.206757741455746435e+00 -3.667528237955435699e+00
1.287208257552796331e+00 -3.621086227349664455e+00
1.367658773649846005e+00 -3.526294434430295777e+00
1.448109289746895678e+00 -3.464249704600775637e+00
1.528559805843945352e+00 -3.478243773943675343e+00
1.609010321940995247e+00 -3.462626406984288252e+00
1.689460838038045143e+00 -3.402522236180404391e+00
1.769911354135094594e+00 -3.339582036397494846e+00
1.850361870232144490e+00 -3.286472186296707676e+00
1.930812386329194386e+00 -3.232441607036598885e+00
2.011262902426244281e+00 -3.210685107911046110e+00
2.091713418523294177e+00 -3.155977314805512357e+00
2.172163934620343628e+00 -3.088661295203738888e+00
2.252614450717393524e+00 -3.034908838068040460e+00
2.333064966814443419e+00 -3.006366331658902435e+00
2.413515482911492871e+00 -3.012444655525422288e+00
2.493965999008542767e+00 -3.039742211880837264e+00
2.574416515105592662e+00 -3.043587161473229052e+00
2.654867031202642558e+00 -3.066231535493396887e+00
2.735317547299692009e+00 -3.132510763751882088e+00
2.815768063396741905e+00 -3.134610034577960835e+00
2.896218579493791356e+00 -3.079711465455160280e+00
2.976669095590841252e+00 -3.039055317372424181e+00
3.057119611687890703e+00 -3.030732687089157995e+00
3.137570127784940599e+00 -3.058850341284907071e+00
3.218020643881990495e+00 -3.100336471972284347e+00
3.298471159979039946e+00 -3.117790167361896625e+00
3.378921676076090286e+00 -3.145134248871734428e+00
3.459372192173139737e+00 -3.168540679896400647e+00
3.539822708270189189e+00 -3.137491077103141457e+00
3.620273224367239528e+00 -3.049709246254232120e+00
3.700723740464288980e+00 -2.987372687442608310e+00
3.781174256561339320e+00 -2.998869647101896074e+00
3.861624772658388771e+00 -3.047008728251379139e+00
3.942075288755438223e+00 -3.082203291116657695e+00
4.022525804852488562e+00 -3.074060261999436605e+00
4.102976320949538014e+00 -3.039725843250403514e+00
4.183426837046588354e+00 -3.028306799319003151e+00
4.263877353143637805e+00 -3.030008669782601416e+00
4.344327869240687257e+00 -3.042502362226043644e+00
4.424778385337737596e+00 -3.082437919974787999e+00
4.505228901434787048e+00 -3.151791887606315345e+00
4.585679417531836499e+00 -3.198054567836817075e+00
4.666129933628886839e+00 -3.197700369027989264e+00
4.746580449725936290e+00 -3.164826435090891898e+00
4.827030965822985742e+00 -3.103145379249105940e+00
4.907481481920036082e+00 -3.064418362191684508e+00
4.987931998017085533e+00 -3.053993384426979318e+00
5.068382514114135873e+00 -3.066764785574233265e+00
5.148833030211185324e+00 -3.109884755790991662e+00
5.229283546308234776e+00 -3.151870404896547129e+00
5.309734062405285115e+00 -3.144621257967601391e+00
5.390184578502334567e+00 -3.118689296530740673e+00
5.470635094599384018e+00 -3.134921709155691794e+00
5.551085610696433470e+00 -3.153902328357585105e+00
5.631536126793483810e+00 -3.153044531862596589e+00
5.711986642890533261e+00 -3.183276432547335499e+00
5.792437158987582713e+00 -3.206926193942496894e+00
5.872887675084633052e+00 -3.208279537329589814e+00
5.953338191181682504e+00 -3.197719295096796532e+00
6.033788707278731955e+00 -3.178996724422727294e+00
6.114239223375781407e+00 -3.149709649037541581e+00
6.194689739472831747e+00 -3.119565001288069350e+00
6.275140255569881198e+00 -3.118581960399041897e+00
6.355590771666931538e+00 -3.139421182706896740e+00
6.436041287763980989e+00 -3.156578869010822519e+00
6.516491803861030441e+00 -3.154352879084572958e+00
6.596942319958079892e+00 -3.156665961167802514e+00
6.677392836055131120e+00 -3.177709343058712221e+00
6.757843352152180572e+00 -3.194282543661104423e+00
6.838293868249230023e+00 -3.197794209020032863e+00
6.918744384346279475e+00 -3.204847063391189632e+00
6.999194900443328926e+00 -3.222132818185555525e+00
7.079645416540378378e+00 -3.218104730725850349e+00
7.160095932637429605e+00 -3.196852210437366004e+00
7.240546448734479057e+00 -3.177054429982840489e+00
7.320996964831528508e+00 -3.179138401823136117e+00
7.401447480928577960e+00 -3.179082347016097820e+00
7.481897997025627411e+00 -3.207432570155011931e+00
7.562348513122678639e+00 -3.249378836337074805e+00
7.642799029219728091e+00 -3.240224967603112738e+00
7.723249545316777542e+00 -3.224614992101467514e+00
7.803700061413826994e+00 -3.215871868418928248e+00
7.884150577510876445e+00 -3.231687122692789238e+00
7.964601093607927673e+00 -3.271881906267554818e+00
8.045051609704977125e+00 -3.297009845625848978e+00
8.125502125802025688e+00 -3.270188198162618409e+00
8.205952641899076028e+00 -3.237756466969347713e+00
8.286403157996124591e+00 -3.247946110559251309e+00
8.366853674093176707e+00 -3.256533865077003043e+00
8.447304190190225270e+00 -3.240608408020142495e+00
8.527754706287275610e+00 -3.218737607364432485e+00
8.608205222384324173e+00 -3.192903673751203097e+00
8.688655738481374513e+00 -3.174598607785011684e+00
8.769106254578423076e+00 -3.209267988426143692e+00
8.849556770675475192e+00 -3.258308616856938844e+00
8.930007286772523756e+00 -3.259183453733274227e+00
9.010457802869574095e+00 -3.262984997452204716e+00
9.090908318966622659e+00 -3.271035228374873594e+00
9.171358835063672998e+00 -3.287296763880471318e+00
9.251809351160723338e+00 -3.287213612215869940e+00
9.332259867257773678e+00 -3.271072850195268167e+00
9.412710383354822241e+00 -3.264280729211112675e+00
9.493160899451872581e+00 -3.262642352210435082e+00
9.573611415548921144e+00 -3.280888160679403143e+00
9.654061931645971484e+00 -3.320190575233574304e+00
9.734512447743021823e+00 -3.347496242255686205e+00
9.814962963840072163e+00 -3.359257020911642133e+00
9.895413479937120727e+00 -3.366728121992191625e+00
9.975863996034171066e+00 -3.362198834498476341e+00
1.005631451213121963e+01 -3.366954796772915870e+00
1.013676502822827175e+01 -3.386602895009345193e+00
1.021721554432532031e+01 -3.378095205186649963e+00
1.029766606042237065e+01 -3.336232346243810376e+00
