0.000000000000000000e+00 -1.549019599857431873e-01
8.045051609704977069e-02 -1.630589235852458463e-01
1.609010321940995414e-01 -3.340495266347160985e-01
2.413515482911492982e-01 -7.029587562010102264e-01
3.218020643881990828e-01 -1.093449043507632501e+00
4.022525804852488118e-01 -1.586591451546391252e+00
4.827030965822985964e-01 -2.253767190137179188e+00
5.631536126793483810e-01 -2.704144161261409440e+00
6.436041287763981655e-01 -3.005132231360965189e+00
7.240546448734478391e-01 -3.095015428773373767e+00
8.045051609704976237e-01 -3.175723905978629524e+00
8.849556770675472972e-01 -3.293080272460971347e+00
9.654061931645971928e-01 -3.318955995675904713e+00
1.045856709261647088e+00 -3.343911250553807335e+00
1.126307225358696762e+00 -3.379885309088876966e+00
1.206757741455746435e+00 -3.419073152835351070e+00
1.287208257552796331e+00 -3.471052778282171847e+00
1.367658773649846005e+00 -3.496014612384394482e+00
1.448109289746895678e+00 -3.504881041198552705e+00
1.528559805843945352e+00 -3.487340228013272370e+00
1.609010321940995247e+00 -3.426858206121291772e+00
1.689460838038045143e+00 -3.388336795871528029e+00
1.769911354135094594e+00 -3.368599431504946118e+00
1.850361870232144490e+00 -3.391080442113729720e+00
1.930812386329194386e+00 -3.343251781587885052e+00
2.011262902426244281e+00 -3.250530970815638021e+00
2.091713418523294177e+00 -3.199865887339609749e+00
2.172163934620343628e+00 -3.240559520562233065e+00
2.252614450717393524e+00 -3.266329485194000792e+00
2.333064966814443419e+00 -3.262900560655258797e+00
2.413515482911492871e+00 -3.271062874521181829e+00
2.493965999008542767e+00 -3.247207166771173714e+00
2.574416515105592662e+00 -3.230347237459066712e+00
2.654867031202642558e+00 -3.216363498913814567e+00
2.735317547299692009e+00 -3.218841942864846928e+00
2.815768063396741905e+00 -3.223760612573227213e+00
2.896218579493791356e+00 -3.187491280878280708e+00
2.976669095590841252e+00 -3.156526103833145136e+00
3.057119611687890703e+00 -3.172442728133389345e+00
3.137570127784940599e+00 -3.214442099885414184e+00
3.218020643881990495e+00 -3.219903048329460393e+00
3.298471159979039946e+00 -3.252472311713384467e+00
3.378921676076090286e+00 -3.261869536271540859e+00
3.459372192173139737e+00 -3.264766921358950746e+00
3.539822708270189189e+00 -3.230944835893247102e+00
3.620273224367239528e+00 -3.206290993120223920e+00
3.700723740464288980e+00 -3.185590725046014260e+00
3.781174256561339320e+00 -3.177893144333311159e+00
3.861624772658388771e+00 -3.215485461174460546e+00
3.942075288755438223e+00 -3.218495682030305893e+00
4.022525804852488562e+00 -3.184646522009752623e+00
4.102976320949538014e+00 -3.133364165803500079e+00
4.183426837046588354e+00 -3.088627954573664791e+00
4.263877353143637805e+00 -3.077203823482052680e+00
4.344327869240687257e+00 -3.111530048254997460e+00
4.424778385337737596e+00 -3.173636362273540623e+00
4.505228901434787048e+00 -3.244635384004702416e+00
4.585679417531836499e+00 -3.261345636037463525e+00
4.666129933628886839e+00 -3.248646719913880432e+00
4.746580449725936290e+00 -3.208045183678996715e+00
4.827030965822985742e+00 -3.173907542622230071e+00
4.907481481920036082e+00 -3.149358904534755865e+00
4.987931998017085533e+00 -3.122347238552181992e+00
5.068382514114135873e+00 -3.104374425902325374e+00
5.148833030211185324e+00 -3.101979554678711448e+00
5.229283546308234776e+00 -3.134964535248362605e+00
5.309734062405285115e+00 -3.160034853001682187e+00
5.390184578502334567e+00 -3.157911454040063681e+00
5.470635094599384018e+00 -3.164139822167125082e+00
5.551085610696433470e+00 -3.165900085717512802e+00
5.631536126793483810e+00 -3.163106171761746577e+00
5.711986642890533261e+00 -3.161130662661021162e+00
5.792437158987582713e+00 -3.168853614534512975e+00
5.872887675084633052e+00 -3.180577111229907050e+00
5.953338191181682504e+00 -3.198039198048370668e+00
6.033788707278731955e+00 -3.201340370803924973e+00
6.114239223375781407e+00 -3.186097153673440818e+00
6.194689739472831747e+00 -3.168370974991831623e+00
6.275140255569881198e+00 -3.152221614194964161e+00
6.355590771666931538e+00 -3.155195610663140027e+00
6.436041287763980989e+00 -3.180304631496536860e+00
6.516491803861030441e+00 -3.201607700298170656e+00
6.596942319958079892e+00 -3.196509857119783860e+00
6.677392836055131120e+00 -3.206345105111067184e+00
6.757843352152180572e+00 -3.225622754955062899e+00
6.838293868249230023e+00 -3.223335302261347568e+00
6.918744384346279475e+00 -3.214838487331126426e+00
6.999194900443328926e+00 -3.194443424691009170e+00
7.079645416540378378e+00 -3.168285562734198813e+00
7.160095932637429605e+00 -3.160068586410620828e+00
7.240546448734479057e+00 -3.179467832608406042e+00
7.320996964831528508e+00 -3.199582629005439660e+00
7.401447480928577960e+00 -3.203894479392807693e+00
7.481897997025627411e+00 -3.228092062670530282e+00
7.562348513122678639e+00 -3.251562623615840142e+00
7.642799029219728091e+00 -3.245511579464615881e+00
7.723249545316777542e+00 -3.250165530701957017e+00
7.803700061413826994e+00 -3.235252780572912101e+00
7.884150577510876445e+00 -3.218740607807389686e+00
7.964601093607927673e+00 -3.207755971971117948e+00
8.045051609704977125e+00 -3.218537374027263809e+00
8.125502125802025688e+00 -3.215773739187996583e+00
8.205952641899076028e+00 -3.219024020570204758e+00
8.286403157996124591e+00 -3.214217797193794635e+00
8.366853674093176707e+00 -3.204844687718296115e+00
8.447304190190225270e+00 -3.202824282799857869e+00
8.527754706287275610e+00 -3.201551043672033803e+00
8.608205222384324173e+00 -3.196625154504757482e+00
8.688655738481374513e+00 -3.186601645912995107e+00
8.769106254578423076e+00 -3.179726468880011314e+00
8.849556770675475192e+00 -3.192558421738624919e+00
8.930007286772523756e+00 -3.224739031155891666e+00
9.010457802869574095e+00 -3.247378105122686431e+00
9.090908318966622659e+00 -3.268420136068426629e+00
9.171358835063672998e+00 -3.292305898260210917e+00
9.251809351160723338e+00 -3.287455076861649950e+00
9.332259867257773678e+00 -3.271679844106604840e+00
9.412710383354822241e+00 -3.261949668465616625e+00
9.493160899451872581e+00 -3.265010869961629592e+00
9.573611415548921144e+00 -3.277168007673761707e+00
9.654061931645971484e+00 -3.280819968712922030e+00
9.734512447743021823e+00 -3.295206085523498363e+00
9.814962963840072163e+00 -3.303253527597782124e+00
9.895413479937120727e+00 -3.316528152048914713e+00
9.975863996034171066e+00 -3.308158721751843778e+00
1.005631451213121963e+01 -3.302730676507118712e+00
1.013676502822827175e+01 -3.320313250588085019e+00
1.021721554432532031e+01 -3.342799726877673461e+00
1.029766606042237065e+01 -3.371101437054376149e+00
