0.000000000000000000e+00 -1.549019599857431873e-01
8.045051609704977069e-02 -1.975904973013846710e-01
1.609010321940995414e-01 -5.508093122933394037e-01
2.413515482911492982e-01 -1.285078479798325457e+00
3.218020643881990828e-01 -1.657850256356553587e+00
4.022525804852488118e-01 -2.083333737351864556e+00
4.827030965822985964e-01 -2.472502760775327602e+00
5.631536126793483810e-01 -2.895460864647606325e+00
6.436041287763981655e-01 -3.148270674934518176e+00
7.240546448734478391e-01 -3.250863825492558590e+00
8.045051609704976237e-01 -3.427524940060689751e+00
8.849556770675472972e-01 -3.543505891882290815e+00
9.654061931645971928e-01 -3.607464424419411841e+00
1.045856709261647088e+00 -3.649189410234859210e+00
1.126307225358696762e+00 -3.677652087098667533e+00
1.206757741455746435e+00 -3.684283074697428439e+00
1.287208257552796331e+00 -3.697993574999431488e+00
1.367658773649846005e+00 -3.677910918378214600e+00
1.448109289746895678e+00 -3.545741066352331217e+00
1.528559805843945352e+00 -3.415229622250512076e+00
1.609010321940995247e+00 -3.344890267560398200e+00
1.689460838038045143e+00 -3.276135537792121077e+00
1.769911354135094594e+00 -3.212094811615124890e+00
1.850361870232144490e+00 -3.156432268070111569e+00
1.930812386329194386e+00 -3.149035718143298634e+00
2.011262902426244281e+00 -3.107669526360162138e+00
2.091713418523294177e+00 -3.042289883350064894e+00
2.172163934620343628e+00 -2.974509623956557380e+00
2.252614450717393524e+00 -2.943484701075176346e+00
2.333064966814443419e+00 -2.958599811817161029e+00
2.413515482911492871e+00 -3.013585485081609949e+00
2.493965999008542767e+00 -3.072714201720410987e+00
2.574416515105592662e+00 -3.111444435764340710e+00
2.654867031202642558e+00 -3.105720484655608793e+00
2.735317547299692009e+00 -3.054877367626047224e+00
2.815768063396741905e+00 -3.027817601045883933e+00
2.896218579493791356e+00 -3.050068235098114311e+00
2.976669095590841252e+00 -3.114428774107579567e+00
3.057119611687890703e+00 -3.143756349705412401e+00
3.137570127784940599e+00 -3.124327474293106643e+00
3.218020643881990495e+00 -3.101635291375617332e+00
3.298471159979039946e+00 -3.097227134515731617e+00
3.378921676076090286e+00 -3.107167565178202473e+00
3.459372192173139737e+00 -3.093112751087892853e+00
3.539822708270189189e+00 -3.079956799231569065e+00
3.620273224367239528e+00 -3.092008614972636682e+00
3.700723740464288980e+00 -3.143191529017621999e+00
3.781174256561339320e+00 -3.164656557268326065e+00
3.861624772658388771e+00 -3.166516388206500388e+00
3.942075288755438223e+00 -3.141196603663673592e+00
4.022525804852488562e+00 -3.108284803822421782e+00
4.102976320949538014e+00 -3.117700617164850474e+00
4.183426837046588354e+00 -3.158052730743562631e+00
4.263877353143637805e+00 -3.193008281759244227e+00
4.344327869240687257e+00 -3.197068110746487779e+00
4.424778385337737596e+00 -3.170633388277881881e+00
4.505228901434787048e+00 -3.151185073506525658e+00
4.585679417531836499e+00 -3.168428287980066038e+00
4.666129933628886839e+00 -3.187755191833038459e+00
4.746580449725936290e+00 -3.170144902378393414e+00
4.827030965822985742e+00 -3.160708192814640327e+00
4.907481481920036082e+00 -3.177076431406236523e+00
4.987931998017085533e+00 -3.172330141572606621e+00
5.068382514114135873e+00 -3.163780715381999009e+00
5.148833030211185324e+00 -3.178759470737710036e+00
5.229283546308234776e+00 -3.189574967816231066e+00
5.309734062405285115e+00 -3.185975031861528084e+00
5.390184578502334567e+00 -3.176955753892378720e+00
5.470635094599384018e+00 -3.184203875260183558e+00
5.551085610696433470e+00 -3.177551409821515627e+00
5.631536126793483810e+00 -3.157308208300126928e+00
5.711986642890533261e+00 -3.147570362343718564e+00
5.792437158987582713e+00 -3.159497263235060416e+00
5.872887675084633052e+00 -3.171042811727053490e+00
5.953338191181682504e+00 -3.173657521062113407e+00
6.033788707278731955e+00 -3.203306677018328052e+00
6.114239223375781407e+00 -3.194672374813516402e+00
6.194689739472831747e+00 -3.172511790787614583e+00
6.275140255569881198e+00 -3.165794732132706901e+00
6.355590771666931538e+00 -3.189310740838753766e+00
6.436041287763980989e+00 -3.210651225680114962e+00
6.516491803861030441e+00 -3.209230518252794262e+00
6.596942319958079892e+00 -3.215739357379344021e+00
6.677392836055131120e+00 -3.203276522851262964e+00
6.757843352152180572e+00 -3.171527953967024693e+00
6.838293868249230023e+00 -3.192745339054853027e+00
6.918744384346279475e+00 -3.211969224812087909e+00
6.999194900443328926e+00 -3.210159186121870789e+00
7.079645416540378378e+00 -3.214673052594592129e+00
7.160095932637429605e+00 -3.234150842380617785e+00
7.240546448734479057e+00 -3.250539379321962574e+00
7.320996964831528508e+00 -3.249603196853805276e+00
7.401447480928577960e+00 -3.219055139889873018e+00
7.481897997025627411e+00 -3.183672736337584297e+00
7.562348513122678639e+00 -3.181304199998179705e+00
7.642799029219728091e+00 -3.201273675191327772e+00
7.723249545316777542e+00 -3.227412795302135429e+00
7.803700061413826994e+00 -3.255848113917157782e+00
7.884150577510876445e+00 -3.246890380890938399e+00
7.964601093607927673e+00 -3.212653276800585989e+00
8.045051609704977125e+00 -3.195018983492107889e+00
8.125502125802025688e+00 -3.185508834296705949e+00
8.205952641899076028e+00 -3.190586700201847314e+00
8.286403157996124591e+00 -3.189303672717218152e+00
8.366853674093176707e+00 -3.191231551622250251e+00
8.447304190190225270e+00 -3.197638014586196231e+00
8.527754706287275610e+00 -3.208740788994223880e+00
8.608205222384324173e+00 -3.209099859785970565e+00
8.688655738481374513e+00 -3.233881759670943712e+00
8.769106254578423076e+00 -3.257717468140886918e+00
8.849556770675475192e+00 -3.257660166244914723e+00
8.930007286772523756e+00 -3.250038785175437095e+00
9.010457802869574095e+00 -3.240955251203829768e+00
9.090908318966622659e+00 -3.253666798562550699e+00
9.171358835063672998e+00 -3.285538027361346813e+00
9.251809351160723338e+00 -3.290825464966474101e+00
9.332259867257773678e+00 -3.262740434602461992e+00
9.412710383354822241e+00 -3.250394297218695439e+00
9.493160899451872581e+00 -3.259138599901208799e+00
9.573611415548921144e+00 -3.260250321329139833e+00
9.654061931645971484e+00 -3.256205344609403696e+00
9.734512447743021823e+00 -3.238468750701122723e+00
9.814962963840072163e+00 -3.240005538902344551e+00
9.895413479937120727e+00 -3.259972565901291475e+00
9.975863996034171066e+00 -3.276084164107944563e+00
1.005631451213121963e+01 -3.270201118746416835e+00
1.013676502822827175e+01 -3.264253334567362330e+00
1.021721554432532031e+01 -3.282435301496962499e+00
1.029766606042237065e+01 -3.335582088376381371e+00
