0.000000000000000000e+00 -1.549019599857431873e-01
8.045051609704977069e-02 -2.077982444603859447e-01
1.609010321940995414e-01 -5.661393106340485426e-01
2.413515482911492982e-01 -1.413290963275487755e+00
3.218020643881990828e-01 -1.852641356106341286e+00
4.022525804852488118e-01 -2.258487497112396269e+00
4.827030965822985964e-01 -2.668591859481749928e+00
5.631536126793483810e-01 -2.984640669461862128e+00
6.436041287763981655e-01 -3.242933510800822816e+00
7.240546448734478391e-01 -3.386702592414010393e+00
8.045051609704976237e-01 -3.495289438172342944e+00
8.849556770675472972e-01 -3.639819544265714413e+00
9.654061931645971928e-01 -3.663762472247622082e+00
1.045856709261647088e+00 -3.592533235235078948e+00
1.126307225358696762e+00 -3.539116155567103128e+00
1.206757741455746435e+00 -3.541431042065579238e+00
1.287208257552796331e+00 -3.569170320986030820e+00
1.367658773649846005e+00 -3.549640361650255205e+00
1.448109289746895678e+00 -3.439965476272034195e+00
1.528559805843945352e+00 -3.353827246334952772e+00
1.609010321940995247e+00 -3.384989872235596664e+00
1.689460838038045143e+00 -3.409351334136125011e+00
1.769911354135094594e+00 -3.319077125523886007e+00
1.850361870232144490e+00 -3.224868029029560379e+00
1.930812386329194386e+00 -3.221770828950742516e+00
2.011262902426244281e+00 -3.258564101714622296e+00
2.091713418523294177e+00 -3.238314239432526165e+00
2.172163934620343628e+00 -3.175380201412758563e+00
2.252614450717393524e+00 -3.138803515727080828e+00
2.333064966814443419e+00 -3.114929078290786357e+00
2.413515482911492871e+00 -3.122033420887990740e+00
2.493965999008542767e+00 -3.140256712022899688e+00
2.574416515105592662e+00 -3.151262836980352144e+00
2.654867031202642558e+00 -3.176932659433388206e+00
2.735317547299692009e+00 -3.189507311579186322e+00
2.815768063396741905e+00 -3.130403685408528425e+00
2.896218579493791356e+00 -3.097001638533294798e+00
2.976669095590841252e+00 -3.084424307431687051e+00
3.057119611687890703e+00 -3.096014158523352044e+00
3.137570127784940599e+00 -3.094051200191509921e+00
3.218020643881990495e+00 -3.087583742633235317e+00
3.298471159979039946e+00 -3.116767783553159088e+00
3.378921676076090286e+00 -3.160963539587777760e+00
3.459372192173139737e+00 -3.165484564426205072e+00
3.539822708270189189e+00 -3.130862956559597787e+00
3.620273224367239528e+00 -3.137156173232573231e+00
3.700723740464288980e+00 -3.146791698025598105e+00
3.781174256561339320e+00 -3.135796954520016389e+00
3.861624772658388771e+00 -3.132350925925634133e+00
3.942075288755438223e+00 -3.118159122809724071e+00
4.022525804852488562e+00 -3.077523218406640115e+00
4.102976320949538014e+00 -3.058503632377887804e+00
4.183426837046588354e+00 -3.081053169350235432e+00
4.263877353143637805e+00 -3.104413487911787950e+00
4.344327869240687257e+00 -3.099528263626234459e+00
4.424778385337737596e+00 -3.086800424892330419e+00
4.505228901434787048e+00 -3.082113375766150742e+00
4.585679417531836499e+00 -3.087732656508718865e+00
4.666129933628886839e+00 -3.077864848562245736e+00
4.746580449725936290e+00 -3.099829426993312875e+00
4.827030965822985742e+00 -3.127524797965876679e+00
4.907481481920036082e+00 -3.149152261232771810e+00
4.987931998017085533e+00 -3.121382277859615417e+00
5.068382514114135873e+00 -3.084851567073872758e+00
5.148833030211185324e+00 -3.092254990793806169e+00
5.229283546308234776e+00 -3.118643669546118602e+00
5.309734062405285115e+00 -3.119900385523560526e+00
5.390184578502334567e+00 -3.109301492849782633e+00
5.470635094599384018e+00 -3.121385311188588751e+00
5.551085610696433470e+00 -3.137918343150593703e+00
5.631536126793483810e+00 -3.146039350113138511e+00
5.711986642890533261e+00 -3.134015858388863318e+00
5.792437158987582713e+00 -3.121703972529419779e+00
5.872887675084633052e+00 -3.140327135680105020e+00
5.953338191181682504e+00 -3.161813085259832068e+00
6.033788707278731955e+00 -3.173893208880901540e+00
6.114239223375781407e+00 -3.152484771917281936e+00
6.194689739472831747e+00 -3.120480423370359357e+00
6.275140255569881198e+00 -3.132670773613130955e+00
6.355590771666931538e+00 -3.178775449701883637e+00
6.436041287763980989e+00 -3.199385725028128569e+00
6.516491803861030441e+00 -3.195033038382777857e+00
6.596942319958079892e+00 -3.198942220802227343e+00
6.677392836055131120e+00 -3.194947309038416172e+00
6.757843352152180572e+00 -3.171672205327763727e+00
6.838293868249230023e+00 -3.156854467363447103e+00
6.918744384346279475e+00 -3.157992432021349494e+00
6.999194900443328926e+00 -3.164776994385284148e+00
7.079645416540378378e+00 -3.162781643911575458e+00
7.160095932637429605e+00 -3.170522957888538329e+00
7.240546448734479057e+00 -3.192842057350319784e+00
7.320996964831528508e+00 -3.199706093215580527e+00
7.401447480928577960e+00 -3.208599349166097792e+00
7.481897997025627411e+00 -3.230463891832601409e+00
7.562348513122678639e+00 -3.250094001023708490e+00
7.642799029219728091e+00 -3.234024747039099701e+00
7.723249545316777542e+00 -3.219865375080343206e+00
7.803700061413826994e+00 -3.237079035495418200e+00
7.884150577510876445e+00 -3.251712679109358906e+00
7.964601093607927673e+00 -3.227189466937989248e+00
8.045051609704977125e+00 -3.189038518980852555e+00
8.125502125802025688e+00 -3.199725389870840431e+00
8.205952641899076028e+00 -3.217020310671209415e+00
8.286403157996124591e+00 -3.219423790852486977e+00
8.366853674093176707e+00 -3.213309659240893179e+00
8.447304190190225270e+00 -3.239038788909998967e+00
8.527754706287275610e+00 -3.260676903470114851e+00
8.608205222384324173e+00 -3.281712194760124213e+00
8.688655738481374513e+00 -3.274530073459991808e+00
8.769106254578423076e+00 -3.243528344258723273e+00
8.849556770675475192e+00 -3.247871613927333367e+00
8.930007286772523756e+00 -3.275865106622871892e+00
9.010457802869574095e+00 -3.307389511137214910e+00
9.090908318966622659e+00 -3.313903390542347616e+00
9.171358835063672998e+00 -3.301348223290987427e+00
9.251809351160723338e+00 -3.299245712742573833e+00
9.332259867257773678e+00 -3.286860619886191159e+00
9.412710383354822241e+00 -3.279891933236029455e+00
9.493160899451872581e+00 -3.291950627788727601e+00
9.573611415548921144e+00 -3.298349242431403816e+00
9.654061931645971484e+00 -3.303043073191356704e+00
9.734512447743021823e+00 -3.289045936107367840e+00
9.814962963840072163e+00 -3.279743208577844182e+00
9.895413479937120727e+00 -3.290011077958958197e+00
9.975863996034171066e+00 -3.309944556537173010e+00
1.005631451213121963e+01 -3.302766562757700530e+00
1.013676502822827175e+01 -3.290355625666093964e+00
1.021721554432532031e+01 -3.288411998589218399e+00
1.029766606042237065e+01 -3.303318891089024767e+00
