0.000000000000000000e+00 -1.549019599857431873e-01
8.045051609704977069e-02 -1.970219822974665080e-01
1.609010321940995414e-01 -5.868377989251485349e-01
2.413515482911492982e-01 -1.988530909966712779e+00
3.218020643881990828e-01 -2.376469469714772575e+00
4.022525804852488118e-01 -2.262003846214729830e+00
4.827030965822985964e-01 -2.222519636578296431e+00
5.631536126793483810e-01 -2.259039561920141548e+00
6.436041287763981655e-01 -2.400608656040916333e+00
7.240546448734478391e-01 -2.520745041981776069e+00
8.045051609704976237e-01 -2.561012522239630496e+00
8.849556770675472972e-01 -2.529692700088475465e+00
9.654061931645971928e-01 -2.539626025430676393e+00
1.045856709261647088e+00 -2.596958954073249171e+00
1.126307225358696762e+00 -2.646277802368662613e+00
1.206757741455746435e+00 -2.658263359556275685e+00
1.287208257552796331e+00 -2.629837836674268292e+00
1.367658773649846005e+00 -2.570347435558259175e+00
1.448109289746895678e+00 -2.508376549214517581e+00
1.528559805843945352e+00 -2.481825936095787277e+00
1.609010321940995247e+00 -2.481301373494062545e+00
1.689460838038045143e+00 -2.542654063240148421e+00
1.769911354135094594e+00 -2.609052702197633966e+00
1.850361870232144490e+00 -2.639457203042848032e+00
1.930812386329194386e+00 -2.651397875147434746e+00
2.011262902426244281e+00 -2.643767872732237567e+00
2.091713418523294177e+00 -2.618816241282059920e+00
2.172163934620343628e+00 -2.606981120101712346e+00
2.252614450717393524e+00 -2.608391777046308757e+00
2.333064966814443419e+00 -2.620364966681893115e+00
2.413515482911492871e+00 -2.624854800546574385e+00
2.493965999008542767e+00 -2.612134016433233175e+00
2.574416515105592662e+00 -2.606533882242885625e+00
2.654867031202642558e+00 -2.614460592525414739e+00
2.735317547299692009e+00 -2.619493183160697125e+00
2.815768063396741905e+00 -2.612965353392069812e+00
2.896218579493791356e+00 -2.583913610879618350e+00
2.976669095590841252e+00 -2.576059225164591293e+00
3.057119611687890703e+00 -2.576057752104075504e+00
3.137570127784940599e+00 -2.569869101115099586e+00
3.218020643881990495e+00 -2.581789483344979708e+00
3.298471159979039946e+00 -2.609004305862418160e+00
3.378921676076090286e+00 -2.640193834413099072e+00
3.459372192173139737e+00 -2.647607560381090241e+00
3.539822708270189189e+00 -2.606847606616704116e+00
3.620273224367239528e+00 -2.593171649220677111e+00
3.700723740464288980e+00 -2.568381053509737111e+00
3.781174256561339320e+00 -2.560803086175697185e+00
3.861624772658388771e+00 -2.610905453228140605e+00
3.942075288755438223e+00 -2.654908487700040176e+00
4.022525804852488562e+00 -2.692461088622624565e+00
4.102976320949538014e+00 -2.716684403865380126e+00
4.183426837046588354e+00 -2.680112100790044583e+00
4.263877353143637805e+00 -2.618639873677310881e+00
4.344327869240687257e+00 -2.561479631778338817e+00
4.424778385337737596e+00 -2.544339615128863308e+00
4.505228901434787048e+00 -2.589964161765216932e+00
4.585679417531836499e+00 -2.646063258337673307e+00
4.666129933628886839e+00 -2.638524718420354631e+00
4.746580449725936290e+00 -2.598262003274791621e+00
4.827030965822985742e+00 -2.579512145023513892e+00
4.907481481920036082e+00 -2.584176560035576831e+00
4.987931998017085533e+00 -2.607070069995086392e+00
5.068382514114135873e+00 -2.632105433256658245e+00
5.148833030211185324e+00 -2.660967347750380796e+00
5.229283546308234776e+00 -2.701353351207234965e+00
5.309734062405285115e+00 -2.728205216204857120e+00
5.390184578502334567e+00 -2.731386642659813457e+00
5.470635094599384018e+00 -2.701549115718994365e+00
5.551085610696433470e+00 -2.663241988661393389e+00
5.631536126793483810e+00 -2.655152409142816250e+00
5.711986642890533261e+00 -2.657522109128917620e+00
5.792437158987582713e+00 -2.638934923787035203e+00
5.872887675084633052e+00 -2.638086064983248047e+00
5.953338191181682504e+00 -2.640278388586347447e+00
6.033788707278731955e+00 -2.629138203719822098e+00
6.114239223375781407e+00 -2.630638896896599910e+00
6.194689739472831747e+00 -2.645793507648519505e+00
6.275140255569881198e+00 -2.667809891598198035e+00
6.355590771666931538e+00 -2.676609099381631385e+00
6.436041287763980989e+00 -2.664637446495133233e+00
6.516491803861030441e+00 -2.652530354536591251e+00
6.596942319958079892e+00 -2.656798980769482288e+00
6.677392836055131120e+00 -2.675315328366111078e+00
6.757843352152180572e+00 -2.703186011757529705e+00
6.838293868249230023e+00 -2.719448043498140954e+00
6.918744384346279475e+00 -2.706770184974268467e+00
6.999194900443328926e+00 -2.697705551309792504e+00
7.079645416540378378e+00 -2.712767512251226698e+00
7.160095932637429605e+00 -2.724910212558511624e+00
7.240546448734479057e+00 -2.732692050574349718e+00
7.320996964831528508e+00 -2.736496956646152778e+00
7.401447480928577960e+00 -2.744581286253951813e+00
7.481897997025627411e+00 -2.743224268769830942e+00
7.562348513122678639e+00 -2.721415832799744194e+00
7.642799029219728091e+00 -2.679590368403863554e+00
7.723249545316777542e+00 -2.660667949327566006e+00
7.803700061413826994e+00 -2.674582403334816672e+00
7.884150577510876445e+00 -2.677716953775307385e+00
7.964601093607927673e+00 -2.691137699527040628e+00
8.045051609704977125e+00 -2.706711604600868792e+00
8.125502125802025688e+00 -2.745248863211254164e+00
8.205952641899076028e+00 -2.738352024923315309e+00
8.286403157996124591e+00 -2.727953542466636350e+00
8.366853674093176707e+00 -2.707322651518337953e+00
8.447304190190225270e+00 -2.675915229757823255e+00
8.527754706287275610e+00 -2.688949732751326316e+00
8.608205222384324173e+00 -2.738435635053593664e+00
8.688655738481374513e+00 -2.777743886174135479e+00
8.769106254578423076e+00 -2.747706186044587717e+00
8.849556770675475192e+00 -2.712946762872522566e+00
8.930007286772523756e+00 -2.706524426008745543e+00
9.010457802869574095e+00 -2.728306301267382050e+00
9.090908318966622659e+00 -2.757602998213043666e+00
9.171358835063672998e+00 -2.786506686587027826e+00
9.251809351160723338e+00 -2.800033468005831860e+00
9.332259867257773678e+00 -2.814560192888360568e+00
9.412710383354822241e+00 -2.810103994626375279e+00
9.493160899451872581e+00 -2.807390440666885034e+00
9.573611415548921144e+00 -2.784193998098979606e+00
9.654061931645971484e+00 -2.763341582919260020e+00
9.734512447743021823e+00 -2.765549629313884150e+00
9.814962963840072163e+00 -2.788346608058349663e+00
9.895413479937120727e+00 -2.804880848607064880e+00
9.975863996034171066e+00 -2.799839285302950564e+00
1.005631451213121963e+01 -2.791815472742379178e+00
1.013676502822827175e+01 -2.793609779796523362e+00
1.021721554432532031e+01 -2.794383791236346060e+00
1.029766606042237065e+01 -2.797571670395184729e+00
