0.000000000000000000e+00 -1.549019599857431873e-01
8.045051609704977069e-02 -2.113854685376568288e-01
1.609010321940995414e-01 -6.004667865428260365e-01
2.413515482911492982e-01 -2.134688158031608385e+00
3.218020643881990828e-01 -2.490904344022609518e+00
4.022525804852488118e-01 -2.255532804230323318e+00
4.827030965822985964e-01 -2.186584427001128539e+00
5.631536126793483810e-01 -2.254923007382344746e+00
6.436041287763981655e-01 -2.381028068019224175e+00
7.240546448734478391e-01 -2.526460685843586962e+00
8.045051609704976237e-01 -2.631683519732579413e+00
8.849556770675472972e-01 -2.624457914765998101e+00
9.654061931645971928e-01 -2.542825552422285806e+00
1.045856709261647088e+00 -2.485965718400839908e+00
1.126307225358696762e+00 -2.554429544415499187e+00
1.206757741455746435e+00 -2.647738007090113310e+00
1.287208257552796331e+00 -2.643677465816908878e+00
1.367658773649846005e+00 -2.606732980808245337e+00
1.448109289746895678e+00 -2.636527584023586446e+00
1.528559805843945352e+00 -2.658683747160545785e+00
1.609010321940995247e+00 -2.597945592287757677e+00
1.689460838038045143e+00 -2.587967763674685617e+00
1.769911354135094594e+00 -2.698203742749383682e+00
1.850361870232144490e+00 -2.791057935981888782e+00
1.930812386329194386e+00 -2.766547370426525543e+00
2.011262902426244281e+00 -2.683680096862742559e+00
2.091713418523294177e+00 -2.566737704842047663e+00
2.172163934620343628e+00 -2.545804490067153036e+00
2.252614450717393524e+00 -2.619397332960855085e+00
2.333064966814443419e+00 -2.712610162767841615e+00
2.413515482911492871e+00 -2.706666643487730450e+00
2.493965999008542767e+00 -2.642607735078072562e+00
2.574416515105592662e+00 -2.585140508304393236e+00
2.654867031202642558e+00 -2.586739310615755461e+00
2.735317547299692009e+00 -2.620819735566748410e+00
2.815768063396741905e+00 -2.614347340134159037e+00
2.896218579493791356e+00 -2.651827259093987088e+00
2.976669095590841252e+00 -2.657192818117207977e+00
3.057119611687890703e+00 -2.620349758203619484e+00
3.137570127784940599e+00 -2.613300149490378921e+00
3.218020643881990495e+00 -2.624071980317381758e+00
3.298471159979039946e+00 -2.625771649679297326e+00
3.378921676076090286e+00 -2.652941426813673953e+00
3.459372192173139737e+00 -2.655117644686899592e+00
3.539822708270189189e+00 -2.633937227711519835e+00
3.620273224367239528e+00 -2.634819777902296156e+00
3.700723740464288980e+00 -2.667077181365454575e+00
3.781174256561339320e+00 -2.674839914195545898e+00
3.861624772658388771e+00 -2.668519166097141682e+00
3.942075288755438223e+00 -2.649825125554095440e+00
4.022525804852488562e+00 -2.686840386003573222e+00
4.102976320949538014e+00 -2.736057497014970252e+00
4.183426837046588354e+00 -2.716402958674367429e+00
4.263877353143637805e+00 -2.668815064336514276e+00
4.344327869240687257e+00 -2.683538056236262737e+00
4.424778385337737596e+00 -2.711170976373334263e+00
4.505228901434787048e+00 -2.715003915093860076e+00
4.585679417531836499e+00 -2.703037223593148575e+00
4.666129933628886839e+00 -2.685121095516004086e+00
4.746580449725936290e+00 -2.669933373046720959e+00
4.827030965822985742e+00 -2.693542852272919674e+00
4.907481481920036082e+00 -2.721863158303002184e+00
4.987931998017085533e+00 -2.739771297528978078e+00
5.068382514114135873e+00 -2.728059674467108398e+00
5.148833030211185324e+00 -2.712117788403924479e+00
5.229283546308234776e+00 -2.703740530972153167e+00
5.309734062405285115e+00 -2.664691339320264696e+00
5.390184578502334567e+00 -2.624941425520235239e+00
5.470635094599384018e+00 -2.603713244889347855e+00
5.551085610696433470e+00 -2.625780100920164450e+00
5.631536126793483810e+00 -2.664254725018194492e+00
5.711986642890533261e+00 -2.665928872858687182e+00
5.792437158987582713e+00 -2.683095985277362594e+00
5.872887675084633052e+00 -2.693655833226408891e+00
5.953338191181682504e+00 -2.706046466887490176e+00
6.033788707278731955e+00 -2.730334404330706732e+00
6.114239223375781407e+00 -2.735752197765493499e+00
6.194689739472831747e+00 -2.703893506507829780e+00
6.275140255569881198e+00 -2.717403986875202904e+00
6.355590771666931538e+00 -2.737102289667822763e+00
6.436041287763980989e+00 -2.725791598181127817e+00
6.516491803861030441e+00 -2.722215922680504274e+00
6.596942319958079892e+00 -2.733137184805017661e+00
6.677392836055131120e+00 -2.732723555204340737e+00
6.757843352152180572e+00 -2.751859330120332903e+00
6.838293868249230023e+00 -2.765482866232120251e+00
6.918744384346279475e+00 -2.744872107510409442e+00
6.999194900443328926e+00 -2.710688206851045834e+00
7.079645416540378378e+00 -2.692833607499071302e+00
7.160095932637429605e+00 -2.707361966019728339e+00
7.240546448734479057e+00 -2.751294735182200579e+00
7.320996964831528508e+00 -2.765575932081396626e+00
7.401447480928577960e+00 -2.763059300660456241e+00
7.481897997025627411e+00 -2.759830708955094636e+00
7.562348513122678639e+00 -2.776422526902275756e+00
7.642799029219728091e+00 -2.761541972143607193e+00
7.723249545316777542e+00 -2.744253817417578567e+00
7.803700061413826994e+00 -2.710309682193694503e+00
7.884150577510876445e+00 -2.686030711929594084e+00
7.964601093607927673e+00 -2.697926025193301935e+00
8.045051609704977125e+00 -2.729789756761284991e+00
8.125502125802025688e+00 -2.743215968950795336e+00
8.205952641899076028e+00 -2.772379711462272578e+00
8.286403157996124591e+00 -2.807422972329695288e+00
8.366853674093176707e+00 -2.789399250606857450e+00
8.447304190190225270e+00 -2.749470454395939623e+00
8.527754706287275610e+00 -2.709010364397414161e+00
8.608205222384324173e+00 -2.706118473334444108e+00
8.688655738481374513e+00 -2.716972812664613102e+00
8.769106254578423076e+00 -2.753420530834153279e+00
8.849556770675475192e+00 -2.808751541800413865e+00
8.930007286772523756e+00 -2.825272486901908131e+00
9.010457802869574095e+00 -2.794693393844272844e+00
9.090908318966622659e+00 -2.776841106063443920e+00
9.171358835063672998e+00 -2.783065577333583285e+00
9.251809351160723338e+00 -2.805243655216414833e+00
9.332259867257773678e+00 -2.809104552819364109e+00
9.412710383354822241e+00 -2.792505717542873356e+00
9.493160899451872581e+00 -2.770959491542361430e+00
9.573611415548921144e+00 -2.762358861396507326e+00
9.654061931645971484e+00 -2.759863937222485131e+00
9.734512447743021823e+00 -2.772268467948465709e+00
9.814962963840072163e+00 -2.778940757108080195e+00
9.895413479937120727e+00 -2.795404174857879731e+00
9.975863996034171066e+00 -2.827069364826161557e+00
1.005631451213121963e+01 -2.853152335967449549e+00
1.013676502822827175e+01 -2.834474033846133167e+00
1.021721554432532031e+01 -2.817611844879152283e+00
1.029766606042237065e+01 -2.841020601192654205e+00
