0.000000000000000000e+00 -1.549019599857431873e-01
8.045051609704977069e-02 -2.095286835912126555e-01
1.609010321940995414e-01 -6.451563018386146098e-01
2.413515482911492982e-01 -2.260653358150413794e+00
3.218020643881990828e-01 -2.333010460539076458e+00
4.022525804852488118e-01 -2.237786852638248281e+00
4.827030965822985964e-01 -2.351942943524745200e+00
5.631536126793483810e-01 -2.442211899564534772e+00
6.436041287763981655e-01 -2.497970403484114144e+00
7.240546448734478391e-01 -2.588510667303240531e+00
8.045051609704976237e-01 -2.744742323225915825e+00
8.849556770675472972e-01 -2.881941344233816427e+00
9.654061931645971928e-01 -2.915548800464105028e+00
1.045856709261647088e+00 -2.990627379852443202e+00
1.126307225358696762e+00 -3.079640031347480544e+00
1.206757741455746435e+00 -3.122379363411507569e+00
1.287208257552796331e+00 -3.157504422165228863e+00
1.367658773649846005e+00 -3.123046227614775905e+00
1.448109289746895678e+00 -3.014732709919958342e+00
1.528559805843945352e+00 -2.969238237923748525e+00
1.609010321940995247e+00 -3.003732523285609801e+00
1.689460838038045143e+00 -3.020133093327731277e+00
1.769911354135094594e+00 -3.021032195807337839e+00
1.850361870232144490e+00 -3.022986585256507208e+00
1.930812386329194386e+00 -2.986104810162150347e+00
2.011262902426244281e+00 -2.944994090764546879e+00
2.091713418523294177e+00 -2.888417822755673825e+00
2.172163934620343628e+00 -2.899237294794063224e+00
2.252614450717393524e+00 -2.937829119470115824e+00
2.333064966814443419e+00 -2.952180765132999873e+00
2.413515482911492871e+00 -2.929834282202941953e+00
2.493965999008542767e+00 -2.908646984114721334e+00
2.574416515105592662e+00 -2.890802233046473990e+00
2.654867031202642558e+00 -2.867086734927579705e+00
2.735317547299692009e+00 -2.858714948103449949e+00
2.815768063396741905e+00 -2.886780907274601571e+00
2.896218579493791356e+00 -2.919414595359048459e+00
2.976669095590841252e+00 -2.965590766492747221e+00
3.057119611687890703e+00 -2.981821781144304406e+00
3.137570127784940599e+00 -3.008847345817392771e+00
3.218020643881990495e+00 -3.009562324500265174e+00
3.298471159979039946e+00 -3.018196549652701677e+00
3.378921676076090286e+00 -2.994525682194508320e+00
3.459372192173139737e+00 -2.942730514523417717e+00
3.539822708270189189e+00 -2.937411283171490695e+00
3.620273224367239528e+00 -2.954625612652526101e+00
3.700723740464288980e+00 -2.970609089512566303e+00
3.781174256561339320e+00 -2.961056407850640060e+00
3.861624772658388771e+00 -2.948762543362782207e+00
3.942075288755438223e+00 -2.905085705233822146e+00
4.022525804852488562e+00 -2.871692115629462361e+00
4.102976320949538014e+00 -2.872503498342436679e+00
4.183426837046588354e+00 -2.890414748494133601e+00
4.263877353143637805e+00 -2.915006981019097498e+00
4.344327869240687257e+00 -2.926438124646130401e+00
4.424778385337737596e+00 -2.934016477925598387e+00
4.505228901434787048e+00 -2.948764763831007052e+00
4.585679417531836499e+00 -2.952217419556855571e+00
4.666129933628886839e+00 -2.974830288418319313e+00
4.746580449725936290e+00 -3.000774455453241174e+00
4.827030965822985742e+00 -3.047362270665216588e+00
4.907481481920036082e+00 -3.046659662461161489e+00
4.987931998017085533e+00 -2.998492814644838411e+00
5.068382514114135873e+00 -2.929649879874415941e+00
5.148833030211185324e+00 -2.891275942601541526e+00
5.229283546308234776e+00 -2.891591079207788795e+00
5.309734062405285115e+00 -2.900942782328934211e+00
5.390184578502334567e+00 -2.901058578399118293e+00
5.470635094599384018e+00 -2.928196706332338639e+00
5.551085610696433470e+00 -2.964723063819493909e+00
5.631536126793483810e+00 -2.980456784496182010e+00
5.711986642890533261e+00 -2.982127446064164911e+00
5.792437158987582713e+00 -2.985041527908570469e+00
5.872887675084633052e+00 -2.957217971493530939e+00
5.953338191181682504e+00 -2.966390228135112217e+00
6.033788707278731955e+00 -3.003627805084272406e+00
6.114239223375781407e+00 -3.031684429007926784e+00
6.194689739472831747e+00 -3.028446371136925386e+00
6.275140255569881198e+00 -3.021986595072158277e+00
6.355590771666931538e+00 -3.012367797599750041e+00
6.436041287763980989e+00 -3.027994090289862772e+00
6.516491803861030441e+00 -3.032571103501940257e+00
6.596942319958079892e+00 -3.030342751562673520e+00
6.677392836055131120e+00 -3.003783146601097798e+00
6.757843352152180572e+00 -2.965564106529952504e+00
6.838293868249230023e+00 -2.944485198449728447e+00
6.918744384346279475e+00 -2.952716279841360869e+00
6.999194900443328926e+00 -2.967139282659782218e+00
7.079645416540378378e+00 -2.977607037898910125e+00
7.160095932637429605e+00 -3.000069701553140789e+00
7.240546448734479057e+00 -3.019246400218085213e+00
7.320996964831528508e+00 -3.033264360707747631e+00
7.401447480928577960e+00 -3.056027011372214108e+00
7.481897997025627411e+00 -3.054378308416233256e+00
7.562348513122678639e+00 -3.054896316819823099e+00
7.642799029219728091e+00 -3.043979148812749003e+00
7.723249545316777542e+00 -3.042666776661968164e+00
7.803700061413826994e+00 -3.041784182731661623e+00
7.884150577510876445e+00 -3.038093184189602614e+00
7.964601093607927673e+00 -3.028834804625166299e+00
8.045051609704977125e+00 -3.038711755392068170e+00
8.125502125802025688e+00 -3.071604250849026663e+00
8.205952641899076028e+00 -3.056262854030336040e+00
8.286403157996124591e+00 -3.027978424250568956e+00
8.366853674093176707e+00 -3.009212474526529402e+00
8.447304190190225270e+00 -3.037309278068693441e+00
8.527754706287275610e+00 -3.070452944418048613e+00
8.608205222384324173e+00 -3.087063136628774185e+00
8.688655738481374513e+00 -3.067577739400348058e+00
8.769106254578423076e+00 -3.061160589275848665e+00
8.849556770675475192e+00 -3.090852475650804010e+00
8.930007286772523756e+00 -3.093108924653355185e+00
9.010457802869574095e+00 -3.061648986419836405e+00
9.090908318966622659e+00 -3.065308757067015222e+00
9.171358835063672998e+00 -3.098527942311337213e+00
9.251809351160723338e+00 -3.098518392087905138e+00
9.332259867257773678e+00 -3.076935331094341919e+00
9.412710383354822241e+00 -3.094088128552933359e+00
9.493160899451872581e+00 -3.102328570509074179e+00
9.573611415548921144e+00 -3.094030680350655427e+00
9.654061931645971484e+00 -3.084019332898226384e+00
9.734512447743021823e+00 -3.083468017409219719e+00
9.814962963840072163e+00 -3.090774133666793322e+00
9.895413479937120727e+00 -3.112744648582971951e+00
9.975863996034171066e+00 -3.140591738004050448e+00
1.005631451213121963e+01 -3.169665099829387600e+00
1.013676502822827175e+01 -3.171676080854436197e+00
1.021721554432532031e+01 -3.163999324116822276e+00
1.029766606042237065e+01 -3.161637219409297206e+00
