0.000000000000000000e+00 -1.549019599857431873e-01
8.045051609704977069e-02 -1.926258485906416906e-01
1.609010321940995414e-01 -5.340913739465784627e-01
2.413515482911492982e-01 -1.372789899454017970e+00
3.218020643881990828e-01 -1.782128312210460752e+00
4.022525804852488118e-01 -1.916730647842628921e+00
4.827030965822985964e-01 -2.036238129559003074e+00
5.631536126793483810e-01 -2.121331945643092798e+00
6.436041287763981655e-01 -2.238322065250801352e+00
7.240546448734478391e-01 -2.511116903139200218e+00
8.045051609704976237e-01 -2.769729393225607073e+00
8.849556770675472972e-01 -3.005114476064435269e+00
9.654061931645971928e-01 -3.162404707499976375e+00
1.045856709261647088e+00 -3.196719426026688904e+00
1.126307225358696762e+00 -3.140194829223052153e+00
1.206757741455746435e+00 -3.139647396792977219e+00
1.287208257552796331e+00 -3.152346764039884341e+00
1.367658773649846005e+00 -3.129825545592443525e+00
1.448109289746895678e+00 -3.095529011634464034e+00
1.528559805843945352e+00 -3.105320983693961701e+00
1.609010321940995247e+00 -3.115923830787398430e+00
1.689460838038045143e+00 -3.068571592372540291e+00
1.769911354135094594e+00 -3.013089111893689775e+00
1.850361870232144490e+00 -2.971094679348664336e+00
1.930812386329194386e+00 -2.953969554060503988e+00
2.011262902426244281e+00 -2.939007608534775606e+00
2.091713418523294177e+00 -2.867723312313819051e+00
2.172163934620343628e+00 -2.831944035348863409e+00
2.252614450717393524e+00 -2.859980148257220911e+00
2.333064966814443419e+00 -2.913526860355038828e+00
2.413515482911492871e+00 -2.938732135953440405e+00
2.493965999008542767e+00 -2.945778905974067552e+00
2.574416515105592662e+00 -2.904887177951652522e+00
2.654867031202642558e+00 -2.874429090661472230e+00
2.735317547299692009e+00 -2.928397198587119554e+00
2.815768063396741905e+00 -2.962853915655392356e+00
2.896218579493791356e+00 -2.897289292709430697e+00
2.976669095590841252e+00 -2.869187044588858093e+00
3.057119611687890703e+00 -2.905876064213821941e+00
3.137570127784940599e+00 -2.940536950587497866e+00
3.218020643881990495e+00 -2.927557667979848510e+00
3.298471159979039946e+00 -2.918882907347905675e+00
3.378921676076090286e+00 -2.917269070087425753e+00
3.459372192173139737e+00 -2.942976372082675596e+00
3.539822708270189189e+00 -2.985436228201576725e+00
3.620273224367239528e+00 -3.010618487283587719e+00
3.700723740464288980e+00 -2.959960888551358860e+00
3.781174256561339320e+00 -2.926424053825818383e+00
3.861624772658388771e+00 -2.932964493594530264e+00
3.942075288755438223e+00 -2.934008007095664006e+00
4.022525804852488562e+00 -2.920851447585241178e+00
4.102976320949538014e+00 -2.925643209165115444e+00
4.183426837046588354e+00 -2.920688931257423793e+00
4.263877353143637805e+00 -2.917248108623196057e+00
4.344327869240687257e+00 -2.931984826452390003e+00
4.424778385337737596e+00 -2.937157136261705936e+00
4.505228901434787048e+00 -2.920268338734271385e+00
4.585679417531836499e+00 -2.908360024136081634e+00
4.666129933628886839e+00 -2.900167998605777342e+00
4.746580449725936290e+00 -2.892861070657483769e+00
4.827030965822985742e+00 -2.915163890768793120e+00
4.907481481920036082e+00 -2.939617658419025670e+00
4.987931998017085533e+00 -2.916916887309890072e+00
5.068382514114135873e+00 -2.880226155473494032e+00
5.148833030211185324e+00 -2.866056986661146944e+00
5.229283546308234776e+00 -2.866438529145235670e+00
5.309734062405285115e+00 -2.899895787894163135e+00
5.390184578502334567e+00 -2.945012548370289363e+00
5.470635094599384018e+00 -2.961135429087529136e+00
5.551085610696433470e+00 -2.951121987067995889e+00
5.631536126793483810e+00 -2.943207909501010633e+00
5.711986642890533261e+00 -2.930495375288841409e+00
5.792437158987582713e+00 -2.909599186107785229e+00
5.872887675084633052e+00 -2.900102605845090942e+00
5.953338191181682504e+00 -2.917913118120430749e+00
6.033788707278731955e+00 -2.941845257697683014e+00
6.114239223375781407e+00 -2.970396603521431977e+00
6.194689739472831747e+00 -2.985618629995344442e+00
6.275140255569881198e+00 -2.972058298483058358e+00
6.355590771666931538e+00 -2.953151898418648003e+00
6.436041287763980989e+00 -2.955385528473422951e+00
6.516491803861030441e+00 -2.974814666175301436e+00
6.596942319958079892e+00 -2.990335708162031647e+00
6.677392836055131120e+00 -2.989954609482858849e+00
6.757843352152180572e+00 -2.984940352780782291e+00
6.838293868249230023e+00 -2.997996047961553945e+00
6.918744384346279475e+00 -2.992263806597339482e+00
6.999194900443328926e+00 -2.965679272216407369e+00
7.079645416540378378e+00 -2.962463403663142980e+00
7.160095932637429605e+00 -2.981826232441076030e+00
7.240546448734479057e+00 -2.985719585462896397e+00
7.320996964831528508e+00 -2.995870421902948610e+00
7.401447480928577960e+00 -3.003760946412612043e+00
7.481897997025627411e+00 -3.004751628558728349e+00
7.562348513122678639e+00 -2.995376881736380170e+00
7.642799029219728091e+00 -2.979430695987425715e+00
7.723249545316777542e+00 -2.945684536734258341e+00
7.803700061413826994e+00 -2.936011801351014583e+00
7.884150577510876445e+00 -2.947400589883364841e+00
7.964601093607927673e+00 -2.972426352135142391e+00
8.045051609704977125e+00 -2.990487026902658663e+00
8.125502125802025688e+00 -2.996618399579856096e+00
8.205952641899076028e+00 -2.997278321320377970e+00
8.286403157996124591e+00 -3.008070233420630402e+00
8.366853674093176707e+00 -3.024171734743402506e+00
8.447304190190225270e+00 -3.063961462183071305e+00
8.527754706287275610e+00 -3.082111865843959464e+00
8.608205222384324173e+00 -3.076045829128243980e+00
8.688655738481374513e+00 -3.052546567811694089e+00
8.769106254578423076e+00 -3.046717969746936205e+00
8.849556770675475192e+00 -3.036211361412581855e+00
8.930007286772523756e+00 -3.041637129928596917e+00
9.010457802869574095e+00 -3.052145061384496039e+00
9.090908318966622659e+00 -3.063046969911253470e+00
9.171358835063672998e+00 -3.073781014473839779e+00
9.251809351160723338e+00 -3.082085223764952087e+00
9.332259867257773678e+00 -3.078260022978004162e+00
9.412710383354822241e+00 -3.062294015462032171e+00
9.493160899451872581e+00 -3.052930988380257560e+00
9.573611415548921144e+00 -3.085406275205253124e+00
9.654061931645971484e+00 -3.107844826461657828e+00
9.734512447743021823e+00 -3.118698801084685890e+00
9.814962963840072163e+00 -3.136533449532651119e+00
9.895413479937120727e+00 -3.147769934459452745e+00
9.975863996034171066e+00 -3.131018434664307293e+00
1.005631451213121963e+01 -3.111063873845854033e+00
1.013676502822827175e+01 -3.088730062110438102e+00
1.021721554432532031e+01 -3.072657641308123022e+00
1.029766606042237065e+01 -3.078850464217220306e+00
