0.000000000000000000e+00 -1.549019599857431873e-01
8.045051609704977069e-02 -2.116344041900009021e-01
1.609010321940995414e-01 -6.007164033173579831e-01
2.413515482911492982e-01 -2.020462820887106048e+00
3.218020643881990828e-01 -2.129552828282875510e+00
4.022525804852488118e-01 -2.040818221205345839e+00
4.827030965822985964e-01 -2.122516307013677661e+00
5.631536126793483810e-01 -2.237506459939782033e+00
6.436041287763981655e-01 -2.344147856449928291e+00
7.240546448734478391e-01 -2.568585020008724129e+00
8.045051609704976237e-01 -2.807774321146752960e+00
8.849556770675472972e-01 -2.989492405393994190e+00
9.654061931645971928e-01 -3.141786016406304061e+00
1.045856709261647088e+00 -3.286841352056653953e+00
1.126307225358696762e+00 -3.307410810450693628e+00
1.206757741455746435e+00 -3.262114132570386182e+00
1.287208257552796331e+00 -3.263464399001598792e+00
1.367658773649846005e+00 -3.196277016195083753e+00
1.448109289746895678e+00 -3.106311953495338063e+00
1.528559805843945352e+00 -3.122539388228181778e+00
1.609010321940995247e+00 -3.153285376893578018e+00
1.689460838038045143e+00 -3.123034775365649551e+00
1.769911354135094594e+00 -3.058246232797382280e+00
1.850361870232144490e+00 -3.007290967744606025e+00
1.930812386329194386e+00 -2.985367186421945096e+00
2.011262902426244281e+00 -2.918392602119701973e+00
2.091713418523294177e+00 -2.820512632321974245e+00
2.172163934620343628e+00 -2.800723073075959579e+00
2.252614450717393524e+00 -2.872211030664142850e+00
2.333064966814443419e+00 -2.931272031941486667e+00
2.413515482911492871e+00 -2.943926453122574838e+00
2.493965999008542767e+00 -2.934400531847273008e+00
2.574416515105592662e+00 -2.966560106680119269e+00
2.654867031202642558e+00 -3.015099272416498444e+00
2.735317547299692009e+00 -3.029479305052492411e+00
2.815768063396741905e+00 -2.990805461573313284e+00
2.896218579493791356e+00 -2.959347374568390254e+00
2.976669095590841252e+00 -2.914826294325409073e+00
3.057119611687890703e+00 -2.885663326781948701e+00
3.137570127784940599e+00 -2.889065044315429986e+00
3.218020643881990495e+00 -2.926743704075310148e+00
3.298471159979039946e+00 -2.983249323812004583e+00
3.378921676076090286e+00 -3.015663574430322402e+00
3.459372192173139737e+00 -2.988583673352679604e+00
3.539822708270189189e+00 -2.933859076782890707e+00
3.620273224367239528e+00 -2.907742738643127822e+00
3.700723740464288980e+00 -2.945915061649429845e+00
3.781174256561339320e+00 -2.976961125889507453e+00
3.861624772658388771e+00 -2.977011212174193400e+00
3.942075288755438223e+00 -2.971441441269104811e+00
4.022525804852488562e+00 -2.948075035822113499e+00
4.102976320949538014e+00 -2.923569550464314659e+00
4.183426837046588354e+00 -2.922891624959803369e+00
4.263877353143637805e+00 -2.932578524360615724e+00
4.344327869240687257e+00 -2.968982995214516141e+00
4.424778385337737596e+00 -3.004087341277057899e+00
4.505228901434787048e+00 -3.008878493378974284e+00
4.585679417531836499e+00 -2.962429291597481029e+00
4.666129933628886839e+00 -2.909409176258488827e+00
4.746580449725936290e+00 -2.883068107689010784e+00
4.827030965822985742e+00 -2.907914539303484425e+00
4.907481481920036082e+00 -2.950120349812848985e+00
4.987931998017085533e+00 -2.934358115383440602e+00
5.068382514114135873e+00 -2.944898254763934187e+00
5.148833030211185324e+00 -2.973146353560702337e+00
5.229283546308234776e+00 -2.979508861724133428e+00
5.309734062405285115e+00 -2.939499181067676936e+00
5.390184578502334567e+00 -2.910985218107383865e+00
5.470635094599384018e+00 -2.907332370300153457e+00
5.551085610696433470e+00 -2.921045504255981751e+00
5.631536126793483810e+00 -2.940359505220570213e+00
5.711986642890533261e+00 -2.961372628892973147e+00
5.792437158987582713e+00 -2.965228762679904762e+00
5.872887675084633052e+00 -2.968247200007963826e+00
5.953338191181682504e+00 -2.977144303436488393e+00
6.033788707278731955e+00 -2.983672223177884941e+00
6.114239223375781407e+00 -3.002870680522466529e+00
6.194689739472831747e+00 -3.002116831898429261e+00
6.275140255569881198e+00 -3.010945400693189278e+00
6.355590771666931538e+00 -3.025693025445482132e+00
6.436041287763980989e+00 -3.017812143321640050e+00
6.516491803861030441e+00 -3.015460361485936325e+00
6.596942319958079892e+00 -3.014595324534770082e+00
6.677392836055131120e+00 -3.020848203047922897e+00
6.757843352152180572e+00 -3.030241382832918884e+00
6.838293868249230023e+00 -3.030860939842713986e+00
6.918744384346279475e+00 -3.021513717327934057e+00
6.999194900443328926e+00 -3.014310877538794120e+00
7.079645416540378378e+00 -3.019974361126227969e+00
7.160095932637429605e+00 -3.041000446085476039e+00
7.240546448734479057e+00 -3.058994475577288874e+00
7.320996964831528508e+00 -3.057571172948614802e+00
7.401447480928577960e+00 -3.064149015565331702e+00
7.481897997025627411e+00 -3.062894236379547497e+00
7.562348513122678639e+00 -3.058912130987005096e+00
7.642799029219728091e+00 -3.059871988257386377e+00
7.723249545316777542e+00 -3.043139931114327013e+00
7.803700061413826994e+00 -3.021288795141644279e+00
7.884150577510876445e+00 -3.016784552596530666e+00
7.964601093607927673e+00 -3.057022546221254355e+00
8.045051609704977125e+00 -3.088666348397291372e+00
8.125502125802025688e+00 -3.095360803607313027e+00
8.205952641899076028e+00 -3.073806994728116582e+00
8.286403157996124591e+00 -3.063655867102211161e+00
8.366853674093176707e+00 -3.074417879188726666e+00
8.447304190190225270e+00 -3.084645909430792976e+00
8.527754706287275610e+00 -3.077902384436688621e+00
8.608205222384324173e+00 -3.070339167078638631e+00
8.688655738481374513e+00 -3.054971177802049187e+00
8.769106254578423076e+00 -3.052653510320068264e+00
8.849556770675475192e+00 -3.078696770047773867e+00
8.930007286772523756e+00 -3.097683628833967528e+00
9.010457802869574095e+00 -3.095403497807007298e+00
9.090908318966622659e+00 -3.098740713196096230e+00
9.171358835063672998e+00 -3.115625861774002026e+00
9.251809351160723338e+00 -3.139028656944612639e+00
9.332259867257773678e+00 -3.150401611336155039e+00
9.412710383354822241e+00 -3.118311877100834018e+00
9.493160899451872581e+00 -3.087527204741688625e+00
9.573611415548921144e+00 -3.071490255295700855e+00
9.654061931645971484e+00 -3.089436931842574730e+00
9.734512447743021823e+00 -3.133055280832137690e+00
9.814962963840072163e+00 -3.159778315197250720e+00
9.895413479937120727e+00 -3.163247884703223711e+00
9.975863996034171066e+00 -3.168032335977610359e+00
1.005631451213121963e+01 -3.163157238476257849e+00
1.013676502822827175e+01 -3.151111296303269693e+00
1.021721554432532031e+01 -3.142111141500681271e+00
1.029766606042237065e+01 -3.135581835673698858e+00
