0.000000000000000000e+00 -1.549019599857431873e-01
8.045051609704977069e-02 -1.870643708171175479e-01
1.609010321940995414e-01 -5.055939892992776796e-01
2.413515482911492982e-01 -1.790179439592717303e+00
3.218020643881990828e-01 -2.472827869227945286e+00
4.022525804852488118e-01 -2.226897538822842915e+00
4.827030965822985964e-01 -2.108293452674996349e+00
5.631536126793483810e-01 -2.174346943866939164e+00
6.436041287763981655e-01 -2.411800794791044922e+00
7.240546448734478391e-01 -2.639516637789470987e+00
8.045051609704976237e-01 -2.823602867100558633e+00
8.849556770675472972e-01 -3.009444240918955682e+00
9.654061931645971928e-01 -3.108880768475181355e+00
1.045856709261647088e+00 -3.050461049103967870e+00
1.126307225358696762e+00 -3.027923621811714483e+00
1.206757741455746435e+00 -3.066767481958930563e+00
1.287208257552796331e+00 -3.130509134032268825e+00
1.367658773649846005e+00 -3.212769367490400541e+00
1.448109289746895678e+00 -3.237560613152475675e+00
1.528559805843945352e+00 -3.200890014519565785e+00
1.609010321940995247e+00 -3.118324660633255974e+00
1.689460838038045143e+00 -3.045368586137632505e+00
1.769911354135094594e+00 -3.000107136576132039e+00
1.850361870232144490e+00 -2.970417297500437925e+00
1.930812386329194386e+00 -2.935644517969021372e+00
2.011262902426244281e+00 -2.941410776530902549e+00
2.091713418523294177e+00 -2.947741154980811018e+00
2.172163934620343628e+00 -2.931240392889709057e+00
2.252614450717393524e+00 -2.907199639118901224e+00
2.333064966814443419e+00 -2.881175676579045941e+00
2.413515482911492871e+00 -2.836559168381188822e+00
2.493965999008542767e+00 -2.842270443361155419e+00
2.574416515105592662e+00 -2.884930504731014089e+00
2.654867031202642558e+00 -2.932183116675576517e+00
2.735317547299692009e+00 -2.942325087103374592e+00
2.815768063396741905e+00 -2.937767568982485145e+00
2.896218579493791356e+00 -2.934176354955328136e+00
2.976669095590841252e+00 -2.926612742333135397e+00
3.057119611687890703e+00 -2.933973855151915888e+00
3.137570127784940599e+00 -2.935144072222855449e+00
3.218020643881990495e+00 -2.951679051846634927e+00
3.298471159979039946e+00 -2.965087426835887996e+00
3.378921676076090286e+00 -2.965848541742627020e+00
3.459372192173139737e+00 -2.981101407076299559e+00
3.539822708270189189e+00 -2.940872588125758469e+00
3.620273224367239528e+00 -2.891714396570460366e+00
3.700723740464288980e+00 -2.877133217395008380e+00
3.781174256561339320e+00 -2.923381285670778595e+00
3.861624772658388771e+00 -2.992328170713920432e+00
3.942075288755438223e+00 -3.009039099031878273e+00
4.022525804852488562e+00 -2.935433712207869306e+00
4.102976320949538014e+00 -2.857887216716842094e+00
4.183426837046588354e+00 -2.860575529554277185e+00
4.263877353143637805e+00 -2.906621368838287367e+00
4.344327869240687257e+00 -2.951270032116361186e+00
4.424778385337737596e+00 -2.977293222871728595e+00
4.505228901434787048e+00 -2.990363689741165398e+00
4.585679417531836499e+00 -2.967000172530605440e+00
4.666129933628886839e+00 -2.932381696816284578e+00
4.746580449725936290e+00 -2.912949450211546498e+00
4.827030965822985742e+00 -2.919288011823653051e+00
4.907481481920036082e+00 -2.932644062527219653e+00
4.987931998017085533e+00 -2.958495659674542644e+00
5.068382514114135873e+00 -2.996193007386467766e+00
5.148833030211185324e+00 -3.045926343000787906e+00
5.229283546308234776e+00 -3.063015273623545198e+00
5.309734062405285115e+00 -3.072544703192293447e+00
5.390184578502334567e+00 -3.049426942196056700e+00
5.470635094599384018e+00 -3.010037207383613911e+00
5.551085610696433470e+00 -2.965061985625109919e+00
5.631536126793483810e+00 -2.959665538205882296e+00
5.711986642890533261e+00 -2.949569941513710436e+00
5.792437158987582713e+00 -2.959977748297491384e+00
5.872887675084633052e+00 -3.001857441160797890e+00
5.953338191181682504e+00 -3.037835020935569119e+00
6.033788707278731955e+00 -3.066918428311471878e+00
6.114239223375781407e+00 -3.056118122493197919e+00
6.194689739472831747e+00 -3.038411237613352078e+00
6.275140255569881198e+00 -3.012206596478199216e+00
6.355590771666931538e+00 -2.988965866575614694e+00
6.436041287763980989e+00 -2.980376232927002711e+00
6.516491803861030441e+00 -2.982564203576818951e+00
6.596942319958079892e+00 -2.998043198356237671e+00
6.677392836055131120e+00 -2.994437546788482507e+00
6.757843352152180572e+00 -2.992891950020895031e+00
6.838293868249230023e+00 -2.999669646518742905e+00
6.918744384346279475e+00 -3.029831761069176732e+00
6.999194900443328926e+00 -3.066905209352326356e+00
7.079645416540378378e+00 -3.082678762467155220e+00
7.160095932637429605e+00 -3.068004224399005775e+00
7.240546448734479057e+00 -3.016255341566406400e+00
7.320996964831528508e+00 -2.986772487833095013e+00
7.401447480928577960e+00 -2.999114166755296740e+00
7.481897997025627411e+00 -3.028731181776172843e+00
7.562348513122678639e+00 -3.048040487186841396e+00
7.642799029219728091e+00 -3.053072708035386107e+00
7.723249545316777542e+00 -3.064162415928605387e+00
7.803700061413826994e+00 -3.069413022808260560e+00
7.884150577510876445e+00 -3.064384462080275817e+00
7.964601093607927673e+00 -3.057052184095909286e+00
8.045051609704977125e+00 -3.038381916902996860e+00
8.125502125802025688e+00 -3.012967178080473207e+00
8.205952641899076028e+00 -3.009146121300140919e+00
8.286403157996124591e+00 -3.005901755498002093e+00
8.366853674093176707e+00 -3.012380531593650712e+00
8.447304190190225270e+00 -3.012782984814480702e+00
8.527754706287275610e+00 -3.007981523077937425e+00
8.608205222384324173e+00 -3.019101264083719371e+00
8.688655738481374513e+00 -3.024331883695940082e+00
8.769106254578423076e+00 -3.031037231653830766e+00
8.849556770675475192e+00 -3.042194599815963851e+00
8.930007286772523756e+00 -3.043407159679855756e+00
9.010457802869574095e+00 -3.024795556819382725e+00
9.090908318966622659e+00 -3.027378082278243454e+00
9.171358835063672998e+00 -3.055745733274728426e+00
9.251809351160723338e+00 -3.073146449563049831e+00
9.332259867257773678e+00 -3.077040508714267819e+00
9.412710383354822241e+00 -3.056402144395300891e+00
9.493160899451872581e+00 -3.038055713078697373e+00
9.573611415548921144e+00 -3.045089841104043682e+00
9.654061931645971484e+00 -3.063252165633219004e+00
9.734512447743021823e+00 -3.084539416480563734e+00
9.814962963840072163e+00 -3.102542097351742800e+00
9.895413479937120727e+00 -3.103303660232324290e+00
9.975863996034171066e+00 -3.091968081261039725e+00
1.005631451213121963e+01 -3.082336355867049793e+00
1.013676502822827175e+01 -3.080933126196337746e+00
1.021721554432532031e+01 -3.069370119768486393e+00
1.029766606042237065e+01 -3.071509637609090237e+00
