0.000000000000000000e+00 -1.549019599857431873e-01
8.045051609704977069e-02 -1.991897489683101818e-01
1.609010321940995414e-01 -5.644378624184366311e-01
2.413515482911492982e-01 -1.564878085029136168e+00
3.218020643881990828e-01 -1.860401112735070583e+00
4.022525804852488118e-01 -1.708821501891759409e+00
4.827030965822985964e-01 -1.753072036309887061e+00
5.631536126793483810e-01 -1.933285815892824111e+00
6.436041287763981655e-01 -2.155980850648315794e+00
7.240546448734478391e-01 -2.265622389364659650e+00
8.045051609704976237e-01 -2.352747179391483812e+00
8.849556770675472972e-01 -2.460661810718131726e+00
9.654061931645971928e-01 -2.594477908227859508e+00
1.045856709261647088e+00 -2.662976867720307617e+00
1.126307225358696762e+00 -2.684329224173793715e+00
1.206757741455746435e+00 -2.715496739025749839e+00
1.287208257552796331e+00 -2.797813467352566974e+00
1.367658773649846005e+00 -2.871647894396698764e+00
1.448109289746895678e+00 -2.904734885410774847e+00
1.528559805843945352e+00 -2.915418503172614972e+00
1.609010321940995247e+00 -2.898052613179348924e+00
1.689460838038045143e+00 -2.865097785654768803e+00
1.769911354135094594e+00 -2.823242532986707687e+00
1.850361870232144490e+00 -2.767812227919776547e+00
1.930812386329194386e+00 -2.669344144652221029e+00
2.011262902426244281e+00 -2.565672431302452594e+00
2.091713418523294177e+00 -2.546173320499934167e+00
2.172163934620343628e+00 -2.600050062042634114e+00
2.252614450717393524e+00 -2.612616347451512500e+00
2.333064966814443419e+00 -2.578073866579385420e+00
2.413515482911492871e+00 -2.540078782548598202e+00
2.493965999008542767e+00 -2.568738986919345546e+00
2.574416515105592662e+00 -2.625449354317581196e+00
2.654867031202642558e+00 -2.644529718373415328e+00
2.735317547299692009e+00 -2.641619409373805905e+00
2.815768063396741905e+00 -2.589336138048897062e+00
2.896218579493791356e+00 -2.526594721089491014e+00
2.976669095590841252e+00 -2.507420783105328788e+00
3.057119611687890703e+00 -2.536572852501303821e+00
3.137570127784940599e+00 -2.538497857448005490e+00
3.218020643881990495e+00 -2.563439464636114273e+00
3.298471159979039946e+00 -2.567193090522228882e+00
3.378921676076090286e+00 -2.543632257923730933e+00
3.459372192173139737e+00 -2.529514905701205851e+00
3.539822708270189189e+00 -2.566021431735722835e+00
3.620273224367239528e+00 -2.625011359004119527e+00
3.700723740464288980e+00 -2.626759222103568714e+00
3.781174256561339320e+00 -2.607321858679565452e+00
3.861624772658388771e+00 -2.604613457036295987e+00
3.942075288755438223e+00 -2.608154139768022794e+00
4.022525804852488562e+00 -2.607383435276802164e+00
4.102976320949538014e+00 -2.604468827229112993e+00
4.183426837046588354e+00 -2.616037128217104879e+00
4.263877353143637805e+00 -2.639173727348449461e+00
4.344327869240687257e+00 -2.655094136704118313e+00
4.424778385337737596e+00 -2.659828661517419590e+00
4.505228901434787048e+00 -2.662091169717210271e+00
4.585679417531836499e+00 -2.649117184776341727e+00
4.666129933628886839e+00 -2.619928392229617931e+00
4.746580449725936290e+00 -2.608743039448802037e+00
4.827030965822985742e+00 -2.627550291811033834e+00
4.907481481920036082e+00 -2.645267399403848696e+00
4.987931998017085533e+00 -2.633517426980441112e+00
5.068382514114135873e+00 -2.616566637028648667e+00
5.148833030211185324e+00 -2.645626719309478680e+00
5.229283546308234776e+00 -2.662446444977955462e+00
5.309734062405285115e+00 -2.649789037426311555e+00
5.390184578502334567e+00 -2.626847599325266902e+00
5.470635094599384018e+00 -2.603316534305613938e+00
5.551085610696433470e+00 -2.607238058678365888e+00
5.631536126793483810e+00 -2.625402014279624385e+00
5.711986642890533261e+00 -2.634989772514837458e+00
5.792437158987582713e+00 -2.627822305769406341e+00
5.872887675084633052e+00 -2.628955583532623486e+00
5.953338191181682504e+00 -2.663907358802600545e+00
6.033788707278731955e+00 -2.707933385165233631e+00
6.114239223375781407e+00 -2.728191940530847681e+00
6.194689739472831747e+00 -2.722151340659416885e+00
6.275140255569881198e+00 -2.687449530470630510e+00
6.355590771666931538e+00 -2.673348283171651296e+00
6.436041287763980989e+00 -2.665828535330924343e+00
6.516491803861030441e+00 -2.685330207844162320e+00
6.596942319958079892e+00 -2.693063540910969778e+00
6.677392836055131120e+00 -2.673933974288829951e+00
6.757843352152180572e+00 -2.660423579273074157e+00
6.838293868249230023e+00 -2.661924390084764891e+00
6.918744384346279475e+00 -2.653241618313557204e+00
6.999194900443328926e+00 -2.660789113458432276e+00
7.079645416540378378e+00 -2.685022695099485102e+00
7.160095932637429605e+00 -2.700106416046797797e+00
7.240546448734479057e+00 -2.693180417412245120e+00
7.320996964831528508e+00 -2.681191947307259849e+00
7.401447480928577960e+00 -2.691701814489147360e+00
7.481897997025627411e+00 -2.698244615337510144e+00
7.562348513122678639e+00 -2.681399617491966758e+00
7.642799029219728091e+00 -2.666163674866488531e+00
7.723249545316777542e+00 -2.656314559223557747e+00
7.803700061413826994e+00 -2.664693549821861129e+00
7.884150577510876445e+00 -2.702210552904797503e+00
7.964601093607927673e+00 -2.745297886568283108e+00
8.045051609704977125e+00 -2.764693788499341220e+00
8.125502125802025688e+00 -2.763779059529959170e+00
8.205952641899076028e+00 -2.788976874568577013e+00
8.286403157996124591e+00 -2.819517638923103142e+00
8.366853674093176707e+00 -2.801600727332449026e+00
8.447304190190225270e+00 -2.763589000898871273e+00
8.527754706287275610e+00 -2.746195915480856620e+00
8.608205222384324173e+00 -2.753911840651144249e+00
8.688655738481374513e+00 -2.762414780237524958e+00
8.769106254578423076e+00 -2.760542784082539836e+00
8.849556770675475192e+00 -2.753524633029043933e+00
8.930007286772523756e+00 -2.750878532359434470e+00
9.010457802869574095e+00 -2.738259463479530975e+00
9.090908318966622659e+00 -2.759717222728482522e+00
9.171358835063672998e+00 -2.800585709999496853e+00
9.251809351160723338e+00 -2.818449912727969409e+00
9.332259867257773678e+00 -2.801030395574426013e+00
9.412710383354822241e+00 -2.780736207467987775e+00
9.493160899451872581e+00 -2.778767139924859908e+00
9.573611415548921144e+00 -2.785527757710119623e+00
9.654061931645971484e+00 -2.773980388983806389e+00
9.734512447743021823e+00 -2.776261198461859703e+00
9.814962963840072163e+00 -2.788183494312782784e+00
9.895413479937120727e+00 -2.798989159834069262e+00
9.975863996034171066e+00 -2.823527749845700985e+00
1.005631451213121963e+01 -2.823854848374558912e+00
1.013676502822827175e+01 -2.797310216249214943e+00
1.021721554432532031e+01 -2.786387818780919012e+00
1.029766606042237065e+01 -2.791354132049606029e+00
