0.000000000000000000e+00 -1.549019599857431873e-01
8.045051609704977069e-02 -2.047608387709307365e-01
1.609010321940995414e-01 -5.355502292680128784e-01
2.413515482911492982e-01 -1.488670687341881127e+00
3.218020643881990828e-01 -1.759117859253522820e+00
4.022525804852488118e-01 -1.551920890226718530e+00
4.827030965822985964e-01 -1.585489525224357044e+00
5.631536126793483810e-01 -1.823833348085459827e+00
6.436041287763981655e-01 -2.058010605594982056e+00
7.240546448734478391e-01 -2.272710843256758650e+00
8.045051609704976237e-01 -2.456380447541471668e+00
8.849556770675472972e-01 -2.566569783609382149e+00
9.654061931645971928e-01 -2.641059787050049401e+00
1.045856709261647088e+00 -2.668413246996810262e+00
1.126307225358696762e+00 -2.658028816060068245e+00
1.206757741455746435e+00 -2.699427295016268324e+00
1.287208257552796331e+00 -2.811439933031813609e+00
1.367658773649846005e+00 -2.932039487575016423e+00
1.448109289746895678e+00 -2.992396616158305100e+00
1.528559805843945352e+00 -2.988485289916756660e+00
1.609010321940995247e+00 -2.921280132464055157e+00
1.689460838038045143e+00 -2.827794724879400867e+00
1.769911354135094594e+00 -2.769719699495825971e+00
1.850361870232144490e+00 -2.741188851625368184e+00
1.930812386329194386e+00 -2.721029032607481746e+00
2.011262902426244281e+00 -2.686772042672497474e+00
2.091713418523294177e+00 -2.687800071202893548e+00
2.172163934620343628e+00 -2.698540006042616568e+00
2.252614450717393524e+00 -2.722674388372101184e+00
2.333064966814443419e+00 -2.680388408588467719e+00
2.413515482911492871e+00 -2.651856819062837989e+00
2.493965999008542767e+00 -2.638423595888601092e+00
2.574416515105592662e+00 -2.616518564465666330e+00
2.654867031202642558e+00 -2.581323397400268504e+00
2.735317547299692009e+00 -2.568046824130332251e+00
2.815768063396741905e+00 -2.584679638177636019e+00
2.896218579493791356e+00 -2.604423925315157096e+00
2.976669095590841252e+00 -2.601742365514707611e+00
3.057119611687890703e+00 -2.569080437585324450e+00
3.137570127784940599e+00 -2.571826377685046960e+00
3.218020643881990495e+00 -2.593133282731923561e+00
3.298471159979039946e+00 -2.623688765838532611e+00
3.378921676076090286e+00 -2.622565833425156256e+00
3.459372192173139737e+00 -2.650202098929906658e+00
3.539822708270189189e+00 -2.675708838643229726e+00
3.620273224367239528e+00 -2.673825202789100963e+00
3.700723740464288980e+00 -2.656690617822122125e+00
3.781174256561339320e+00 -2.618525951251316819e+00
3.861624772658388771e+00 -2.585575645322629956e+00
3.942075288755438223e+00 -2.572060256524262734e+00
4.022525804852488562e+00 -2.590917749518244939e+00
4.102976320949538014e+00 -2.625866234188695802e+00
4.183426837046588354e+00 -2.648155044186495832e+00
4.263877353143637805e+00 -2.663795006873926230e+00
4.344327869240687257e+00 -2.683100791045302635e+00
4.424778385337737596e+00 -2.710709927575045697e+00
4.505228901434787048e+00 -2.706475822818808386e+00
4.585679417531836499e+00 -2.716325392988216070e+00
4.666129933628886839e+00 -2.700542135057088178e+00
4.746580449725936290e+00 -2.675907018726418674e+00
4.827030965822985742e+00 -2.646956493480768557e+00
4.907481481920036082e+00 -2.632527904916324157e+00
4.987931998017085533e+00 -2.630006430514735705e+00
5.068382514114135873e+00 -2.627351168574984186e+00
5.148833030211185324e+00 -2.619325476783296747e+00
5.229283546308234776e+00 -2.600724973111016691e+00
5.309734062405285115e+00 -2.595262655503277838e+00
5.390184578502334567e+00 -2.588063363596211808e+00
5.470635094599384018e+00 -2.606038809917421872e+00
5.551085610696433470e+00 -2.651459045879495324e+00
5.631536126793483810e+00 -2.666916041766416612e+00
5.711986642890533261e+00 -2.642412427327586855e+00
5.792437158987582713e+00 -2.623237432222218501e+00
5.872887675084633052e+00 -2.658402364327747680e+00
5.953338191181682504e+00 -2.691535663800963096e+00
6.033788707278731955e+00 -2.662880603613700270e+00
6.114239223375781407e+00 -2.632179144286283634e+00
6.194689739472831747e+00 -2.651814631811084233e+00
6.275140255569881198e+00 -2.667276731223029440e+00
6.355590771666931538e+00 -2.631115447502163196e+00
6.436041287763980989e+00 -2.609917137777139295e+00
6.516491803861030441e+00 -2.643076685398548786e+00
6.596942319958079892e+00 -2.678190899215265208e+00
6.677392836055131120e+00 -2.696474154806895562e+00
6.757843352152180572e+00 -2.692411212829243006e+00
6.838293868249230023e+00 -2.687541580882937264e+00
6.918744384346279475e+00 -2.694919966759551144e+00
6.999194900443328926e+00 -2.715934125109618513e+00
7.079645416540378378e+00 -2.718561817364302247e+00
7.160095932637429605e+00 -2.702622495619173115e+00
7.240546448734479057e+00 -2.688602965598703154e+00
7.320996964831528508e+00 -2.697838645220091536e+00
7.401447480928577960e+00 -2.701529816932298100e+00
7.481897997025627411e+00 -2.671119717113450864e+00
7.562348513122678639e+00 -2.664765974095871126e+00
7.642799029219728091e+00 -2.713115293390371274e+00
7.723249545316777542e+00 -2.763594768114308042e+00
7.803700061413826994e+00 -2.784791346074431129e+00
7.884150577510876445e+00 -2.794589064776201059e+00
7.964601093607927673e+00 -2.808784166651723702e+00
8.045051609704977125e+00 -2.806223039826848176e+00
8.125502125802025688e+00 -2.776166883480743142e+00
8.205952641899076028e+00 -2.759700672875012195e+00
8.286403157996124591e+00 -2.763902384227741038e+00
8.366853674093176707e+00 -2.785942323092346573e+00
8.447304190190225270e+00 -2.788598004985639367e+00
8.527754706287275610e+00 -2.777448406279624304e+00
8.608205222384324173e+00 -2.759362354496871284e+00
8.688655738481374513e+00 -2.734156073303042334e+00
8.769106254578423076e+00 -2.737276068684036723e+00
8.849556770675475192e+00 -2.767484166461062767e+00
8.930007286772523756e+00 -2.789348618330148355e+00
9.010457802869574095e+00 -2.763664091781196319e+00
9.090908318966622659e+00 -2.726972943814133910e+00
9.171358835063672998e+00 -2.711932682173896492e+00
9.251809351160723338e+00 -2.726628161030890229e+00
9.332259867257773678e+00 -2.753605136972123280e+00
9.412710383354822241e+00 -2.781292635284129400e+00
9.493160899451872581e+00 -2.779419419411449876e+00
9.573611415548921144e+00 -2.776562288626898578e+00
9.654061931645971484e+00 -2.797072246973624665e+00
9.734512447743021823e+00 -2.834781970187524980e+00
9.814962963840072163e+00 -2.860018878100659023e+00
9.895413479937120727e+00 -2.827118081877673550e+00
9.975863996034171066e+00 -2.757574509669784124e+00
1.005631451213121963e+01 -2.733312031916536711e+00
1.013676502822827175e+01 -2.752716524070119686e+00
1.021721554432532031e+01 -2.796134204883539365e+00
1.029766606042237065e+01 -2.817073784373348655e+00
