0.000000000000000000e+00 -1.549019599857431873e-01
8.045051609704977069e-02 -3.942519797718359587e-01
1.609010321940995414e-01 -1.251962768012831351e+00
2.413515482911492982e-01 -3.230436369836062749e+00
3.218020643881990828e-01 -3.385373081058135281e+00
4.022525804852488118e-01 -2.950455446280692673e+00
4.827030965822985964e-01 -2.874535693773097922e+00
5.631536126793483810e-01 -3.211032027276120804e+00
6.436041287763981655e-01 -3.870015584578951451e+00
7.240546448734478391e-01 -4.686055076150592136e+00
8.045051609704976237e-01 -4.973315004888564594e+00
8.849556770675472972e-01 -4.992138627126880834e+00
9.654061931645971928e-01 -5.141768275909696762e+00
1.045856709261647088e+00 -5.391162554764663994e+00
1.126307225358696762e+00 -5.629161773943764047e+00
1.206757741455746435e+00 -5.727621278094958690e+00
1.287208257552796331e+00 -5.663042740363464667e+00
1.367658773649846005e+00 -5.553451231709472857e+00
1.448109289746895678e+00 -5.585326150445911964e+00
1.528559805843945352e+00 -5.537597497423508486e+00
1.609010321940995247e+00 -5.394427362879383736e+00
1.689460838038045143e+00 -5.267794931396805325e+00
1.769911354135094594e+00 -5.174279781630628072e+00
1.850361870232144490e+00 -5.223161300388139416e+00
1.930812386329194386e+00 -5.278149657576974185e+00
2.011262902426244281e+00 -5.314835318765900318e+00
2.091713418523294177e+00 -5.318698910660073054e+00
2.172163934620343628e+00 -5.251390741540838292e+00
2.252614450717393524e+00 -5.191720003139094430e+00
2.333064966814443419e+00 -5.251292977341353918e+00
2.413515482911492871e+00 -5.269212916584474549e+00
2.493965999008542767e+00 -5.270152079168084036e+00
2.574416515105592662e+00 -5.271211322115096465e+00
2.654867031202642558e+00 -5.297950868766184485e+00
2.735317547299692009e+00 -5.302937684132320584e+00
2.815768063396741905e+00 -5.305400298906726597e+00
2.896218579493791356e+00 -5.266463063427638147e+00
2.976669095590841252e+00 -5.151329818709368347e+00
3.057119611687890703e+00 -5.097872334683189344e+00
3.137570127784940599e+00 -5.178795303866647437e+00
3.218020643881990495e+00 -5.264884048927148008e+00
3.298471159979039946e+00 -5.237090022019258662e+00
3.378921676076090286e+00 -5.284795190028214407e+00
3.459372192173139737e+00 -5.373340586308193778e+00
3.539822708270189189e+00 -5.295140613350295844e+00
3.620273224367239528e+00 -5.158483939309490118e+00
3.700723740464288980e+00 -5.051597021561558876e+00
3.781174256561339320e+00 -5.111317310195900632e+00
3.861624772658388771e+00 -5.199219523625918882e+00
3.942075288755438223e+00 -5.228292423474335315e+00
4.022525804852488562e+00 -5.168853380634134353e+00
4.102976320949538014e+00 -5.109758687578988656e+00
4.183426837046588354e+00 -5.108751526633843909e+00
4.263877353143637805e+00 -5.208247036708159250e+00
4.344327869240687257e+00 -5.237117061802928575e+00
4.424778385337737596e+00 -5.229403393818882861e+00
4.505228901434787048e+00 -5.249127066386011009e+00
4.585679417531836499e+00 -5.326699137647448623e+00
4.666129933628886839e+00 -5.305655127774808300e+00
4.746580449725936290e+00 -5.209843386061234760e+00
4.827030965822985742e+00 -5.154993739944730535e+00
4.907481481920036082e+00 -5.104779476736810651e+00
4.987931998017085533e+00 -5.075598304563305518e+00
5.068382514114135873e+00 -5.136351937266236511e+00
5.148833030211185324e+00 -5.176046593588966793e+00
5.229283546308234776e+00 -5.218578224266591015e+00
5.309734062405285115e+00 -5.264679332310665316e+00
5.390184578502334567e+00 -5.312934426398729038e+00
5.470635094599384018e+00 -5.312196052449706052e+00
5.551085610696433470e+00 -5.370315084823894303e+00
5.631536126793483810e+00 -5.424928232703635445e+00
5.711986642890533261e+00 -5.441838964021650682e+00
5.792437158987582713e+00 -5.432372974936424015e+00
5.872887675084633052e+00 -5.383277636311410319e+00
5.953338191181682504e+00 -5.345635699278676434e+00
6.033788707278731955e+00 -5.325364108143921804e+00
6.114239223375781407e+00 -5.358713641645249659e+00
6.194689739472831747e+00 -5.330924270585671643e+00
6.275140255569881198e+00 -5.291995220323511440e+00
6.355590771666931538e+00 -5.283610124096619565e+00
6.436041287763980989e+00 -5.285257375913493760e+00
6.516491803861030441e+00 -5.336608669904489233e+00
6.596942319958079892e+00 -5.397582139880594099e+00
6.677392836055131120e+00 -5.414349284651457594e+00
6.757843352152180572e+00 -5.410772980976561897e+00
6.838293868249230023e+00 -5.419821234682742350e+00
6.918744384346279475e+00 -5.436148360808503277e+00
6.999194900443328926e+00 -5.467055660462815325e+00
7.079645416540378378e+00 -5.501053873136390493e+00
7.160095932637429605e+00 -5.495891867885029924e+00
7.240546448734479057e+00 -5.486356720284828015e+00
7.320996964831528508e+00 -5.492283507146499488e+00
7.401447480928577960e+00 -5.526650848400717742e+00
7.481897997025627411e+00 -5.495894505237908234e+00
7.562348513122678639e+00 -5.488620755608728530e+00
7.642799029219728091e+00 -5.537942663119499898e+00
7.723249545316777542e+00 -5.535159008320406748e+00
7.803700061413826994e+00 -5.494712643728426826e+00
7.884150577510876445e+00 -5.455728889834520423e+00
7.964601093607927673e+00 -5.443433457172073275e+00
8.045051609704977125e+00 -5.452392519254635417e+00
8.125502125802025688e+00 -5.454627627635074916e+00
8.205952641899076028e+00 -5.436092029399103964e+00
8.286403157996124591e+00 -5.436018572522412384e+00
8.366853674093176707e+00 -5.492145792672610050e+00
8.447304190190225270e+00 -5.543607502099646922e+00
8.527754706287275610e+00 -5.523340310972040257e+00
8.608205222384324173e+00 -5.478248565663666803e+00
8.688655738481374513e+00 -5.478247151027789030e+00
8.769106254578423076e+00 -5.495559762913758917e+00
8.849556770675475192e+00 -5.489381147313813436e+00
8.930007286772523756e+00 -5.475613019265789028e+00
9.010457802869574095e+00 -5.519886985640585664e+00
9.090908318966622659e+00 -5.549605461235126214e+00
9.171358835063672998e+00 -5.546116417346474314e+00
9.251809351160723338e+00 -5.561471441508452074e+00
9.332259867257773678e+00 -5.580639886746017631e+00
9.412710383354822241e+00 -5.591008347374095244e+00
9.493160899451872581e+00 -5.585722462754683093e+00
9.573611415548921144e+00 -5.598643130875527341e+00
9.654061931645971484e+00 -5.625231225762559184e+00
9.734512447743021823e+00 -5.649936994065928531e+00
9.814962963840072163e+00 -5.653835486945967048e+00
9.895413479937120727e+00 -5.658507624281259751e+00
9.975863996034171066e+00 -5.624461804254420549e+00
1.005631451213121963e+01 -5.611111330556466825e+00
1.013676502822827175e+01 -5.621561969470535658e+00
1.021721554432532031e+01 -5.656572177176657945e+00
1.029766606042237065e+01 -5.685909959501745270e+00
