0.000000000000000000e+00 -1.549019599857431873e-01
8.045051609704977069e-02 -2.034043038889973565e-01
1.609010321940995414e-01 -6.116599494743560905e-01
2.413515482911492982e-01 -1.529825803152059738e+00
3.218020643881990828e-01 -1.641433024529024953e+00
4.022525804852488118e-01 -1.519962323484260081e+00
4.827030965822985964e-01 -1.604289881339793222e+00
5.631536126793483810e-01 -1.758136803128933057e+00
6.436041287763981655e-01 -1.973347196144218385e+00
7.240546448734478391e-01 -2.194851117563725751e+00
8.045051609704976237e-01 -2.331326973399031388e+00
8.849556770675472972e-01 -2.454348630450758240e+00
9.654061931645971928e-01 -2.600655768827708769e+00
1.045856709261647088e+00 -2.693885153341446514e+00
1.126307225358696762e+00 -2.674211228797437556e+00
1.206757741455746435e+00 -2.676564928025947587e+00
1.287208257552796331e+00 -2.702179825274512392e+00
1.367658773649846005e+00 -2.704346826049577324e+00
1.448109289746895678e+00 -2.724238458237624894e+00
1.528559805843945352e+00 -2.779267747174755776e+00
1.609010321940995247e+00 -2.818617582341556016e+00
1.689460838038045143e+00 -2.819173920705256187e+00
1.769911354135094594e+00 -2.812299580423442524e+00
1.850361870232144490e+00 -2.840989434983145934e+00
1.930812386329194386e+00 -2.749802035976665504e+00
2.011262902426244281e+00 -2.610882930919333322e+00
2.091713418523294177e+00 -2.550391595592529370e+00
2.172163934620343628e+00 -2.570687509979855179e+00
2.252614450717393524e+00 -2.599501213173831093e+00
2.333064966814443419e+00 -2.621319637520147516e+00
2.413515482911492871e+00 -2.653874010670003170e+00
2.493965999008542767e+00 -2.663417098134472472e+00
2.574416515105592662e+00 -2.632858957571829084e+00
2.654867031202642558e+00 -2.615616251267428805e+00
2.735317547299692009e+00 -2.629376359048994694e+00
2.815768063396741905e+00 -2.639785914848285397e+00
2.896218579493791356e+00 -2.627133711982570397e+00
2.976669095590841252e+00 -2.634348180719275678e+00
3.057119611687890703e+00 -2.666929063342052597e+00
3.137570127784940599e+00 -2.693943633087190204e+00
3.218020643881990495e+00 -2.670025500860890855e+00
3.298471159979039946e+00 -2.634387527991195466e+00
3.378921676076090286e+00 -2.628508883821247366e+00
3.459372192173139737e+00 -2.645303192420916272e+00
3.539822708270189189e+00 -2.640900285537305603e+00
3.620273224367239528e+00 -2.648001623834041141e+00
3.700723740464288980e+00 -2.655835454891036562e+00
3.781174256561339320e+00 -2.617988991643375840e+00
3.861624772658388771e+00 -2.587724978621157579e+00
3.942075288755438223e+00 -2.613856133497995060e+00
4.022525804852488562e+00 -2.648046155830506621e+00
4.102976320949538014e+00 -2.670370925520498595e+00
4.183426837046588354e+00 -2.682178535147929477e+00
4.263877353143637805e+00 -2.689083413631403463e+00
4.344327869240687257e+00 -2.688980191105025064e+00
4.424778385337737596e+00 -2.690120617260902236e+00
4.505228901434787048e+00 -2.685798003397524614e+00
4.585679417531836499e+00 -2.668913971205045144e+00
4.666129933628886839e+00 -2.643156425999647841e+00
4.746580449725936290e+00 -2.646892056595801179e+00
4.827030965822985742e+00 -2.667415330118583672e+00
4.907481481920036082e+00 -2.689962317915571166e+00
4.987931998017085533e+00 -2.690959031551004799e+00
5.068382514114135873e+00 -2.672627684284872629e+00
5.148833030211185324e+00 -2.646870454110898496e+00
5.229283546308234776e+00 -2.647383195769204445e+00
5.309734062405285115e+00 -2.670876412075146700e+00
5.390184578502334567e+00 -2.682855142903158630e+00
5.470635094599384018e+00 -2.677823803931227431e+00
5.551085610696433470e+00 -2.661101334643363625e+00
5.631536126793483810e+00 -2.631491635860314204e+00
5.711986642890533261e+00 -2.625412259551733740e+00
5.792437158987582713e+00 -2.652390728228193773e+00
5.872887675084633052e+00 -2.692676784711223181e+00
5.953338191181682504e+00 -2.696040527611602400e+00
6.033788707278731955e+00 -2.641081440200054864e+00
6.114239223375781407e+00 -2.608330325649534043e+00
6.194689739472831747e+00 -2.622839828446159594e+00
6.275140255569881198e+00 -2.657180442940946463e+00
6.355590771666931538e+00 -2.678814037878288534e+00
6.436041287763980989e+00 -2.669614860152184299e+00
6.516491803861030441e+00 -2.678211281946876632e+00
6.596942319958079892e+00 -2.681281045592336820e+00
6.677392836055131120e+00 -2.671176071359449011e+00
6.757843352152180572e+00 -2.667955478915301271e+00
6.838293868249230023e+00 -2.698972436491714255e+00
6.918744384346279475e+00 -2.732778701781128916e+00
6.999194900443328926e+00 -2.735292764548867606e+00
7.079645416540378378e+00 -2.727796101584961885e+00
7.160095932637429605e+00 -2.730422292309777621e+00
7.240546448734479057e+00 -2.739648493213401537e+00
7.320996964831528508e+00 -2.733696588766101332e+00
7.401447480928577960e+00 -2.723132633684219428e+00
7.481897997025627411e+00 -2.750240853425435894e+00
7.562348513122678639e+00 -2.785624810787582284e+00
7.642799029219728091e+00 -2.796876183789054782e+00
7.723249545316777542e+00 -2.773553380474580887e+00
7.803700061413826994e+00 -2.750648925969328307e+00
7.884150577510876445e+00 -2.747025548273283491e+00
7.964601093607927673e+00 -2.763143122422152320e+00
8.045051609704977125e+00 -2.755260146800837973e+00
8.125502125802025688e+00 -2.703924012742184857e+00
8.205952641899076028e+00 -2.676892958569049075e+00
8.286403157996124591e+00 -2.697175555915030998e+00
8.366853674093176707e+00 -2.709364547113798150e+00
8.447304190190225270e+00 -2.690753322896030753e+00
8.527754706287275610e+00 -2.684130327493964074e+00
8.608205222384324173e+00 -2.710775886522536204e+00
8.688655738481374513e+00 -2.746012518904734634e+00
8.769106254578423076e+00 -2.774058762391414579e+00
8.849556770675475192e+00 -2.804508948666752932e+00
8.930007286772523756e+00 -2.831173214448068354e+00
9.010457802869574095e+00 -2.807731737618959666e+00
9.090908318966622659e+00 -2.769699436169137829e+00
9.171358835063672998e+00 -2.756432909197372272e+00
9.251809351160723338e+00 -2.757228278464750382e+00
9.332259867257773678e+00 -2.751884102026118661e+00
9.412710383354822241e+00 -2.743609658288458153e+00
9.493160899451872581e+00 -2.783883877268938267e+00
9.573611415548921144e+00 -2.830068778944629937e+00
9.654061931645971484e+00 -2.834467088995375583e+00
9.734512447743021823e+00 -2.812586152416578056e+00
9.814962963840072163e+00 -2.796880763334576692e+00
9.895413479937120727e+00 -2.769642454321790126e+00
9.975863996034171066e+00 -2.766486497397590227e+00
1.005631451213121963e+01 -2.792839524160863895e+00
1.013676502822827175e+01 -2.814249057490552985e+00
1.021721554432532031e+01 -2.836618723774688267e+00
1.029766606042237065e+01 -2.871314676425242407e+00
