0.000000000000000000e+00 -1.549019599857431873e-01
8.045051609704977069e-02 -2.101136483243079278e-01
1.609010321940995414e-01 -5.858200781904093768e-01
2.413515482911492982e-01 -1.446287654827633995e+00
3.218020643881990828e-01 -1.604893632499982736e+00
4.022525804852488118e-01 -1.571793076485817675e+00
4.827030965822985964e-01 -1.690048583942492355e+00
5.631536126793483810e-01 -1.908658661214451158e+00
6.436041287763981655e-01 -2.110199057648404430e+00
7.240546448734478391e-01 -2.243847442904333800e+00
8.045051609704976237e-01 -2.341684576354302383e+00
8.849556770675472972e-01 -2.475387059776422927e+00
9.654061931645971928e-01 -2.605308230198109865e+00
1.045856709261647088e+00 -2.634422445569322591e+00
1.126307225358696762e+00 -2.637900848838919288e+00
1.206757741455746435e+00 -2.721366783906407960e+00
1.287208257552796331e+00 -2.826866988038189810e+00
1.367658773649846005e+00 -2.815017978934561960e+00
1.448109289746895678e+00 -2.780301252566833803e+00
1.528559805843945352e+00 -2.770614074315230546e+00
1.609010321940995247e+00 -2.738901608903180573e+00
1.689460838038045143e+00 -2.727907304928478105e+00
1.769911354135094594e+00 -2.746259619430920118e+00
1.850361870232144490e+00 -2.754581597453002129e+00
1.930812386329194386e+00 -2.685538688097912186e+00
2.011262902426244281e+00 -2.625440818423204092e+00
2.091713418523294177e+00 -2.614073945602653826e+00
2.172163934620343628e+00 -2.618478937484763236e+00
2.252614450717393524e+00 -2.594296897540802505e+00
2.333064966814443419e+00 -2.552122061220697180e+00
2.413515482911492871e+00 -2.547794984443553457e+00
2.493965999008542767e+00 -2.574356238012185383e+00
2.574416515105592662e+00 -2.620806216918779796e+00
2.654867031202642558e+00 -2.638978682651612839e+00
2.735317547299692009e+00 -2.627077621888177283e+00
2.815768063396741905e+00 -2.598734600493251001e+00
2.896218579493791356e+00 -2.596834957502554442e+00
2.976669095590841252e+00 -2.625155762912684043e+00
3.057119611687890703e+00 -2.641300890533382795e+00
3.137570127784940599e+00 -2.622090523486375169e+00
3.218020643881990495e+00 -2.600088742922749052e+00
3.298471159979039946e+00 -2.610983219104545228e+00
3.378921676076090286e+00 -2.629946290220609217e+00
3.459372192173139737e+00 -2.671077438588387309e+00
3.539822708270189189e+00 -2.662545907753155916e+00
3.620273224367239528e+00 -2.631077765739035623e+00
3.700723740464288980e+00 -2.626767857814151341e+00
3.781174256561339320e+00 -2.631443164375957711e+00
3.861624772658388771e+00 -2.608964709535314785e+00
3.942075288755438223e+00 -2.607909434502608370e+00
4.022525804852488562e+00 -2.666150326742514842e+00
4.102976320949538014e+00 -2.716061005807584916e+00
4.183426837046588354e+00 -2.703134600059407866e+00
4.263877353143637805e+00 -2.666364277778860536e+00
4.344327869240687257e+00 -2.647570300447135594e+00
4.424778385337737596e+00 -2.623454468028076025e+00
4.505228901434787048e+00 -2.590787887632676423e+00
4.585679417531836499e+00 -2.574783757531580175e+00
4.666129933628886839e+00 -2.599015438685940094e+00
4.746580449725936290e+00 -2.660982019606640936e+00
4.827030965822985742e+00 -2.683673551478361397e+00
4.907481481920036082e+00 -2.657040215848903930e+00
4.987931998017085533e+00 -2.658393195617184457e+00
5.068382514114135873e+00 -2.675227880276267900e+00
5.148833030211185324e+00 -2.628405046576165915e+00
5.229283546308234776e+00 -2.583460644840776421e+00
5.309734062405285115e+00 -2.604450142998127493e+00
5.390184578502334567e+00 -2.642678450481967811e+00
5.470635094599384018e+00 -2.662115836295088744e+00
5.551085610696433470e+00 -2.694174377178255586e+00
5.631536126793483810e+00 -2.723315574018740026e+00
5.711986642890533261e+00 -2.713269042224432770e+00
5.792437158987582713e+00 -2.689545306129665470e+00
5.872887675084633052e+00 -2.702425211854492471e+00
5.953338191181682504e+00 -2.728102686613603556e+00
6.033788707278731955e+00 -2.741254694221944455e+00
6.114239223375781407e+00 -2.745658690051798523e+00
6.194689739472831747e+00 -2.720761303271550968e+00
6.275140255569881198e+00 -2.668952043928998208e+00
6.355590771666931538e+00 -2.631311049306093164e+00
6.436041287763980989e+00 -2.651857762376250260e+00
6.516491803861030441e+00 -2.690217272235084334e+00
6.596942319958079892e+00 -2.721854505234222010e+00
6.677392836055131120e+00 -2.724685485679070318e+00
6.757843352152180572e+00 -2.726546454404578768e+00
6.838293868249230023e+00 -2.738372433844054044e+00
6.918744384346279475e+00 -2.732685199978150070e+00
6.999194900443328926e+00 -2.719571933197305391e+00
7.079645416540378378e+00 -2.719063120056224303e+00
7.160095932637429605e+00 -2.728588163910991682e+00
7.240546448734479057e+00 -2.713441884034551332e+00
7.320996964831528508e+00 -2.682998620490808062e+00
7.401447480928577960e+00 -2.666127334726459797e+00
7.481897997025627411e+00 -2.665168679179537037e+00
7.562348513122678639e+00 -2.685128291694709901e+00
7.642799029219728091e+00 -2.712965619817506280e+00
7.723249545316777542e+00 -2.738052636195740686e+00
7.803700061413826994e+00 -2.751814581867308984e+00
7.884150577510876445e+00 -2.765848738748476254e+00
7.964601093607927673e+00 -2.788379931283174074e+00
8.045051609704977125e+00 -2.777374796937578161e+00
8.125502125802025688e+00 -2.787710753921631479e+00
8.205952641899076028e+00 -2.787010470341074519e+00
8.286403157996124591e+00 -2.772128268196847767e+00
8.366853674093176707e+00 -2.745240385363132418e+00
8.447304190190225270e+00 -2.729377640840018771e+00
8.527754706287275610e+00 -2.721604393680971068e+00
8.608205222384324173e+00 -2.754055865244530388e+00
8.688655738481374513e+00 -2.789310737566391918e+00
8.769106254578423076e+00 -2.776563452197536641e+00
8.849556770675475192e+00 -2.749874418549537847e+00
8.930007286772523756e+00 -2.752882278568539398e+00
9.010457802869574095e+00 -2.781538938191195687e+00
9.090908318966622659e+00 -2.816925711656061981e+00
9.171358835063672998e+00 -2.819206858021637174e+00
9.251809351160723338e+00 -2.790110980487824577e+00
9.332259867257773678e+00 -2.779653574603250465e+00
9.412710383354822241e+00 -2.791351024518303969e+00
9.493160899451872581e+00 -2.811960224295686483e+00
9.573611415548921144e+00 -2.839811363546203449e+00
9.654061931645971484e+00 -2.846418767644659287e+00
9.734512447743021823e+00 -2.847206380629647704e+00
9.814962963840072163e+00 -2.845433224664819960e+00
9.895413479937120727e+00 -2.835660537896868671e+00
9.975863996034171066e+00 -2.846281784179320873e+00
1.005631451213121963e+01 -2.860363805650164792e+00
1.013676502822827175e+01 -2.861462180767736285e+00
1.021721554432532031e+01 -2.854347764868477189e+00
1.029766606042237065e+01 -2.863959171238693813e+00
