0.000000000000000000e+00 -1.549019599857431873e-01
8.045051609704977069e-02 -1.925051783875566247e-01
1.609010321940995414e-01 -5.147203042405902318e-01
2.413515482911492982e-01 -1.148847386213746935e+00
3.218020643881990828e-01 -1.383999336223370902e+00
4.022525804852488118e-01 -1.468014494969676731e+00
4.827030965822985964e-01 -1.727950538405266467e+00
5.631536126793483810e-01 -2.107927312294109790e+00
6.436041287763981655e-01 -2.292278327665326465e+00
7.240546448734478391e-01 -2.397035100934555629e+00
8.045051609704976237e-01 -2.433592412855865028e+00
8.849556770675472972e-01 -2.516164923212807825e+00
9.654061931645971928e-01 -2.607005449712336720e+00
1.045856709261647088e+00 -2.626062582317690630e+00
1.126307225358696762e+00 -2.651979491582852955e+00
1.206757741455746435e+00 -2.679673398302364173e+00
1.287208257552796331e+00 -2.642774935169776462e+00
1.367658773649846005e+00 -2.645953443476088296e+00
1.448109289746895678e+00 -2.698378913255259359e+00
1.528559805843945352e+00 -2.771050117204369556e+00
1.609010321940995247e+00 -2.810594749006209980e+00
1.689460838038045143e+00 -2.834020396231211603e+00
1.769911354135094594e+00 -2.810349527069224695e+00
1.850361870232144490e+00 -2.747955004386369193e+00
1.930812386329194386e+00 -2.657347148679142013e+00
2.011262902426244281e+00 -2.558521318795509814e+00
2.091713418523294177e+00 -2.519413180447724443e+00
2.172163934620343628e+00 -2.510592395529492205e+00
2.252614450717393524e+00 -2.508612492358526236e+00
2.333064966814443419e+00 -2.534558826557851585e+00
2.413515482911492871e+00 -2.548514444207439222e+00
2.493965999008542767e+00 -2.556578071793669693e+00
2.574416515105592662e+00 -2.545182881650779994e+00
2.654867031202642558e+00 -2.519140199976222405e+00
2.735317547299692009e+00 -2.512506245123343085e+00
2.815768063396741905e+00 -2.541151501594230755e+00
2.896218579493791356e+00 -2.610463520922305047e+00
2.976669095590841252e+00 -2.649703140531268541e+00
3.057119611687890703e+00 -2.670957625009808378e+00
3.137570127784940599e+00 -2.708001044528258738e+00
3.218020643881990495e+00 -2.709326699097808433e+00
3.298471159979039946e+00 -2.700263741977466214e+00
3.378921676076090286e+00 -2.716055563801515138e+00
3.459372192173139737e+00 -2.720362054512752259e+00
3.539822708270189189e+00 -2.694865167459828292e+00
3.620273224367239528e+00 -2.675553432914998808e+00
3.700723740464288980e+00 -2.682280386780582671e+00
3.781174256561339320e+00 -2.712708992523753082e+00
3.861624772658388771e+00 -2.710076923670155846e+00
3.942075288755438223e+00 -2.688695163072508443e+00
4.022525804852488562e+00 -2.706894736276791225e+00
4.102976320949538014e+00 -2.735242086362758673e+00
4.183426837046588354e+00 -2.701478179718798778e+00
4.263877353143637805e+00 -2.661060289773252041e+00
4.344327869240687257e+00 -2.621806861018205037e+00
4.424778385337737596e+00 -2.610965710485650959e+00
4.505228901434787048e+00 -2.612246763835740282e+00
4.585679417531836499e+00 -2.610137348416874836e+00
4.666129933628886839e+00 -2.582495669844043551e+00
4.746580449725936290e+00 -2.571367216416295509e+00
4.827030965822985742e+00 -2.620696459551734581e+00
4.907481481920036082e+00 -2.673106330964127419e+00
4.987931998017085533e+00 -2.684048755334048408e+00
5.068382514114135873e+00 -2.696761002483580416e+00
5.148833030211185324e+00 -2.697079992936195492e+00
5.229283546308234776e+00 -2.668788360301779239e+00
5.309734062405285115e+00 -2.630709913083691287e+00
5.390184578502334567e+00 -2.616777399760586320e+00
5.470635094599384018e+00 -2.644322395109514723e+00
5.551085610696433470e+00 -2.657425649481361951e+00
5.631536126793483810e+00 -2.675093795386810136e+00
5.711986642890533261e+00 -2.716153841144536951e+00
5.792437158987582713e+00 -2.747336512768772998e+00
5.872887675084633052e+00 -2.755854329409007430e+00
5.953338191181682504e+00 -2.747538296664312707e+00
6.033788707278731955e+00 -2.761556218597120527e+00
6.114239223375781407e+00 -2.768255216322779599e+00
6.194689739472831747e+00 -2.750945303168340406e+00
6.275140255569881198e+00 -2.721852246040267431e+00
6.355590771666931538e+00 -2.697292608059555619e+00
6.436041287763980989e+00 -2.702873003855389200e+00
6.516491803861030441e+00 -2.717858801578960204e+00
6.596942319958079892e+00 -2.714509525390256250e+00
6.677392836055131120e+00 -2.707845340602689888e+00
6.757843352152180572e+00 -2.687917890568637613e+00
6.838293868249230023e+00 -2.678648797347786381e+00
6.918744384346279475e+00 -2.701785635298889154e+00
6.999194900443328926e+00 -2.722067667634315402e+00
7.079645416540378378e+00 -2.714352763720244255e+00
7.160095932637429605e+00 -2.716522187332772287e+00
7.240546448734479057e+00 -2.728665682880167864e+00
7.320996964831528508e+00 -2.740782880477123928e+00
7.401447480928577960e+00 -2.742149034179855782e+00
7.481897997025627411e+00 -2.752806529548965653e+00
7.562348513122678639e+00 -2.756244711721203000e+00
7.642799029219728091e+00 -2.759254054506570686e+00
7.723249545316777542e+00 -2.759081966525141816e+00
7.803700061413826994e+00 -2.752261666753383906e+00
7.884150577510876445e+00 -2.705877874081282997e+00
7.964601093607927673e+00 -2.682336464485699512e+00
8.045051609704977125e+00 -2.699867138766624652e+00
8.125502125802025688e+00 -2.727568949346922178e+00
8.205952641899076028e+00 -2.735171002587467814e+00
8.286403157996124591e+00 -2.726848594904827561e+00
8.366853674093176707e+00 -2.721697079863554691e+00
8.447304190190225270e+00 -2.709876733543570282e+00
8.527754706287275610e+00 -2.738612379176657008e+00
8.608205222384324173e+00 -2.761487421452961666e+00
8.688655738481374513e+00 -2.760308756638027550e+00
8.769106254578423076e+00 -2.761797237124556936e+00
8.849556770675475192e+00 -2.782596815579203575e+00
8.930007286772523756e+00 -2.786855069849608402e+00
9.010457802869574095e+00 -2.771802075033527935e+00
9.090908318966622659e+00 -2.774762883694090299e+00
9.171358835063672998e+00 -2.794356308932880673e+00
9.251809351160723338e+00 -2.798824702655785313e+00
9.332259867257773678e+00 -2.770032693035441529e+00
9.412710383354822241e+00 -2.759535510462644226e+00
9.493160899451872581e+00 -2.776385503155082812e+00
9.573611415548921144e+00 -2.778101244658055968e+00
9.654061931645971484e+00 -2.765837502176994089e+00
9.734512447743021823e+00 -2.768867975436897222e+00
9.814962963840072163e+00 -2.771028084940569958e+00
9.895413479937120727e+00 -2.767353740486202529e+00
9.975863996034171066e+00 -2.758009365972805771e+00
1.005631451213121963e+01 -2.766884592538145782e+00
1.013676502822827175e+01 -2.766071710685353402e+00
1.021721554432532031e+01 -2.780268168366149428e+00
1.029766606042237065e+01 -2.791442644594037237e+00
