0.000000000000000000e+00 -1.549019599857431873e-01
8.045051609704977069e-02 -1.969611593198652422e-01
1.609010321940995414e-01 -4.650917024313157011e-01
2.413515482911492982e-01 -9.876807917220673527e-01
3.218020643881990828e-01 -1.222763368548890561e+00
4.022525804852488118e-01 -1.420420557805389672e+00
4.827030965822985964e-01 -1.651063559903879208e+00
5.631536126793483810e-01 -1.825182091832421305e+00
6.436041287763981655e-01 -2.032050078285067674e+00
7.240546448734478391e-01 -2.273744733739481383e+00
8.045051609704976237e-01 -2.545882855898310648e+00
8.849556770675472972e-01 -2.674800480679557779e+00
9.654061931645971928e-01 -2.712630500524928046e+00
1.045856709261647088e+00 -2.716082196913891966e+00
1.126307225358696762e+00 -2.762664978618146527e+00
1.206757741455746435e+00 -2.809363177912369558e+00
1.287208257552796331e+00 -2.821083761583965011e+00
1.367658773649846005e+00 -2.771750712696928076e+00
1.448109289746895678e+00 -2.746689393806599711e+00
1.528559805843945352e+00 -2.794904172406115883e+00
1.609010321940995247e+00 -2.869579738191873730e+00
1.689460838038045143e+00 -2.868972955134624581e+00
1.769911354135094594e+00 -2.777426482499651961e+00
1.850361870232144490e+00 -2.723567641533941597e+00
1.930812386329194386e+00 -2.704896822796275746e+00
2.011262902426244281e+00 -2.693578748219777719e+00
2.091713418523294177e+00 -2.723518030338614615e+00
2.172163934620343628e+00 -2.741334212858346220e+00
2.252614450717393524e+00 -2.713515881042653177e+00
2.333064966814443419e+00 -2.662583112205181290e+00
2.413515482911492871e+00 -2.639229251499049411e+00
2.493965999008542767e+00 -2.654869890733145610e+00
2.574416515105592662e+00 -2.678580638367964006e+00
2.654867031202642558e+00 -2.661622829243601718e+00
2.735317547299692009e+00 -2.615114426475359188e+00
2.815768063396741905e+00 -2.550171848182581247e+00
2.896218579493791356e+00 -2.499463359316783873e+00
2.976669095590841252e+00 -2.507247300763182807e+00
3.057119611687890703e+00 -2.548501341918092855e+00
3.137570127784940599e+00 -2.552468173594598433e+00
3.218020643881990495e+00 -2.513903265619336302e+00
3.298471159979039946e+00 -2.505632149714944745e+00
3.378921676076090286e+00 -2.551134815408369949e+00
3.459372192173139737e+00 -2.569212923242139013e+00
3.539822708270189189e+00 -2.549507680621707628e+00
3.620273224367239528e+00 -2.540903220471976809e+00
3.700723740464288980e+00 -2.566970368204485098e+00
3.781174256561339320e+00 -2.553175066786759650e+00
3.861624772658388771e+00 -2.552465302580011031e+00
3.942075288755438223e+00 -2.574632042981635838e+00
4.022525804852488562e+00 -2.614864908513843567e+00
4.102976320949538014e+00 -2.674942452497321543e+00
4.183426837046588354e+00 -2.696939904931020759e+00
4.263877353143637805e+00 -2.681590137197191304e+00
4.344327869240687257e+00 -2.654143333712903896e+00
4.424778385337737596e+00 -2.631851148775685711e+00
4.505228901434787048e+00 -2.598202954561763534e+00
4.585679417531836499e+00 -2.581182948255198450e+00
4.666129933628886839e+00 -2.613739175149466298e+00
4.746580449725936290e+00 -2.663076357978891195e+00
4.827030965822985742e+00 -2.681994858871632914e+00
4.907481481920036082e+00 -2.675066627943945896e+00
4.987931998017085533e+00 -2.663893849586822959e+00
5.068382514114135873e+00 -2.620477629499565975e+00
5.148833030211185324e+00 -2.591041378080531032e+00
5.229283546308234776e+00 -2.594915823547360390e+00
5.309734062405285115e+00 -2.630002885009900648e+00
5.390184578502334567e+00 -2.647198328254926292e+00
5.470635094599384018e+00 -2.660939794007920689e+00
5.551085610696433470e+00 -2.660514971897598890e+00
5.631536126793483810e+00 -2.635965689320314276e+00
5.711986642890533261e+00 -2.643836433421604681e+00
5.792437158987582713e+00 -2.661429499883808614e+00
5.872887675084633052e+00 -2.678359811184361838e+00
5.953338191181682504e+00 -2.661303962735749540e+00
6.033788707278731955e+00 -2.674596695005400093e+00
6.114239223375781407e+00 -2.702375544903712790e+00
6.194689739472831747e+00 -2.695421749430195302e+00
6.275140255569881198e+00 -2.665144443621856318e+00
6.355590771666931538e+00 -2.691408456541924288e+00
6.436041287763980989e+00 -2.722373430392767357e+00
6.516491803861030441e+00 -2.735558603416097245e+00
6.596942319958079892e+00 -2.736791864674339436e+00
6.677392836055131120e+00 -2.728359264237641302e+00
6.757843352152180572e+00 -2.701207288530227402e+00
6.838293868249230023e+00 -2.698100994953256837e+00
6.918744384346279475e+00 -2.711716798007839824e+00
6.999194900443328926e+00 -2.708475733369659633e+00
7.079645416540378378e+00 -2.689369461749073764e+00
7.160095932637429605e+00 -2.683227665880698165e+00
7.240546448734479057e+00 -2.691094052882865295e+00
7.320996964831528508e+00 -2.705370992744727143e+00
7.401447480928577960e+00 -2.716627990148007932e+00
7.481897997025627411e+00 -2.741408859182234092e+00
7.562348513122678639e+00 -2.758237132322613139e+00
7.642799029219728091e+00 -2.737615507148463578e+00
7.723249545316777542e+00 -2.711826187232321050e+00
7.803700061413826994e+00 -2.697002510208293735e+00
7.884150577510876445e+00 -2.696409587118649753e+00
7.964601093607927673e+00 -2.702075626013455967e+00
8.045051609704977125e+00 -2.721527816247567344e+00
8.125502125802025688e+00 -2.731077881590533440e+00
8.205952641899076028e+00 -2.727890589570762803e+00
8.286403157996124591e+00 -2.732206459581498326e+00
8.366853674093176707e+00 -2.725563161535986101e+00
8.447304190190225270e+00 -2.712002056223540514e+00
8.527754706287275610e+00 -2.691063954501370592e+00
8.608205222384324173e+00 -2.686594128975812623e+00
8.688655738481374513e+00 -2.717759829968224849e+00
8.769106254578423076e+00 -2.800525764468237089e+00
8.849556770675475192e+00 -2.858210218459623420e+00
8.930007286772523756e+00 -2.858833367615668308e+00
9.010457802869574095e+00 -2.824020314895583805e+00
9.090908318966622659e+00 -2.796561690035663794e+00
9.171358835063672998e+00 -2.794148557159821245e+00
9.251809351160723338e+00 -2.803175934778156186e+00
9.332259867257773678e+00 -2.802126356297169441e+00
9.412710383354822241e+00 -2.802615822417043212e+00
9.493160899451872581e+00 -2.830425903645005903e+00
9.573611415548921144e+00 -2.866981690396100291e+00
9.654061931645971484e+00 -2.877735506717848502e+00
9.734512447743021823e+00 -2.877224443394158282e+00
9.814962963840072163e+00 -2.865007645963131733e+00
9.895413479937120727e+00 -2.862207162975990205e+00
9.975863996034171066e+00 -2.874778832866094369e+00
1.005631451213121963e+01 -2.896830281745824909e+00
1.013676502822827175e+01 -2.907354350108817265e+00
1.021721554432532031e+01 -2.896197110411972808e+00
1.029766606042237065e+01 -2.883133625751813423e+00
