0.000000000000000000e+00 -1.549019599857431873e-01
8.045051609704977069e-02 -1.937678486167604408e-01
1.609010321940995414e-01 -5.256973181245995219e-01
2.413515482911492982e-01 -1.123981847308068271e+00
3.218020643881990828e-01 -1.275608095627456917e+00
4.022525804852488118e-01 -1.368159133862639543e+00
4.827030965822985964e-01 -1.536226052013326404e+00
5.631536126793483810e-01 -1.746194864700936433e+00
6.436041287763981655e-01 -2.021359884199920742e+00
7.240546448734478391e-01 -2.245676279249639862e+00
8.045051609704976237e-01 -2.524699831166561825e+00
8.849556770675472972e-01 -2.786916960336643267e+00
9.654061931645971928e-01 -2.871126559796816746e+00
1.045856709261647088e+00 -2.891700575502550219e+00
1.126307225358696762e+00 -2.888026463988416559e+00
1.206757741455746435e+00 -2.878765491531181553e+00
1.287208257552796331e+00 -2.890987633781800348e+00
1.367658773649846005e+00 -2.910510784826958464e+00
1.448109289746895678e+00 -2.855466414350706916e+00
1.528559805843945352e+00 -2.771301522349483015e+00
1.609010321940995247e+00 -2.728063226461593160e+00
1.689460838038045143e+00 -2.724328096509980313e+00
1.769911354135094594e+00 -2.718127102903861392e+00
1.850361870232144490e+00 -2.708402380724363567e+00
1.930812386329194386e+00 -2.708148191961398776e+00
2.011262902426244281e+00 -2.696172911754147972e+00
2.091713418523294177e+00 -2.688327210479042328e+00
2.172163934620343628e+00 -2.667469590396677415e+00
2.252614450717393524e+00 -2.645245620792588070e+00
2.333064966814443419e+00 -2.589127431827982662e+00
2.413515482911492871e+00 -2.544572774906192603e+00
2.493965999008542767e+00 -2.521616308623007008e+00
2.574416515105592662e+00 -2.529435182837740381e+00
2.654867031202642558e+00 -2.547909264482498326e+00
2.735317547299692009e+00 -2.578368805360731653e+00
2.815768063396741905e+00 -2.616755294680909838e+00
2.896218579493791356e+00 -2.618176867650475526e+00
2.976669095590841252e+00 -2.617115515070791876e+00
3.057119611687890703e+00 -2.638011307873795008e+00
3.137570127784940599e+00 -2.660932588331881288e+00
3.218020643881990495e+00 -2.633584460357992096e+00
3.298471159979039946e+00 -2.613762526882027259e+00
3.378921676076090286e+00 -2.626580720032267280e+00
3.459372192173139737e+00 -2.625412124307445527e+00
3.539822708270189189e+00 -2.605585540946212308e+00
3.620273224367239528e+00 -2.623524396198854802e+00
3.700723740464288980e+00 -2.633432303069886515e+00
3.781174256561339320e+00 -2.643939606852754753e+00
3.861624772658388771e+00 -2.644625016572788478e+00
3.942075288755438223e+00 -2.679182499960136798e+00
4.022525804852488562e+00 -2.684247593647419272e+00
4.102976320949538014e+00 -2.662234006749276016e+00
4.183426837046588354e+00 -2.606137551906908545e+00
4.263877353143637805e+00 -2.572726644228450876e+00
4.344327869240687257e+00 -2.601498874791382754e+00
4.424778385337737596e+00 -2.681005172947579229e+00
4.505228901434787048e+00 -2.727252932927762608e+00
4.585679417531836499e+00 -2.715012710663693873e+00
4.666129933628886839e+00 -2.679171737314074875e+00
4.746580449725936290e+00 -2.645262081782425945e+00
4.827030965822985742e+00 -2.602110795436275215e+00
4.907481481920036082e+00 -2.563412350363065251e+00
4.987931998017085533e+00 -2.525199165016020153e+00
5.068382514114135873e+00 -2.533481123588166906e+00
5.148833030211185324e+00 -2.565891618601826352e+00
5.229283546308234776e+00 -2.601891428650604965e+00
5.309734062405285115e+00 -2.608757089537669049e+00
5.390184578502334567e+00 -2.637729031562965343e+00
5.470635094599384018e+00 -2.656535056876038858e+00
5.551085610696433470e+00 -2.678198056307131925e+00
5.631536126793483810e+00 -2.717166005800629058e+00
5.711986642890533261e+00 -2.734948905528211682e+00
5.792437158987582713e+00 -2.721006761945707453e+00
5.872887675084633052e+00 -2.722774851844421473e+00
5.953338191181682504e+00 -2.716338308949575620e+00
6.033788707278731955e+00 -2.673562664756548912e+00
6.114239223375781407e+00 -2.609783012291596371e+00
6.194689739472831747e+00 -2.615960212272782304e+00
6.275140255569881198e+00 -2.623058507803651018e+00
6.355590771666931538e+00 -2.630646244119305699e+00
6.436041287763980989e+00 -2.646667007022335927e+00
6.516491803861030441e+00 -2.668273144492254279e+00
6.596942319958079892e+00 -2.680470488635911863e+00
6.677392836055131120e+00 -2.663750225898240398e+00
6.757843352152180572e+00 -2.653288453595885610e+00
6.838293868249230023e+00 -2.671018647242878519e+00
6.918744384346279475e+00 -2.680652569112918826e+00
6.999194900443328926e+00 -2.681133110833821664e+00
7.079645416540378378e+00 -2.685015884552251375e+00
7.160095932637429605e+00 -2.692610128404775427e+00
7.240546448734479057e+00 -2.715072463381720258e+00
7.320996964831528508e+00 -2.766845245090983951e+00
7.401447480928577960e+00 -2.773380628648314250e+00
7.481897997025627411e+00 -2.752454081079558801e+00
7.562348513122678639e+00 -2.744386782037292694e+00
7.642799029219728091e+00 -2.744036201597511937e+00
7.723249545316777542e+00 -2.777290008980302094e+00
7.803700061413826994e+00 -2.807398049452546562e+00
7.884150577510876445e+00 -2.807236244494656585e+00
7.964601093607927673e+00 -2.791294592102245620e+00
8.045051609704977125e+00 -2.797764002584692378e+00
8.125502125802025688e+00 -2.799165913373450110e+00
8.205952641899076028e+00 -2.779050580350097555e+00
8.286403157996124591e+00 -2.755894683395551326e+00
8.366853674093176707e+00 -2.723212565495396476e+00
8.447304190190225270e+00 -2.720086887348658777e+00
8.527754706287275610e+00 -2.727260900842931157e+00
8.608205222384324173e+00 -2.714471788032715605e+00
8.688655738481374513e+00 -2.707767140264150552e+00
8.769106254578423076e+00 -2.740336456676053523e+00
8.849556770675475192e+00 -2.785737950022945775e+00
8.930007286772523756e+00 -2.801358288407837627e+00
9.010457802869574095e+00 -2.817952951776168113e+00
9.090908318966622659e+00 -2.837975113815693451e+00
9.171358835063672998e+00 -2.839752956747016999e+00
9.251809351160723338e+00 -2.813134720262044919e+00
9.332259867257773678e+00 -2.783723032076615311e+00
9.412710383354822241e+00 -2.786877976777008215e+00
9.493160899451872581e+00 -2.806019542297025104e+00
9.573611415548921144e+00 -2.800682039282114566e+00
9.654061931645971484e+00 -2.797457719359613293e+00
9.734512447743021823e+00 -2.804272094469212107e+00
9.814962963840072163e+00 -2.808300557806240771e+00
9.895413479937120727e+00 -2.787096692498836958e+00
9.975863996034171066e+00 -2.767462311509635065e+00
1.005631451213121963e+01 -2.774751040509363165e+00
1.013676502822827175e+01 -2.795314586523812039e+00
1.021721554432532031e+01 -2.824544240446304144e+00
1.029766606042237065e+01 -2.839584808500519753e+00
