0.000000000000000000e+00 -1.549019599857431873e-01
8.045051609704977069e-02 -3.796245825007349417e-01
1.609010321940995414e-01 -1.030906250910099020e+00
2.413515482911492982e-01 -1.982403171782878726e+00
3.218020643881990828e-01 -2.162961523908748074e+00
4.022525804852488118e-01 -2.546958316929746058e+00
4.827030965822985964e-01 -2.928469073771605036e+00
5.631536126793483810e-01 -3.224875811685285143e+00
6.436041287763981655e-01 -3.569828137144601676e+00
7.240546448734478391e-01 -4.170054172921052960e+00
8.045051609704976237e-01 -5.017077030580973762e+00
8.849556770675472972e-01 -5.751999803551608892e+00
9.654061931645971928e-01 -6.025161699705100737e+00
1.045856709261647088e+00 -5.944251118656532995e+00
1.126307225358696762e+00 -5.742855154213150293e+00
1.206757741455746435e+00 -5.541419268668648535e+00
1.287208257552796331e+00 -5.257672375791121233e+00
1.367658773649846005e+00 -5.078159600589217781e+00
1.448109289746895678e+00 -5.123015597968919366e+00
1.528559805843945352e+00 -5.347538657089479841e+00
1.609010321940995247e+00 -5.602758392484354033e+00
1.689460838038045143e+00 -5.658461559247021988e+00
1.769911354135094594e+00 -5.484396528659801540e+00
1.850361870232144490e+00 -5.438701178142565595e+00
1.930812386329194386e+00 -5.568393616605216145e+00
2.011262902426244281e+00 -5.625414207744546147e+00
2.091713418523294177e+00 -5.452496059969340614e+00
2.172163934620343628e+00 -5.314374746237959357e+00
2.252614450717393524e+00 -5.322626040117008905e+00
2.333064966814443419e+00 -5.402876877391535437e+00
2.413515482911492871e+00 -5.371310083406370950e+00
2.493965999008542767e+00 -5.337892657260850271e+00
2.574416515105592662e+00 -5.292575767080254678e+00
2.654867031202642558e+00 -5.256785597677396282e+00
2.735317547299692009e+00 -5.195876782971201813e+00
2.815768063396741905e+00 -5.121123888171403848e+00
2.896218579493791356e+00 -5.103299389925734175e+00
2.976669095590841252e+00 -5.169139040418937014e+00
3.057119611687890703e+00 -5.196339001076133002e+00
3.137570127784940599e+00 -5.220200919355429292e+00
3.218020643881990495e+00 -5.199015927917294277e+00
3.298471159979039946e+00 -5.230875496665448487e+00
3.378921676076090286e+00 -5.184961899776568295e+00
3.459372192173139737e+00 -5.102776927326010181e+00
3.539822708270189189e+00 -5.030771391870434428e+00
3.620273224367239528e+00 -5.057650931857691212e+00
3.700723740464288980e+00 -5.161578068598880797e+00
3.781174256561339320e+00 -5.289033342603468135e+00
3.861624772658388771e+00 -5.296460719932982286e+00
3.942075288755438223e+00 -5.262627311673222508e+00
4.022525804852488562e+00 -5.242759612922808010e+00
4.102976320949538014e+00 -5.265585934918783018e+00
4.183426837046588354e+00 -5.306468297290963143e+00
4.263877353143637805e+00 -5.325064368070218990e+00
4.344327869240687257e+00 -5.290055270479612659e+00
4.424778385337737596e+00 -5.307496724859463555e+00
4.505228901434787048e+00 -5.338780878998139912e+00
4.585679417531836499e+00 -5.308905346548447035e+00
4.666129933628886839e+00 -5.266342907251940986e+00
4.746580449725936290e+00 -5.276808424422136490e+00
4.827030965822985742e+00 -5.253222828644454445e+00
4.907481481920036082e+00 -5.222358582420921991e+00
4.987931998017085533e+00 -5.287899391578783970e+00
5.068382514114135873e+00 -5.401842346758628288e+00
5.148833030211185324e+00 -5.368104865764940392e+00
5.229283546308234776e+00 -5.332989266931239314e+00
5.309734062405285115e+00 -5.312160152689588521e+00
5.390184578502334567e+00 -5.340667210464957293e+00
5.470635094599384018e+00 -5.344061743512598106e+00
5.551085610696433470e+00 -5.310206383946391107e+00
5.631536126793483810e+00 -5.294554215707035105e+00
5.711986642890533261e+00 -5.291068120122036866e+00
5.792437158987582713e+00 -5.313399987676763914e+00
5.872887675084633052e+00 -5.388464411393999676e+00
5.953338191181682504e+00 -5.418800940253460929e+00
6.033788707278731955e+00 -5.348055107003385267e+00
6.114239223375781407e+00 -5.337261381320900000e+00
6.194689739472831747e+00 -5.363550037279032345e+00
6.275140255569881198e+00 -5.389809047566665789e+00
6.355590771666931538e+00 -5.361723152895950584e+00
6.436041287763980989e+00 -5.329007544122797313e+00
6.516491803861030441e+00 -5.393693245776539413e+00
6.596942319958079892e+00 -5.445902456571314332e+00
6.677392836055131120e+00 -5.447637555267351495e+00
6.757843352152180572e+00 -5.407964273645834652e+00
6.838293868249230023e+00 -5.407806750954315511e+00
6.918744384346279475e+00 -5.415440722912751248e+00
6.999194900443328926e+00 -5.401870389291572927e+00
7.079645416540378378e+00 -5.388714173144031783e+00
7.160095932637429605e+00 -5.427681734332796104e+00
7.240546448734479057e+00 -5.490275830146551073e+00
7.320996964831528508e+00 -5.543754125723657111e+00
7.401447480928577960e+00 -5.544696267411568513e+00
7.481897997025627411e+00 -5.485333280541883738e+00
7.562348513122678639e+00 -5.440214550433337237e+00
7.642799029219728091e+00 -5.457912073389950436e+00
7.723249545316777542e+00 -5.477462215561154757e+00
7.803700061413826994e+00 -5.464871266692793661e+00
7.884150577510876445e+00 -5.441148398330174274e+00
7.964601093607927673e+00 -5.417697399707445349e+00
8.045051609704977125e+00 -5.399444807104898381e+00
8.125502125802025688e+00 -5.407726311050925716e+00
8.205952641899076028e+00 -5.413110122821779058e+00
8.286403157996124591e+00 -5.419163188968186162e+00
8.366853674093176707e+00 -5.391377386679919503e+00
8.447304190190225270e+00 -5.398252154737978259e+00
8.527754706287275610e+00 -5.477374086085631255e+00
8.608205222384324173e+00 -5.555212083188635575e+00
8.688655738481374513e+00 -5.550604845589774961e+00
8.769106254578423076e+00 -5.537947517722423108e+00
8.849556770675475192e+00 -5.520708879876803366e+00
8.930007286772523756e+00 -5.521782020455278328e+00
9.010457802869574095e+00 -5.546879792958314681e+00
9.090908318966622659e+00 -5.543791742565638003e+00
9.171358835063672998e+00 -5.572650280232680053e+00
9.251809351160723338e+00 -5.634526990269073110e+00
9.332259867257773678e+00 -5.601569504598171712e+00
9.412710383354822241e+00 -5.562557018752279703e+00
9.493160899451872581e+00 -5.572435526549121221e+00
9.573611415548921144e+00 -5.602389788921890990e+00
9.654061931645971484e+00 -5.570063961610231651e+00
9.734512447743021823e+00 -5.517985933808347454e+00
9.814962963840072163e+00 -5.550810879706278733e+00
9.895413479937120727e+00 -5.600801575593066239e+00
9.975863996034171066e+00 -5.625650107154391399e+00
1.005631451213121963e+01 -5.657163654106973638e+00
1.013676502822827175e+01 -5.664867086193251744e+00
1.021721554432532031e+01 -5.649879431293665100e+00
1.029766606042237065e+01 -5.643995181466079814e+00
