0.000000000000000000e+00 -1.549019599857431873e-01
8.045051609704977069e-02 -1.889254503535804375e-01
1.609010321940995414e-01 -4.731502830391243197e-01
2.413515482911492982e-01 -9.775295588477767028e-01
3.218020643881990828e-01 -1.170529662953340377e+00
4.022525804852488118e-01 -1.356120772055135815e+00
4.827030965822985964e-01 -1.645371660490114074e+00
5.631536126793483810e-01 -1.891510426833841851e+00
6.436041287763981655e-01 -2.077984129452702167e+00
7.240546448734478391e-01 -2.386078973335531206e+00
8.045051609704976237e-01 -2.671733923797883214e+00
8.849556770675472972e-01 -2.820216657119865022e+00
9.654061931645971928e-01 -2.894810018983518862e+00
1.045856709261647088e+00 -2.898198401858636863e+00
1.126307225358696762e+00 -2.830279496230266645e+00
1.206757741455746435e+00 -2.787354453674985688e+00
1.287208257552796331e+00 -2.814523118711485417e+00
1.367658773649846005e+00 -2.873933941283203453e+00
1.448109289746895678e+00 -2.859121719049296573e+00
1.528559805843945352e+00 -2.818187862454116122e+00
1.609010321940995247e+00 -2.783000281140548537e+00
1.689460838038045143e+00 -2.793409820104058028e+00
1.769911354135094594e+00 -2.813103968727401316e+00
1.850361870232144490e+00 -2.834868968497378461e+00
1.930812386329194386e+00 -2.837350796614892978e+00
2.011262902426244281e+00 -2.814559030211817525e+00
2.091713418523294177e+00 -2.775201809697683597e+00
2.172163934620343628e+00 -2.743609426672696916e+00
2.252614450717393524e+00 -2.735867743310341993e+00
2.333064966814443419e+00 -2.743824094762270072e+00
2.413515482911492871e+00 -2.752101876145458537e+00
2.493965999008542767e+00 -2.717353135080370574e+00
2.574416515105592662e+00 -2.693141634031506193e+00
2.654867031202642558e+00 -2.670781134827147518e+00
2.735317547299692009e+00 -2.645474861720161108e+00
2.815768063396741905e+00 -2.659995447299475568e+00
2.896218579493791356e+00 -2.665993206124876114e+00
2.976669095590841252e+00 -2.658660703434729822e+00
3.057119611687890703e+00 -2.639196222294000638e+00
3.137570127784940599e+00 -2.631031987304196296e+00
3.218020643881990495e+00 -2.622273208032232628e+00
3.298471159979039946e+00 -2.623944773053660029e+00
3.378921676076090286e+00 -2.623436351291345670e+00
3.459372192173139737e+00 -2.610905409766049345e+00
3.539822708270189189e+00 -2.587373382859521342e+00
3.620273224367239528e+00 -2.572163325876767548e+00
3.700723740464288980e+00 -2.559507678623984983e+00
3.781174256561339320e+00 -2.569090600565187010e+00
3.861624772658388771e+00 -2.558717402562380450e+00
3.942075288755438223e+00 -2.567824789615049674e+00
4.022525804852488562e+00 -2.599585004795616161e+00
4.102976320949538014e+00 -2.618660937363448848e+00
4.183426837046588354e+00 -2.594708671461298799e+00
4.263877353143637805e+00 -2.559728376602173228e+00
4.344327869240687257e+00 -2.556276542533669094e+00
4.424778385337737596e+00 -2.591861302369477649e+00
4.505228901434787048e+00 -2.627427329923988975e+00
4.585679417531836499e+00 -2.660805695695357187e+00
4.666129933628886839e+00 -2.665135144903091557e+00
4.746580449725936290e+00 -2.662277528660229819e+00
4.827030965822985742e+00 -2.646428906630763134e+00
4.907481481920036082e+00 -2.640248611081015717e+00
4.987931998017085533e+00 -2.628920600543415365e+00
5.068382514114135873e+00 -2.619262169552548869e+00
5.148833030211185324e+00 -2.623942872171555862e+00
5.229283546308234776e+00 -2.640428000537850206e+00
5.309734062405285115e+00 -2.683245805524085092e+00
5.390184578502334567e+00 -2.720078516864160356e+00
5.470635094599384018e+00 -2.729549629610033001e+00
5.551085610696433470e+00 -2.712655946303256904e+00
5.631536126793483810e+00 -2.711350948791196647e+00
5.711986642890533261e+00 -2.722165520140323647e+00
5.792437158987582713e+00 -2.720512565175063013e+00
5.872887675084633052e+00 -2.693668161791782811e+00
5.953338191181682504e+00 -2.681569796247400550e+00
6.033788707278731955e+00 -2.679029724804881329e+00
6.114239223375781407e+00 -2.659553424825261914e+00
6.194689739472831747e+00 -2.677503946812308744e+00
6.275140255569881198e+00 -2.698393192711369792e+00
6.355590771666931538e+00 -2.695733419744304360e+00
6.436041287763980989e+00 -2.681073248357116690e+00
6.516491803861030441e+00 -2.670929141042765576e+00
6.596942319958079892e+00 -2.672969648191558800e+00
6.677392836055131120e+00 -2.676007769005265491e+00
6.757843352152180572e+00 -2.667409637681445123e+00
6.838293868249230023e+00 -2.665103086064852800e+00
6.918744384346279475e+00 -2.653811250134626931e+00
6.999194900443328926e+00 -2.654627734091363767e+00
7.079645416540378378e+00 -2.692249182330651802e+00
7.160095932637429605e+00 -2.715040829460448890e+00
7.240546448734479057e+00 -2.717275861861097486e+00
7.320996964831528508e+00 -2.706667555512664691e+00
7.401447480928577960e+00 -2.665414302298813709e+00
7.481897997025627411e+00 -2.675374051643047757e+00
7.562348513122678639e+00 -2.699431275252942353e+00
7.642799029219728091e+00 -2.703308216676706177e+00
7.723249545316777542e+00 -2.694387860711388694e+00
7.803700061413826994e+00 -2.695464556884752394e+00
7.884150577510876445e+00 -2.711614541899936004e+00
7.964601093607927673e+00 -2.724812347620773068e+00
8.045051609704977125e+00 -2.737947184936068368e+00
8.125502125802025688e+00 -2.762098536364791190e+00
8.205952641899076028e+00 -2.779521878698146597e+00
8.286403157996124591e+00 -2.770515813032578656e+00
8.366853674093176707e+00 -2.733606467116791450e+00
8.447304190190225270e+00 -2.735867033600292597e+00
8.527754706287275610e+00 -2.757049543746152853e+00
8.608205222384324173e+00 -2.757929868190167610e+00
8.688655738481374513e+00 -2.747134055530501939e+00
8.769106254578423076e+00 -2.751763833244516455e+00
8.849556770675475192e+00 -2.781881304541844901e+00
8.930007286772523756e+00 -2.776857548929322128e+00
9.010457802869574095e+00 -2.768383446140187942e+00
9.090908318966622659e+00 -2.763639771752974816e+00
9.171358835063672998e+00 -2.743097990639311146e+00
9.251809351160723338e+00 -2.720697592047379043e+00
9.332259867257773678e+00 -2.730194511484071107e+00
9.412710383354822241e+00 -2.743311594840320389e+00
9.493160899451872581e+00 -2.741705858717797817e+00
9.573611415548921144e+00 -2.753284922468934415e+00
9.654061931645971484e+00 -2.786855449693577125e+00
9.734512447743021823e+00 -2.797858757212962733e+00
9.814962963840072163e+00 -2.790641067158392108e+00
9.895413479937120727e+00 -2.791364502642260437e+00
9.975863996034171066e+00 -2.779697366448939722e+00
1.005631451213121963e+01 -2.771191996571918725e+00
1.013676502822827175e+01 -2.780482851725537330e+00
1.021721554432532031e+01 -2.777790771555403548e+00
1.029766606042237065e+01 -2.775473025998649312e+00
