0.000000000000000000e+00 -1.549019599857431873e-01
8.045051609704977069e-02 -1.973177135937337068e-01
1.609010321940995414e-01 -5.998371573295594450e-01
2.413515482911492982e-01 -2.629888403025087307e+00
3.218020643881990828e-01 -3.625767365116966179e+00
4.022525804852488118e-01 -3.251161208971389271e+00
4.827030965822985964e-01 -3.215661570637611266e+00
5.631536126793483810e-01 -3.325283350032967711e+00
6.436041287763981655e-01 -3.487830594128161543e+00
7.240546448734478391e-01 -3.568379384636517937e+00
8.045051609704976237e-01 -3.652181109218000099e+00
8.849556770675472972e-01 -3.731554006193237516e+00
9.654061931645971928e-01 -3.697926381383609407e+00
1.045856709261647088e+00 -3.664551497443484518e+00
1.126307225358696762e+00 -3.675742941010297304e+00
1.206757741455746435e+00 -3.703595196626990660e+00
1.287208257552796331e+00 -3.650281346185177522e+00
1.367658773649846005e+00 -3.551570746073121843e+00
1.448109289746895678e+00 -3.491845381435506823e+00
1.528559805843945352e+00 -3.449939628814741699e+00
1.609010321940995247e+00 -3.417275739933881340e+00
1.689460838038045143e+00 -3.372504103308470835e+00
1.769911354135094594e+00 -3.361600159115902819e+00
1.850361870232144490e+00 -3.339849012344423773e+00
1.930812386329194386e+00 -3.302298787992185680e+00
2.011262902426244281e+00 -3.274174019369086253e+00
2.091713418523294177e+00 -3.281410008809876988e+00
2.172163934620343628e+00 -3.287151356527032053e+00
2.252614450717393524e+00 -3.314251258748091900e+00
2.333064966814443419e+00 -3.366571844452092233e+00
2.413515482911492871e+00 -3.391118684030923980e+00
2.493965999008542767e+00 -3.356262915211938314e+00
2.574416515105592662e+00 -3.320032239977273925e+00
2.654867031202642558e+00 -3.341072870822884067e+00
2.735317547299692009e+00 -3.337534264389432792e+00
2.815768063396741905e+00 -3.315921530081329838e+00
2.896218579493791356e+00 -3.299992162607435553e+00
2.976669095590841252e+00 -3.290988124101632550e+00
3.057119611687890703e+00 -3.310054006905964297e+00
3.137570127784940599e+00 -3.333752871546479479e+00
3.218020643881990495e+00 -3.322452741854829306e+00
3.298471159979039946e+00 -3.353999329758388548e+00
3.378921676076090286e+00 -3.375397552334586493e+00
3.459372192173139737e+00 -3.358476840283925124e+00
3.539822708270189189e+00 -3.335921033654999146e+00
3.620273224367239528e+00 -3.335735725463419676e+00
3.700723740464288980e+00 -3.341265017923537251e+00
3.781174256561339320e+00 -3.354086117833403602e+00
3.861624772658388771e+00 -3.353957723813406400e+00
3.942075288755438223e+00 -3.343798136064089377e+00
4.022525804852488562e+00 -3.345325857629226185e+00
4.102976320949538014e+00 -3.360023658438519689e+00
4.183426837046588354e+00 -3.361310049631454078e+00
4.263877353143637805e+00 -3.339163704516745046e+00
4.344327869240687257e+00 -3.322279288641017292e+00
4.424778385337737596e+00 -3.337516771704637453e+00
4.505228901434787048e+00 -3.333670451383347721e+00
4.585679417531836499e+00 -3.302847619583231253e+00
4.666129933628886839e+00 -3.291152179140542700e+00
4.746580449725936290e+00 -3.298375700854236925e+00
4.827030965822985742e+00 -3.362532082490217178e+00
4.907481481920036082e+00 -3.393745170600459105e+00
4.987931998017085533e+00 -3.395935835676103132e+00
5.068382514114135873e+00 -3.384626644607189316e+00
5.148833030211185324e+00 -3.355038547508974567e+00
5.229283546308234776e+00 -3.331271556036062620e+00
5.309734062405285115e+00 -3.320568129758738607e+00
5.390184578502334567e+00 -3.336243109354439795e+00
5.470635094599384018e+00 -3.357780768334218457e+00
5.551085610696433470e+00 -3.364419885868392246e+00
5.631536126793483810e+00 -3.377715774873472743e+00
5.711986642890533261e+00 -3.395182124042155358e+00
5.792437158987582713e+00 -3.405540687305808056e+00
5.872887675084633052e+00 -3.381514738801029374e+00
5.953338191181682504e+00 -3.345436465286184102e+00
6.033788707278731955e+00 -3.355629827538622489e+00
6.114239223375781407e+00 -3.386302970150226077e+00
6.194689739472831747e+00 -3.407597667481343073e+00
6.275140255569881198e+00 -3.409758628692891147e+00
6.355590771666931538e+00 -3.417037772357541581e+00
6.436041287763980989e+00 -3.407558203388813212e+00
6.516491803861030441e+00 -3.407545095389324263e+00
6.596942319958079892e+00 -3.400533648713455648e+00
6.677392836055131120e+00 -3.375365823256457620e+00
6.757843352152180572e+00 -3.347360301433454310e+00
6.838293868249230023e+00 -3.347127743439433534e+00
6.918744384346279475e+00 -3.370698434065752647e+00
6.999194900443328926e+00 -3.393813500028018737e+00
7.079645416540378378e+00 -3.423123312075814439e+00
7.160095932637429605e+00 -3.421015551232996277e+00
7.240546448734479057e+00 -3.391400786843526305e+00
7.320996964831528508e+00 -3.382592470381101890e+00
7.401447480928577960e+00 -3.382720046878229248e+00
7.481897997025627411e+00 -3.351846274757570576e+00
7.562348513122678639e+00 -3.328016863017572380e+00
7.642799029219728091e+00 -3.348858929353852876e+00
7.723249545316777542e+00 -3.391279833736355886e+00
7.803700061413826994e+00 -3.418154005170507936e+00
7.884150577510876445e+00 -3.434195496863604369e+00
7.964601093607927673e+00 -3.448337955889390738e+00
8.045051609704977125e+00 -3.439897248369081506e+00
8.125502125802025688e+00 -3.410613577293561072e+00
8.205952641899076028e+00 -3.414500033283126346e+00
8.286403157996124591e+00 -3.440050347581439905e+00
8.366853674093176707e+00 -3.470047521558327297e+00
8.447304190190225270e+00 -3.480347686336967339e+00
8.527754706287275610e+00 -3.468017453928845750e+00
8.608205222384324173e+00 -3.448855227668432111e+00
8.688655738481374513e+00 -3.441571175058592669e+00
8.769106254578423076e+00 -3.448133089931158857e+00
8.849556770675475192e+00 -3.431100164813645659e+00
8.930007286772523756e+00 -3.434544588822897371e+00
9.010457802869574095e+00 -3.449898494196719678e+00
9.090908318966622659e+00 -3.460061739789806801e+00
9.171358835063672998e+00 -3.469991791631431344e+00
9.251809351160723338e+00 -3.494517385235258899e+00
9.332259867257773678e+00 -3.513132798105673249e+00
9.412710383354822241e+00 -3.512929293034402711e+00
9.493160899451872581e+00 -3.500845675499519860e+00
9.573611415548921144e+00 -3.487548127177046542e+00
9.654061931645971484e+00 -3.486456940514583991e+00
9.734512447743021823e+00 -3.464752743778623856e+00
9.814962963840072163e+00 -3.475147410275223780e+00
9.895413479937120727e+00 -3.515815526889641607e+00
9.975863996034171066e+00 -3.535922730717502738e+00
1.005631451213121963e+01 -3.528682650089627337e+00
1.013676502822827175e+01 -3.524725543431100672e+00
1.021721554432532031e+01 -3.531520727366638468e+00
1.029766606042237065e+01 -3.532579507638129002e+00
