0.000000000000000000e+00 -1.549019599857431873e-01
8.045051609704977069e-02 -2.122490826041210088e-01
1.609010321940995414e-01 -6.087562996386931546e-01
2.413515482911492982e-01 -2.645291894142583367e+00
3.218020643881990828e-01 -3.472310321033007963e+00
4.022525804852488118e-01 -3.253051199980200092e+00
4.827030965822985964e-01 -3.266126457757498880e+00
5.631536126793483810e-01 -3.302758991950139222e+00
6.436041287763981655e-01 -3.398155224303267108e+00
7.240546448734478391e-01 -3.436839949213060574e+00
8.045051609704976237e-01 -3.532817278726801735e+00
8.849556770675472972e-01 -3.640483075619083575e+00
9.654061931645971928e-01 -3.730653090661429694e+00
1.045856709261647088e+00 -3.753667077752607995e+00
1.126307225358696762e+00 -3.697334215459217255e+00
1.206757741455746435e+00 -3.612852852428189987e+00
1.287208257552796331e+00 -3.541030455850769698e+00
1.367658773649846005e+00 -3.541895616041057071e+00
1.448109289746895678e+00 -3.567827562665574881e+00
1.528559805843945352e+00 -3.578228573085621367e+00
1.609010321940995247e+00 -3.573412132839912658e+00
1.689460838038045143e+00 -3.529218303036345095e+00
1.769911354135094594e+00 -3.455311710913408163e+00
1.850361870232144490e+00 -3.409121653437639843e+00
1.930812386329194386e+00 -3.387246988002615478e+00
2.011262902426244281e+00 -3.384817207992725674e+00
2.091713418523294177e+00 -3.372672280073846007e+00
2.172163934620343628e+00 -3.353449152141741774e+00
2.252614450717393524e+00 -3.285635501724755159e+00
2.333064966814443419e+00 -3.228030708828105944e+00
2.413515482911492871e+00 -3.241561422597223796e+00
2.493965999008542767e+00 -3.259691345321896527e+00
2.574416515105592662e+00 -3.293392681140846712e+00
2.654867031202642558e+00 -3.345848371741868110e+00
2.735317547299692009e+00 -3.338043564665965413e+00
2.815768063396741905e+00 -3.323914542466273048e+00
2.896218579493791356e+00 -3.369811060244497281e+00
2.976669095590841252e+00 -3.404204055761243630e+00
3.057119611687890703e+00 -3.373761241291199475e+00
3.137570127784940599e+00 -3.346889011007655679e+00
3.218020643881990495e+00 -3.339028829499451678e+00
3.298471159979039946e+00 -3.322981637225651319e+00
3.378921676076090286e+00 -3.301295578318708568e+00
3.459372192173139737e+00 -3.307102733813701789e+00
3.539822708270189189e+00 -3.349915494327273979e+00
3.620273224367239528e+00 -3.380907906785525441e+00
3.700723740464288980e+00 -3.362797700497009767e+00
3.781174256561339320e+00 -3.323506315066951267e+00
3.861624772658388771e+00 -3.296315442572431476e+00
3.942075288755438223e+00 -3.322336378088759368e+00
4.022525804852488562e+00 -3.353779735851826871e+00
4.102976320949538014e+00 -3.371661445190189177e+00
4.183426837046588354e+00 -3.354350282138623740e+00
4.263877353143637805e+00 -3.325949645957513745e+00
4.344327869240687257e+00 -3.331760298662266084e+00
4.424778385337737596e+00 -3.347796842057070510e+00
4.505228901434787048e+00 -3.322303970461226719e+00
4.585679417531836499e+00 -3.319914158277871508e+00
4.666129933628886839e+00 -3.355464157437460848e+00
4.746580449725936290e+00 -3.415421438842101143e+00
4.827030965822985742e+00 -3.430376049771554303e+00
4.907481481920036082e+00 -3.401674949802796721e+00
4.987931998017085533e+00 -3.353516164679311018e+00
5.068382514114135873e+00 -3.342113319596720533e+00
5.148833030211185324e+00 -3.365610715066323699e+00
5.229283546308234776e+00 -3.406370465387310364e+00
5.309734062405285115e+00 -3.386988289853623435e+00
5.390184578502334567e+00 -3.354642543432248658e+00
5.470635094599384018e+00 -3.335620717632750143e+00
5.551085610696433470e+00 -3.314942304497004333e+00
5.631536126793483810e+00 -3.312956172507644403e+00
5.711986642890533261e+00 -3.338103853171314306e+00
5.792437158987582713e+00 -3.386247377304778539e+00
5.872887675084633052e+00 -3.421553485958156671e+00
5.953338191181682504e+00 -3.411571693711512587e+00
6.033788707278731955e+00 -3.402038815592040244e+00
6.114239223375781407e+00 -3.406960255605603560e+00
6.194689739472831747e+00 -3.420815736528795448e+00
6.275140255569881198e+00 -3.423562052896114594e+00
6.355590771666931538e+00 -3.439451034981951150e+00
6.436041287763980989e+00 -3.454657200543762130e+00
6.516491803861030441e+00 -3.447840432532505606e+00
6.596942319958079892e+00 -3.421039454483421949e+00
6.677392836055131120e+00 -3.397624443146190831e+00
6.757843352152180572e+00 -3.418445691134205600e+00
6.838293868249230023e+00 -3.417577280511240545e+00
6.918744384346279475e+00 -3.381996617374920522e+00
6.999194900443328926e+00 -3.372407804811964116e+00
7.079645416540378378e+00 -3.405023325739295892e+00
7.160095932637429605e+00 -3.438779467801430734e+00
7.240546448734479057e+00 -3.453061297263836593e+00
7.320996964831528508e+00 -3.438863771678515757e+00
7.401447480928577960e+00 -3.444928771534948364e+00
7.481897997025627411e+00 -3.453056125965148215e+00
7.562348513122678639e+00 -3.466918929030207597e+00
7.642799029219728091e+00 -3.462896178117746082e+00
7.723249545316777542e+00 -3.447891662800316670e+00
7.803700061413826994e+00 -3.445616462479296871e+00
7.884150577510876445e+00 -3.469825746952624801e+00
7.964601093607927673e+00 -3.480924723153011158e+00
8.045051609704977125e+00 -3.465001067121175726e+00
8.125502125802025688e+00 -3.487112547424936260e+00
8.205952641899076028e+00 -3.509524677723641073e+00
8.286403157996124591e+00 -3.508325634821807260e+00
8.366853674093176707e+00 -3.494544894498978316e+00
8.447304190190225270e+00 -3.491545474965420670e+00
8.527754706287275610e+00 -3.479128230770868857e+00
8.608205222384324173e+00 -3.477849078498731039e+00
8.688655738481374513e+00 -3.475829166827300476e+00
8.769106254578423076e+00 -3.480672974323348434e+00
8.849556770675475192e+00 -3.480013819896262461e+00
8.930007286772523756e+00 -3.472241836036249918e+00
9.010457802869574095e+00 -3.487442744268081984e+00
9.090908318966622659e+00 -3.516548862522794749e+00
9.171358835063672998e+00 -3.526446528543643044e+00
9.251809351160723338e+00 -3.534653392656183613e+00
9.332259867257773678e+00 -3.524410720050423329e+00
9.412710383354822241e+00 -3.513992140416938970e+00
9.493160899451872581e+00 -3.510756109244835610e+00
9.573611415548921144e+00 -3.516874612533548383e+00
9.654061931645971484e+00 -3.503766140513202565e+00
9.734512447743021823e+00 -3.489836786661673518e+00
9.814962963840072163e+00 -3.494927095028189434e+00
9.895413479937120727e+00 -3.513845815613413581e+00
9.975863996034171066e+00 -3.527915280396952014e+00
1.005631451213121963e+01 -3.546011355350933592e+00
1.013676502822827175e+01 -3.573532435264180407e+00
1.021721554432532031e+01 -3.573034930428392375e+00
1.029766606042237065e+01 -3.562601715800871371e+00
