0.000000000000000000e+00 -1.549019599857431873e-01
8.045051609704977069e-02 -2.056972765039251916e-01
1.609010321940995414e-01 -5.465816223587250944e-01
2.413515482911492982e-01 -2.350317141592445314e+00
3.218020643881990828e-01 -3.639898236156380307e+00
4.022525804852488118e-01 -3.665819780614251400e+00
4.827030965822985964e-01 -3.486489865561611889e+00
5.631536126793483810e-01 -3.486262460572491229e+00
6.436041287763981655e-01 -3.416428414941168779e+00
7.240546448734478391e-01 -3.345419742636694060e+00
8.045051609704976237e-01 -3.400322021281259488e+00
8.849556770675472972e-01 -3.572291976123978419e+00
9.654061931645971928e-01 -3.672976019230276723e+00
1.045856709261647088e+00 -3.664023730377718557e+00
1.126307225358696762e+00 -3.696890788139360673e+00
1.206757741455746435e+00 -3.738730028778762815e+00
1.287208257552796331e+00 -3.700772721361608841e+00
1.367658773649846005e+00 -3.640837744841737944e+00
1.448109289746895678e+00 -3.583124417595397571e+00
1.528559805843945352e+00 -3.542478300780068867e+00
1.609010321940995247e+00 -3.496812945351067015e+00
1.689460838038045143e+00 -3.505661783616865979e+00
1.769911354135094594e+00 -3.460765293965283984e+00
1.850361870232144490e+00 -3.385086024810407324e+00
1.930812386329194386e+00 -3.342208423997183431e+00
2.011262902426244281e+00 -3.315332802592290573e+00
2.091713418523294177e+00 -3.298018022403045535e+00
2.172163934620343628e+00 -3.283590373308779231e+00
2.252614450717393524e+00 -3.277341303134370332e+00
2.333064966814443419e+00 -3.261643362441891014e+00
2.413515482911492871e+00 -3.276373929928858342e+00
2.493965999008542767e+00 -3.328366099290701818e+00
2.574416515105592662e+00 -3.375251080926052083e+00
2.654867031202642558e+00 -3.393614558241203838e+00
2.735317547299692009e+00 -3.387241051183257134e+00
2.815768063396741905e+00 -3.358563213201923414e+00
2.896218579493791356e+00 -3.320329143346133716e+00
2.976669095590841252e+00 -3.304627596200749640e+00
3.057119611687890703e+00 -3.292064257662420168e+00
3.137570127784940599e+00 -3.271543022351749652e+00
3.218020643881990495e+00 -3.270934176843090402e+00
3.298471159979039946e+00 -3.287180434024248310e+00
3.378921676076090286e+00 -3.337875365639887626e+00
3.459372192173139737e+00 -3.359002453518004305e+00
3.539822708270189189e+00 -3.353516322614461309e+00
3.620273224367239528e+00 -3.341841796595849789e+00
3.700723740464288980e+00 -3.331628917314135130e+00
3.781174256561339320e+00 -3.364337549435556518e+00
3.861624772658388771e+00 -3.386135412983758641e+00
3.942075288755438223e+00 -3.395985080543578505e+00
4.022525804852488562e+00 -3.369004025770552246e+00
4.102976320949538014e+00 -3.337016942818346266e+00
4.183426837046588354e+00 -3.332617132352588385e+00
4.263877353143637805e+00 -3.336269666233409037e+00
4.344327869240687257e+00 -3.341295816796360452e+00
4.424778385337737596e+00 -3.356421738986468117e+00
4.505228901434787048e+00 -3.311507038481119825e+00
4.585679417531836499e+00 -3.276316258238268997e+00
4.666129933628886839e+00 -3.305923898901354629e+00
4.746580449725936290e+00 -3.355232470271012790e+00
4.827030965822985742e+00 -3.377692259552548926e+00
4.907481481920036082e+00 -3.393132987404036349e+00
4.987931998017085533e+00 -3.416328116431907258e+00
5.068382514114135873e+00 -3.431020375253399202e+00
5.148833030211185324e+00 -3.420377030911587735e+00
5.229283546308234776e+00 -3.379438235455899608e+00
5.309734062405285115e+00 -3.366892116783971378e+00
5.390184578502334567e+00 -3.383432858009248534e+00
5.470635094599384018e+00 -3.399904077431007643e+00
5.551085610696433470e+00 -3.388720244835417894e+00
5.631536126793483810e+00 -3.370169588369893887e+00
5.711986642890533261e+00 -3.361269915442028022e+00
5.792437158987582713e+00 -3.360885077885197081e+00
5.872887675084633052e+00 -3.382692437911279271e+00
5.953338191181682504e+00 -3.387209251104690289e+00
6.033788707278731955e+00 -3.349623264449161919e+00
6.114239223375781407e+00 -3.309070768678055163e+00
6.194689739472831747e+00 -3.316760833996531765e+00
6.275140255569881198e+00 -3.328393873057341690e+00
6.355590771666931538e+00 -3.326217046908093167e+00
6.436041287763980989e+00 -3.333080236869609969e+00
6.516491803861030441e+00 -3.367992161625583680e+00
6.596942319958079892e+00 -3.394929892036824270e+00
6.677392836055131120e+00 -3.380366943635487953e+00
6.757843352152180572e+00 -3.356373028277217951e+00
6.838293868249230023e+00 -3.343744843581663684e+00
6.918744384346279475e+00 -3.348311842234581448e+00
6.999194900443328926e+00 -3.370266077300734686e+00
7.079645416540378378e+00 -3.378164887899979263e+00
7.160095932637429605e+00 -3.360468086445826064e+00
7.240546448734479057e+00 -3.341807833682975293e+00
7.320996964831528508e+00 -3.342364492025704958e+00
7.401447480928577960e+00 -3.354071387353442901e+00
7.481897997025627411e+00 -3.350981227345164015e+00
7.562348513122678639e+00 -3.356809532428409515e+00
7.642799029219728091e+00 -3.371391781054237757e+00
7.723249545316777542e+00 -3.392483669171327154e+00
7.803700061413826994e+00 -3.413277757673768065e+00
7.884150577510876445e+00 -3.450457785823741741e+00
7.964601093607927673e+00 -3.455677154477751589e+00
8.045051609704977125e+00 -3.447760631842390122e+00
8.125502125802025688e+00 -3.451820910398964770e+00
8.205952641899076028e+00 -3.435626667101407516e+00
8.286403157996124591e+00 -3.395870917356508034e+00
8.366853674093176707e+00 -3.385252592397840488e+00
8.447304190190225270e+00 -3.412494493099778481e+00
8.527754706287275610e+00 -3.454132721758416125e+00
8.608205222384324173e+00 -3.472972177755094592e+00
8.688655738481374513e+00 -3.467978656300492180e+00
8.769106254578423076e+00 -3.461156798615638408e+00
8.849556770675475192e+00 -3.457093576548313507e+00
8.930007286772523756e+00 -3.450859490181017897e+00
9.010457802869574095e+00 -3.445112949053118712e+00
9.090908318966622659e+00 -3.450158178289455257e+00
9.171358835063672998e+00 -3.467811436920428925e+00
9.251809351160723338e+00 -3.467901289375928453e+00
9.332259867257773678e+00 -3.466484753289472920e+00
9.412710383354822241e+00 -3.470275744330177936e+00
9.493160899451872581e+00 -3.469683585899227651e+00
9.573611415548921144e+00 -3.464000251646753625e+00
9.654061931645971484e+00 -3.465180325809683382e+00
9.734512447743021823e+00 -3.462898596594675027e+00
9.814962963840072163e+00 -3.464301391654967421e+00
9.895413479937120727e+00 -3.488160907529825661e+00
9.975863996034171066e+00 -3.501245473531830577e+00
1.005631451213121963e+01 -3.512233075339317612e+00
1.013676502822827175e+01 -3.525751345088820710e+00
1.021721554432532031e+01 -3.536521258623587904e+00
1.029766606042237065e+01 -3.545611137851524042e+00
