0.000000000000000000e+00 -1.549019599857431873e-01
8.045051609704977069e-02 -2.124985468090264673e-01
1.609010321940995414e-01 -6.549339915869611950e-01
2.413515482911492982e-01 -2.903799301040742353e+00
3.218020643881990828e-01 -3.226884473612358306e+00
4.022525804852488118e-01 -2.990116244604797746e+00
4.827030965822985964e-01 -3.118485741617458729e+00
5.631536126793483810e-01 -3.255916028883303337e+00
6.436041287763981655e-01 -3.435309347614774911e+00
7.240546448734478391e-01 -3.559850845976351597e+00
8.045051609704976237e-01 -3.605121560662853941e+00
8.849556770675472972e-01 -3.640509051215121694e+00
9.654061931645971928e-01 -3.602073592519452472e+00
1.045856709261647088e+00 -3.530053729786171157e+00
1.126307225358696762e+00 -3.488132304456822208e+00
1.206757741455746435e+00 -3.534623347565595708e+00
1.287208257552796331e+00 -3.626799414181090420e+00
1.367658773649846005e+00 -3.691596440124184308e+00
1.448109289746895678e+00 -3.625747566784543796e+00
1.528559805843945352e+00 -3.506495879401213767e+00
1.609010321940995247e+00 -3.458747886416659867e+00
1.689460838038045143e+00 -3.432276956712528637e+00
1.769911354135094594e+00 -3.379012734984411015e+00
1.850361870232144490e+00 -3.299258007181286256e+00
1.930812386329194386e+00 -3.259924634086062589e+00
2.011262902426244281e+00 -3.241687089602415917e+00
2.091713418523294177e+00 -3.241001649144986452e+00
2.172163934620343628e+00 -3.245007754207085870e+00
2.252614450717393524e+00 -3.253097314083767788e+00
2.333064966814443419e+00 -3.287940738774022265e+00
2.413515482911492871e+00 -3.342549185636831677e+00
2.493965999008542767e+00 -3.356963758344154947e+00
2.574416515105592662e+00 -3.310013643304836162e+00
2.654867031202642558e+00 -3.294679680162587943e+00
2.735317547299692009e+00 -3.345573576515028957e+00
2.815768063396741905e+00 -3.390301820484633577e+00
2.896218579493791356e+00 -3.374378726108781201e+00
2.976669095590841252e+00 -3.386835876551490987e+00
3.057119611687890703e+00 -3.402989087136342850e+00
3.137570127784940599e+00 -3.377283090854940717e+00
3.218020643881990495e+00 -3.354221443605743147e+00
3.298471159979039946e+00 -3.332591194142850100e+00
3.378921676076090286e+00 -3.316562501263722762e+00
3.459372192173139737e+00 -3.302966636551769586e+00
3.539822708270189189e+00 -3.332552835915687517e+00
3.620273224367239528e+00 -3.375582978715499838e+00
3.700723740464288980e+00 -3.344703158984664082e+00
3.781174256561339320e+00 -3.297830867957031398e+00
3.861624772658388771e+00 -3.299221904117044968e+00
3.942075288755438223e+00 -3.338321492059312945e+00
4.022525804852488562e+00 -3.365624456269457276e+00
4.102976320949538014e+00 -3.374283885559611562e+00
4.183426837046588354e+00 -3.384427896634397914e+00
4.263877353143637805e+00 -3.377056261784159297e+00
4.344327869240687257e+00 -3.360139488165837296e+00
4.424778385337737596e+00 -3.374936328027975385e+00
4.505228901434787048e+00 -3.367444961955635918e+00
4.585679417531836499e+00 -3.365870560937610279e+00
4.666129933628886839e+00 -3.350699299923590946e+00
4.746580449725936290e+00 -3.319356203658095694e+00
4.827030965822985742e+00 -3.305715309926931411e+00
4.907481481920036082e+00 -3.324981228749855244e+00
4.987931998017085533e+00 -3.345942485627097618e+00
5.068382514114135873e+00 -3.373983584755460008e+00
5.148833030211185324e+00 -3.390193503746198100e+00
5.229283546308234776e+00 -3.391602804271098393e+00
5.309734062405285115e+00 -3.371226653306216292e+00
5.390184578502334567e+00 -3.353905811281525651e+00
5.470635094599384018e+00 -3.329065768082098753e+00
5.551085610696433470e+00 -3.311419889929324345e+00
5.631536126793483810e+00 -3.329096983211851768e+00
5.711986642890533261e+00 -3.370203378794358606e+00
5.792437158987582713e+00 -3.391652417598144620e+00
5.872887675084633052e+00 -3.399256637919906510e+00
5.953338191181682504e+00 -3.393887261634006336e+00
6.033788707278731955e+00 -3.390707960219408346e+00
6.114239223375781407e+00 -3.392854878446542877e+00
6.194689739472831747e+00 -3.352676336296676052e+00
6.275140255569881198e+00 -3.340930249339424396e+00
6.355590771666931538e+00 -3.355914333234911950e+00
6.436041287763980989e+00 -3.374831844895101796e+00
6.516491803861030441e+00 -3.399050403050384084e+00
6.596942319958079892e+00 -3.385344632684608612e+00
6.677392836055131120e+00 -3.372012113100203212e+00
6.757843352152180572e+00 -3.363860766735944807e+00
6.838293868249230023e+00 -3.385394158493635342e+00
6.918744384346279475e+00 -3.395729566635866448e+00
6.999194900443328926e+00 -3.400438401248677245e+00
7.079645416540378378e+00 -3.388949188583721739e+00
7.160095932637429605e+00 -3.416191589348759550e+00
7.240546448734479057e+00 -3.424786507641876199e+00
7.320996964831528508e+00 -3.421033074376358396e+00
7.401447480928577960e+00 -3.414972908953082253e+00
7.481897997025627411e+00 -3.422763307961390833e+00
7.562348513122678639e+00 -3.415422938133381603e+00
7.642799029219728091e+00 -3.413440997045046998e+00
7.723249545316777542e+00 -3.404875087268456557e+00
7.803700061413826994e+00 -3.394149727489811585e+00
7.884150577510876445e+00 -3.395334412761241705e+00
7.964601093607927673e+00 -3.415588694479719578e+00
8.045051609704977125e+00 -3.456072822603428740e+00
8.125502125802025688e+00 -3.469189727696929015e+00
8.205952641899076028e+00 -3.443024439429071659e+00
8.286403157996124591e+00 -3.432126238440748267e+00
8.366853674093176707e+00 -3.435260769532421765e+00
8.447304190190225270e+00 -3.423005045586087647e+00
8.527754706287275610e+00 -3.434567478434046972e+00
8.608205222384324173e+00 -3.451067372070208084e+00
8.688655738481374513e+00 -3.463848373321470664e+00
8.769106254578423076e+00 -3.484414006000643216e+00
8.849556770675475192e+00 -3.502626661367478356e+00
8.930007286772523756e+00 -3.512585063830893972e+00
9.010457802869574095e+00 -3.496586811047045273e+00
9.090908318966622659e+00 -3.490293462541995684e+00
9.171358835063672998e+00 -3.491522995530015105e+00
9.251809351160723338e+00 -3.491841762901330526e+00
9.332259867257773678e+00 -3.458792611405263173e+00
9.412710383354822241e+00 -3.461530019936020164e+00
9.493160899451872581e+00 -3.490891094859819077e+00
9.573611415548921144e+00 -3.510041656447859371e+00
9.654061931645971484e+00 -3.499548692448094744e+00
9.734512447743021823e+00 -3.505334170660553639e+00
9.814962963840072163e+00 -3.510814413300925363e+00
9.895413479937120727e+00 -3.514868851832205099e+00
9.975863996034171066e+00 -3.531641467338521689e+00
1.005631451213121963e+01 -3.541566878863411816e+00
1.013676502822827175e+01 -3.549642556507172753e+00
1.021721554432532031e+01 -3.549228220480480367e+00
1.029766606042237065e+01 -3.547082363186207399e+00
