0.000000000000000000e+00 -1.549019599857431873e-01
8.045051609704977069e-02 -3.955484358802607847e-01
1.609010321940995414e-01 -1.354852395501192408e+00
2.413515482911492982e-01 -5.264329554693215840e+00
3.218020643881990828e-01 -6.510276712755071138e+00
4.022525804852488118e-01 -6.063656929410813134e+00
4.827030965822985964e-01 -6.247560676334432017e+00
5.631536126793483810e-01 -6.491332940704899634e+00
6.436041287763981655e-01 -6.496768962264322766e+00
7.240546448734478391e-01 -6.631966756234936256e+00
8.045051609704976237e-01 -7.001544771430050496e+00
8.849556770675472972e-01 -7.267614471842803958e+00
9.654061931645971928e-01 -7.233482827836454021e+00
1.045856709261647088e+00 -7.174574224672042533e+00
1.126307225358696762e+00 -7.090967959076702520e+00
1.206757741455746435e+00 -7.126576487478774702e+00
1.287208257552796331e+00 -7.175199185458875917e+00
1.367658773649846005e+00 -7.151059729561290546e+00
1.448109289746895678e+00 -7.069414725807903643e+00
1.528559805843945352e+00 -6.877141504639107339e+00
1.609010321940995247e+00 -6.686870333176280212e+00
1.689460838038045143e+00 -6.726349005414871129e+00
1.769911354135094594e+00 -6.974125182265553669e+00
1.850361870232144490e+00 -7.036055092662131472e+00
1.930812386329194386e+00 -6.808864082568972798e+00
2.011262902426244281e+00 -6.693951328294121872e+00
2.091713418523294177e+00 -6.672469148509790671e+00
2.172163934620343628e+00 -6.586626805975670962e+00
2.252614450717393524e+00 -6.455208563041710867e+00
2.333064966814443419e+00 -6.430023792375394898e+00
2.413515482911492871e+00 -6.515494159920144135e+00
2.493965999008542767e+00 -6.646232667502414593e+00
2.574416515105592662e+00 -6.675837865819685746e+00
2.654867031202642558e+00 -6.610978629185552791e+00
2.735317547299692009e+00 -6.549235941282054441e+00
2.815768063396741905e+00 -6.491373825680510024e+00
2.896218579493791356e+00 -6.467523806890337568e+00
2.976669095590841252e+00 -6.467420706503494543e+00
3.057119611687890703e+00 -6.487631776032540820e+00
3.137570127784940599e+00 -6.520734382905197357e+00
3.218020643881990495e+00 -6.607806873973518513e+00
3.298471159979039946e+00 -6.603060589678695358e+00
3.378921676076090286e+00 -6.589812664224663052e+00
3.459372192173139737e+00 -6.567243506575014322e+00
3.539822708270189189e+00 -6.550482897822803352e+00
3.620273224367239528e+00 -6.523477235050983758e+00
3.700723740464288980e+00 -6.514817412540547359e+00
3.781174256561339320e+00 -6.523947118986484384e+00
3.861624772658388771e+00 -6.498446313706821797e+00
3.942075288755438223e+00 -6.525790531825250262e+00
4.022525804852488562e+00 -6.610033233926974283e+00
4.102976320949538014e+00 -6.639850421959589966e+00
4.183426837046588354e+00 -6.670630355768827791e+00
4.263877353143637805e+00 -6.690384496716853313e+00
4.344327869240687257e+00 -6.689021508335795119e+00
4.424778385337737596e+00 -6.641523713174988686e+00
4.505228901434787048e+00 -6.593945583843056291e+00
4.585679417531836499e+00 -6.586711361772356277e+00
4.666129933628886839e+00 -6.617347633922097572e+00
4.746580449725936290e+00 -6.685148474205889535e+00
4.827030965822985742e+00 -6.730379711958520694e+00
4.907481481920036082e+00 -6.739009488950321369e+00
4.987931998017085533e+00 -6.700008881567138808e+00
5.068382514114135873e+00 -6.639602922770725613e+00
5.148833030211185324e+00 -6.603227310497450375e+00
5.229283546308234776e+00 -6.606035160735837408e+00
5.309734062405285115e+00 -6.602076578900661019e+00
5.390184578502334567e+00 -6.629437772217878333e+00
5.470635094599384018e+00 -6.647801132524799428e+00
5.551085610696433470e+00 -6.684356186956259549e+00
5.631536126793483810e+00 -6.739851990061757725e+00
5.711986642890533261e+00 -6.748484975158315358e+00
5.792437158987582713e+00 -6.681744659612243176e+00
5.872887675084633052e+00 -6.684434531255678102e+00
5.953338191181682504e+00 -6.746281238043825290e+00
6.033788707278731955e+00 -6.776610268520964375e+00
6.114239223375781407e+00 -6.829051226920685558e+00
6.194689739472831747e+00 -6.855053486728826861e+00
6.275140255569881198e+00 -6.755155330069337438e+00
6.355590771666931538e+00 -6.638557422957487297e+00
6.436041287763980989e+00 -6.605494261807869805e+00
6.516491803861030441e+00 -6.677577779784918732e+00
6.596942319958079892e+00 -6.738672614520892168e+00
6.677392836055131120e+00 -6.746755692865762377e+00
6.757843352152180572e+00 -6.741139423053320812e+00
6.838293868249230023e+00 -6.734262316202912046e+00
6.918744384346279475e+00 -6.735322951810436720e+00
6.999194900443328926e+00 -6.765665685418610131e+00
7.079645416540378378e+00 -6.845114676861429714e+00
7.160095932637429605e+00 -6.920255773127359511e+00
7.240546448734479057e+00 -6.885756966279077851e+00
7.320996964831528508e+00 -6.821762384956966407e+00
7.401447480928577960e+00 -6.823988439811952134e+00
7.481897997025627411e+00 -6.827347698929258968e+00
7.562348513122678639e+00 -6.826964706442451458e+00
7.642799029219728091e+00 -6.818262300681829480e+00
7.723249545316777542e+00 -6.856628087100960833e+00
7.803700061413826994e+00 -6.904494078569577198e+00
7.884150577510876445e+00 -6.941388374105422976e+00
7.964601093607927673e+00 -6.954205588032470686e+00
8.045051609704977125e+00 -6.950083202579713237e+00
8.125502125802025688e+00 -6.936863171390188043e+00
8.205952641899076028e+00 -6.905879195497137246e+00
8.286403157996124591e+00 -6.867841635068224981e+00
8.366853674093176707e+00 -6.847619637756968913e+00
8.447304190190225270e+00 -6.869701778348461296e+00
8.527754706287275610e+00 -6.894688821981374005e+00
8.608205222384324173e+00 -6.949281500721837368e+00
8.688655738481374513e+00 -6.999881591817556092e+00
8.769106254578423076e+00 -7.014939716676195758e+00
8.849556770675475192e+00 -6.954770756329844872e+00
8.930007286772523756e+00 -6.878243540899690700e+00
9.010457802869574095e+00 -6.895243553455208563e+00
9.090908318966622659e+00 -6.954177991362049838e+00
9.171358835063672998e+00 -7.034285633432850737e+00
9.251809351160723338e+00 -7.071739234488267911e+00
9.332259867257773678e+00 -7.054670223448274768e+00
9.412710383354822241e+00 -7.053979223917197672e+00
9.493160899451872581e+00 -7.000573688525446592e+00
9.573611415548921144e+00 -6.967750029280571411e+00
9.654061931645971484e+00 -6.973813092654759238e+00
9.734512447743021823e+00 -6.971048079097748484e+00
9.814962963840072163e+00 -6.930742211340646719e+00
9.895413479937120727e+00 -6.934609883061549240e+00
9.975863996034171066e+00 -6.969361561311596454e+00
1.005631451213121963e+01 -6.988577785882447380e+00
1.013676502822827175e+01 -7.007464232733068066e+00
1.021721554432532031e+01 -7.066312720732012664e+00
1.029766606042237065e+01 -7.118516071933520983e+00
