0.000000000000000000e+00 -1.549019599857431873e-01
8.045051609704977069e-02 -2.092358110732599474e-01
1.609010321940995414e-01 -6.331686148744235521e-01
2.413515482911492982e-01 -1.468515328077174775e+00
3.218020643881990828e-01 -1.504778004977482597e+00
4.022525804852488118e-01 -1.523733500745250380e+00
4.827030965822985964e-01 -1.843322704315367488e+00
5.631536126793483810e-01 -2.386559333464559174e+00
6.436041287763981655e-01 -2.498629876178548148e+00
7.240546448734478391e-01 -2.614190064624416721e+00
8.045051609704976237e-01 -2.905648946591012027e+00
8.849556770675472972e-01 -3.214303225813083031e+00
9.654061931645971928e-01 -3.287098391550569154e+00
1.045856709261647088e+00 -3.291289399294461404e+00
1.126307225358696762e+00 -3.305116459589573008e+00
1.206757741455746435e+00 -3.246853792856449594e+00
1.287208257552796331e+00 -3.176986379261017124e+00
1.367658773649846005e+00 -3.139094570224655989e+00
1.448109289746895678e+00 -3.106345613576106057e+00
1.528559805843945352e+00 -3.038453259607432067e+00
1.609010321940995247e+00 -2.948112926116333909e+00
1.689460838038045143e+00 -2.845780850298371689e+00
1.769911354135094594e+00 -2.806973820205060033e+00
1.850361870232144490e+00 -2.829503615866379995e+00
1.930812386329194386e+00 -2.787055420671911588e+00
2.011262902426244281e+00 -2.700680736073680421e+00
2.091713418523294177e+00 -2.721558460799672119e+00
2.172163934620343628e+00 -2.797371771889023417e+00
2.252614450717393524e+00 -2.809785557246370136e+00
2.333064966814443419e+00 -2.816361235468924029e+00
2.413515482911492871e+00 -2.873170538720384748e+00
2.493965999008542767e+00 -2.966803779736362223e+00
2.574416515105592662e+00 -3.038147423847917583e+00
2.654867031202642558e+00 -3.060465152983838699e+00
2.735317547299692009e+00 -3.076252413527579499e+00
2.815768063396741905e+00 -3.111740113425134791e+00
2.896218579493791356e+00 -3.130328201835728130e+00
2.976669095590841252e+00 -3.117348333938644522e+00
3.057119611687890703e+00 -3.096261370048039474e+00
3.137570127784940599e+00 -3.105517267259669367e+00
3.218020643881990495e+00 -3.117634733428467531e+00
3.298471159979039946e+00 -3.125140484726915524e+00
3.378921676076090286e+00 -3.144042114060546567e+00
3.459372192173139737e+00 -3.142662086348237960e+00
3.539822708270189189e+00 -3.076863816041709221e+00
3.620273224367239528e+00 -3.006804439895903958e+00
3.700723740464288980e+00 -3.040497353395481550e+00
3.781174256561339320e+00 -3.125193339739180676e+00
3.861624772658388771e+00 -3.136377511213685576e+00
3.942075288755438223e+00 -3.142853206347188788e+00
4.022525804852488562e+00 -3.161133931962852195e+00
4.102976320949538014e+00 -3.147665806088919993e+00
4.183426837046588354e+00 -3.142420815524048283e+00
4.263877353143637805e+00 -3.140890659888078140e+00
4.344327869240687257e+00 -3.188098741866965291e+00
4.424778385337737596e+00 -3.195921368663443562e+00
4.505228901434787048e+00 -3.163360765831218835e+00
4.585679417531836499e+00 -3.153459967084917270e+00
4.666129933628886839e+00 -3.168727669657182222e+00
4.746580449725936290e+00 -3.171360689291910617e+00
4.827030965822985742e+00 -3.152552727451030545e+00
4.907481481920036082e+00 -3.161504269416846480e+00
4.987931998017085533e+00 -3.180959553227678427e+00
5.068382514114135873e+00 -3.171139491309328928e+00
5.148833030211185324e+00 -3.173661643406394894e+00
5.229283546308234776e+00 -3.199799391362162293e+00
5.309734062405285115e+00 -3.251155816776325480e+00
5.390184578502334567e+00 -3.243461891176970813e+00
5.470635094599384018e+00 -3.196501504961578810e+00
5.551085610696433470e+00 -3.165601133198526540e+00
5.631536126793483810e+00 -3.160539538948746063e+00
5.711986642890533261e+00 -3.152072701988750669e+00
5.792437158987582713e+00 -3.139933314601377923e+00
5.872887675084633052e+00 -3.129027200708653034e+00
5.953338191181682504e+00 -3.141129743656962958e+00
6.033788707278731955e+00 -3.170827414871550953e+00
6.114239223375781407e+00 -3.178976596094237106e+00
6.194689739472831747e+00 -3.181708274703646921e+00
6.275140255569881198e+00 -3.167055554934161687e+00
6.355590771666931538e+00 -3.148730225003373295e+00
6.436041287763980989e+00 -3.142569041336262359e+00
6.516491803861030441e+00 -3.154272465885344268e+00
6.596942319958079892e+00 -3.170634706778833412e+00
6.677392836055131120e+00 -3.196470527912290471e+00
6.757843352152180572e+00 -3.211296836705939128e+00
6.838293868249230023e+00 -3.204363094869367767e+00
6.918744384346279475e+00 -3.196536443689632190e+00
6.999194900443328926e+00 -3.205247578988430046e+00
7.079645416540378378e+00 -3.225111128206641364e+00
7.160095932637429605e+00 -3.249265608743876488e+00
7.240546448734479057e+00 -3.274000129685833649e+00
7.320996964831528508e+00 -3.273299764525245514e+00
7.401447480928577960e+00 -3.234895797447416843e+00
7.481897997025627411e+00 -3.181525438250247806e+00
7.562348513122678639e+00 -3.155881347835459039e+00
7.642799029219728091e+00 -3.173118427570073674e+00
7.723249545316777542e+00 -3.198791786037769036e+00
7.803700061413826994e+00 -3.232164998153309821e+00
7.884150577510876445e+00 -3.247713026455496532e+00
7.964601093607927673e+00 -3.231624669509117975e+00
8.045051609704977125e+00 -3.222232124213901816e+00
8.125502125802025688e+00 -3.221602889126613523e+00
8.205952641899076028e+00 -3.190450275161704763e+00
8.286403157996124591e+00 -3.189832942417210049e+00
8.366853674093176707e+00 -3.220382961791271814e+00
8.447304190190225270e+00 -3.268260108463996172e+00
8.527754706287275610e+00 -3.320701797046900605e+00
8.608205222384324173e+00 -3.310868467382054536e+00
8.688655738481374513e+00 -3.254818179589491045e+00
8.769106254578423076e+00 -3.212964800160778900e+00
8.849556770675475192e+00 -3.216677407068850414e+00
8.930007286772523756e+00 -3.235053028792675534e+00
9.010457802869574095e+00 -3.246174133809121454e+00
9.090908318966622659e+00 -3.251859285698966318e+00
9.171358835063672998e+00 -3.252052812461427411e+00
9.251809351160723338e+00 -3.256099655475348964e+00
9.332259867257773678e+00 -3.260227928141584464e+00
9.412710383354822241e+00 -3.292125019513154172e+00
9.493160899451872581e+00 -3.326770406453122941e+00
9.573611415548921144e+00 -3.337530028424728901e+00
9.654061931645971484e+00 -3.329353537641185579e+00
9.734512447743021823e+00 -3.312540393411981032e+00
9.814962963840072163e+00 -3.302593426315528102e+00
9.895413479937120727e+00 -3.310707920839581320e+00
9.975863996034171066e+00 -3.317822240100674946e+00
1.005631451213121963e+01 -3.300682352965080835e+00
1.013676502822827175e+01 -3.270696723954189533e+00
1.021721554432532031e+01 -3.247176095223106351e+00
1.029766606042237065e+01 -3.255628112214447700e+00
