0.000000000000000000e+00 -1.549019599857431873e-01
8.045051609704977069e-02 -2.051452789280654165e-01
1.609010321940995414e-01 -5.397851103558108932e-01
2.413515482911492982e-01 -1.661966322551018171e+00
3.218020643881990828e-01 -2.001186825193323138e+00
4.022525804852488118e-01 -1.874577818377860750e+00
4.827030965822985964e-01 -2.086034555741700824e+00
5.631536126793483810e-01 -2.431127767879003088e+00
6.436041287763981655e-01 -2.782025981269018899e+00
7.240546448734478391e-01 -2.976843800423942810e+00
8.045051609704976237e-01 -3.146215614506454816e+00
8.849556770675472972e-01 -3.269976223089371636e+00
9.654061931645971928e-01 -3.403582466994376610e+00
1.045856709261647088e+00 -3.450267472956422665e+00
1.126307225358696762e+00 -3.376898189412034235e+00
1.206757741455746435e+00 -3.338784780347064718e+00
1.287208257552796331e+00 -3.373900397179366628e+00
1.367658773649846005e+00 -3.357741154012352514e+00
1.448109289746895678e+00 -3.314955278164926966e+00
1.528559805843945352e+00 -3.288752141880187274e+00
1.609010321940995247e+00 -3.202855271676021687e+00
1.689460838038045143e+00 -3.072764765985102731e+00
1.769911354135094594e+00 -2.942691627464821380e+00
1.850361870232144490e+00 -2.829860806432499931e+00
1.930812386329194386e+00 -2.747975424623452234e+00
2.011262902426244281e+00 -2.687656820109726841e+00
2.091713418523294177e+00 -2.694042011520410895e+00
2.172163934620343628e+00 -2.724710600239609537e+00
2.252614450717393524e+00 -2.766961543544088631e+00
2.333064966814443419e+00 -2.834823901655081357e+00
2.413515482911492871e+00 -2.932880726362662838e+00
2.493965999008542767e+00 -3.024495662278198438e+00
2.574416515105592662e+00 -3.066710242098038552e+00
2.654867031202642558e+00 -3.060503545906852363e+00
2.735317547299692009e+00 -3.092830076417822927e+00
2.815768063396741905e+00 -3.148353061313751589e+00
2.896218579493791356e+00 -3.172472408789096754e+00
2.976669095590841252e+00 -3.158460805374878611e+00
3.057119611687890703e+00 -3.160312797008732577e+00
3.137570127784940599e+00 -3.180233179445012048e+00
3.218020643881990495e+00 -3.191547538721973165e+00
3.298471159979039946e+00 -3.184917460337865158e+00
3.378921676076090286e+00 -3.197116617259745386e+00
3.459372192173139737e+00 -3.223786369691698184e+00
3.539822708270189189e+00 -3.214042871628115527e+00
3.620273224367239528e+00 -3.181964997287489716e+00
3.700723740464288980e+00 -3.152439021104834982e+00
3.781174256561339320e+00 -3.135975946556870397e+00
3.861624772658388771e+00 -3.132826616139557263e+00
3.942075288755438223e+00 -3.132685403962852000e+00
4.022525804852488562e+00 -3.147205801425199123e+00
4.102976320949538014e+00 -3.127572690152664148e+00
4.183426837046588354e+00 -3.114728243589579559e+00
4.263877353143637805e+00 -3.115587906678043861e+00
4.344327869240687257e+00 -3.106859729644993795e+00
4.424778385337737596e+00 -3.080160984985424122e+00
4.505228901434787048e+00 -3.050428529165385871e+00
4.585679417531836499e+00 -3.063394853417647390e+00
4.666129933628886839e+00 -3.081185689221416890e+00
4.746580449725936290e+00 -3.111728107537432564e+00
4.827030965822985742e+00 -3.137784133983543722e+00
4.907481481920036082e+00 -3.142060081165293894e+00
4.987931998017085533e+00 -3.150685298438401727e+00
5.068382514114135873e+00 -3.146867216145171842e+00
5.148833030211185324e+00 -3.143774991513832884e+00
5.229283546308234776e+00 -3.150923669422528217e+00
5.309734062405285115e+00 -3.146156807570565039e+00
5.390184578502334567e+00 -3.143122509940295295e+00
5.470635094599384018e+00 -3.138513530457539336e+00
5.551085610696433470e+00 -3.152552848551366083e+00
5.631536126793483810e+00 -3.154293274510994838e+00
5.711986642890533261e+00 -3.158260205999623427e+00
5.792437158987582713e+00 -3.166380513200620861e+00
5.872887675084633052e+00 -3.180020321957350848e+00
5.953338191181682504e+00 -3.179731750467524876e+00
6.033788707278731955e+00 -3.176239264192159961e+00
6.114239223375781407e+00 -3.152617507399546604e+00
6.194689739472831747e+00 -3.132963880190240857e+00
6.275140255569881198e+00 -3.136052713586879648e+00
6.355590771666931538e+00 -3.136359684205877407e+00
6.436041287763980989e+00 -3.123066909172656391e+00
6.516491803861030441e+00 -3.114182921074503785e+00
6.596942319958079892e+00 -3.136116011910843770e+00
6.677392836055131120e+00 -3.151713819492511615e+00
6.757843352152180572e+00 -3.164608268105456812e+00
6.838293868249230023e+00 -3.176716885889605102e+00
6.918744384346279475e+00 -3.178270412313037419e+00
6.999194900443328926e+00 -3.176453425624235383e+00
7.079645416540378378e+00 -3.188261478699513152e+00
7.160095932637429605e+00 -3.205465028397896265e+00
7.240546448734479057e+00 -3.204548674791462659e+00
7.320996964831528508e+00 -3.211877043434765433e+00
7.401447480928577960e+00 -3.212110934620048486e+00
7.481897997025627411e+00 -3.207536789985991899e+00
7.562348513122678639e+00 -3.184059404607929356e+00
7.642799029219728091e+00 -3.171119520064987096e+00
7.723249545316777542e+00 -3.180750241775648135e+00
7.803700061413826994e+00 -3.198989619855542088e+00
7.884150577510876445e+00 -3.202188620123566309e+00
7.964601093607927673e+00 -3.204454208404694526e+00
8.045051609704977125e+00 -3.191831072110466572e+00
8.125502125802025688e+00 -3.174093673904713420e+00
8.205952641899076028e+00 -3.165684981737195258e+00
8.286403157996124591e+00 -3.163434275284038755e+00
8.366853674093176707e+00 -3.166439688344699022e+00
8.447304190190225270e+00 -3.192495685927499771e+00
8.527754706287275610e+00 -3.222006599250213821e+00
8.608205222384324173e+00 -3.236244505217508394e+00
8.688655738481374513e+00 -3.252276292156988990e+00
8.769106254578423076e+00 -3.260640483608320928e+00
8.849556770675475192e+00 -3.254376926664904524e+00
8.930007286772523756e+00 -3.244257718395620049e+00
9.010457802869574095e+00 -3.225702906782780932e+00
9.090908318966622659e+00 -3.222321793138454016e+00
9.171358835063672998e+00 -3.232173784805733252e+00
9.251809351160723338e+00 -3.226739414249984339e+00
9.332259867257773678e+00 -3.229440067996947938e+00
9.412710383354822241e+00 -3.237257321826220391e+00
9.493160899451872581e+00 -3.257688582756879114e+00
9.573611415548921144e+00 -3.280602891127505583e+00
9.654061931645971484e+00 -3.285383834587707774e+00
9.734512447743021823e+00 -3.281770181554536148e+00
9.814962963840072163e+00 -3.270076591126721333e+00
9.895413479937120727e+00 -3.270720146909690040e+00
9.975863996034171066e+00 -3.266292559233822779e+00
1.005631451213121963e+01 -3.242491325414028402e+00
1.013676502822827175e+01 -3.239703531266705738e+00
1.021721554432532031e+01 -3.259390146280127798e+00
1.029766606042237065e+01 -3.269644822182051325e+00
