0.000000000000000000e+00 -1.549019599857431873e-01
8.045051609704977069e-02 -1.967348352818415469e-01
1.609010321940995414e-01 -5.729175886252418914e-01
2.413515482911492982e-01 -1.514361593466019063e+00
3.218020643881990828e-01 -1.827356820472136878e+00
4.022525804852488118e-01 -1.860046508723242287e+00
4.827030965822985964e-01 -2.114997897696090590e+00
5.631536126793483810e-01 -2.488790081371346830e+00
6.436041287763981655e-01 -2.890193267458537996e+00
7.240546448734478391e-01 -3.133111309970936453e+00
8.045051609704976237e-01 -3.293643874967015606e+00
8.849556770675472972e-01 -3.466637051994680974e+00
9.654061931645971928e-01 -3.544286462038121144e+00
1.045856709261647088e+00 -3.478821728312981421e+00
1.126307225358696762e+00 -3.401059614107940554e+00
1.206757741455746435e+00 -3.332959826606480380e+00
1.287208257552796331e+00 -3.242553301233924490e+00
1.367658773649846005e+00 -3.191596393895928419e+00
1.448109289746895678e+00 -3.172463473982622961e+00
1.528559805843945352e+00 -3.145140257170762510e+00
1.609010321940995247e+00 -3.108768948715795233e+00
1.689460838038045143e+00 -3.084261510723303346e+00
1.769911354135094594e+00 -2.991146676515015201e+00
1.850361870232144490e+00 -2.912180679362286639e+00
1.930812386329194386e+00 -2.870493786745360598e+00
2.011262902426244281e+00 -2.807893359455877480e+00
2.091713418523294177e+00 -2.776098079836573085e+00
2.172163934620343628e+00 -2.768426873243967190e+00
2.252614450717393524e+00 -2.758326874245935034e+00
2.333064966814443419e+00 -2.756988924786828221e+00
2.413515482911492871e+00 -2.799506804034958218e+00
2.493965999008542767e+00 -2.868031324256200776e+00
2.574416515105592662e+00 -2.934386644623979468e+00
2.654867031202642558e+00 -2.988171936182458577e+00
2.735317547299692009e+00 -3.007929687859009604e+00
2.815768063396741905e+00 -3.013649358463704075e+00
2.896218579493791356e+00 -3.041433549905097067e+00
2.976669095590841252e+00 -3.071065041715814292e+00
3.057119611687890703e+00 -3.098824832852656197e+00
3.137570127784940599e+00 -3.133106951468728862e+00
3.218020643881990495e+00 -3.149168541736200311e+00
3.298471159979039946e+00 -3.160506538998814285e+00
3.378921676076090286e+00 -3.151612050216443084e+00
3.459372192173139737e+00 -3.153369954816258147e+00
3.539822708270189189e+00 -3.121676142644536078e+00
3.620273224367239528e+00 -3.092450683560878044e+00
3.700723740464288980e+00 -3.098416372482474035e+00
3.781174256561339320e+00 -3.094587632333140714e+00
3.861624772658388771e+00 -3.117059505624601545e+00
3.942075288755438223e+00 -3.129376189143970866e+00
4.022525804852488562e+00 -3.132855526081696595e+00
4.102976320949538014e+00 -3.126241470749788753e+00
4.183426837046588354e+00 -3.112895020404649493e+00
4.263877353143637805e+00 -3.122638236953970470e+00
4.344327869240687257e+00 -3.164197603713953200e+00
4.424778385337737596e+00 -3.194494199491031861e+00
4.505228901434787048e+00 -3.160285829007968506e+00
4.585679417531836499e+00 -3.112580047901218450e+00
4.666129933628886839e+00 -3.108923576060810046e+00
4.746580449725936290e+00 -3.098254955248239462e+00
4.827030965822985742e+00 -3.092901277132329874e+00
4.907481481920036082e+00 -3.123450483594898408e+00
4.987931998017085533e+00 -3.198201059412588254e+00
5.068382514114135873e+00 -3.216418720531118325e+00
5.148833030211185324e+00 -3.173836495914087230e+00
5.229283546308234776e+00 -3.144180604485767194e+00
5.309734062405285115e+00 -3.165593822386258083e+00
5.390184578502334567e+00 -3.180188159583990259e+00
5.470635094599384018e+00 -3.200474374843372161e+00
5.551085610696433470e+00 -3.218898249969308623e+00
5.631536126793483810e+00 -3.221536387818589642e+00
5.711986642890533261e+00 -3.216020912993019731e+00
5.792437158987582713e+00 -3.211681547229585210e+00
5.872887675084633052e+00 -3.191398383713915710e+00
5.953338191181682504e+00 -3.150720793023612298e+00
6.033788707278731955e+00 -3.124882756630082081e+00
6.114239223375781407e+00 -3.112230212332554036e+00
6.194689739472831747e+00 -3.151536773417032311e+00
6.275140255569881198e+00 -3.175356337075259106e+00
6.355590771666931538e+00 -3.179662155929054101e+00
6.436041287763980989e+00 -3.166176141740264960e+00
6.516491803861030441e+00 -3.151538157450445077e+00
6.596942319958079892e+00 -3.148381229901513478e+00
6.677392836055131120e+00 -3.185375995102040392e+00
6.757843352152180572e+00 -3.201898998805143837e+00
6.838293868249230023e+00 -3.211815768278759364e+00
6.918744384346279475e+00 -3.190527639501469892e+00
6.999194900443328926e+00 -3.163692972447575968e+00
7.079645416540378378e+00 -3.155948811961090339e+00
7.160095932637429605e+00 -3.159890725753140561e+00
7.240546448734479057e+00 -3.162963162607449696e+00
7.320996964831528508e+00 -3.153552593491865341e+00
7.401447480928577960e+00 -3.166711279911496035e+00
7.481897997025627411e+00 -3.180493593457335955e+00
7.562348513122678639e+00 -3.201301448577115849e+00
7.642799029219728091e+00 -3.208292816392904534e+00
7.723249545316777542e+00 -3.214318729207067626e+00
7.803700061413826994e+00 -3.215436527711086789e+00
7.884150577510876445e+00 -3.214298732471920772e+00
7.964601093607927673e+00 -3.207437441642769116e+00
8.045051609704977125e+00 -3.203634244413760435e+00
8.125502125802025688e+00 -3.217903787705500562e+00
8.205952641899076028e+00 -3.220106117676680757e+00
8.286403157996124591e+00 -3.206710833052395238e+00
8.366853674093176707e+00 -3.211159520207594209e+00
8.447304190190225270e+00 -3.226186459663797468e+00
8.527754706287275610e+00 -3.222080235587672981e+00
8.608205222384324173e+00 -3.211519580166577015e+00
8.688655738481374513e+00 -3.200979282794837122e+00
8.769106254578423076e+00 -3.195512955982050318e+00
8.849556770675475192e+00 -3.192794401934209159e+00
8.930007286772523756e+00 -3.218139782115476244e+00
9.010457802869574095e+00 -3.252940350001112257e+00
9.090908318966622659e+00 -3.286092899201054518e+00
9.171358835063672998e+00 -3.300059082830023360e+00
9.251809351160723338e+00 -3.307341124673336186e+00
9.332259867257773678e+00 -3.297495183601285351e+00
9.412710383354822241e+00 -3.284978656158882959e+00
9.493160899451872581e+00 -3.266785303157361930e+00
9.573611415548921144e+00 -3.252384845448915929e+00
9.654061931645971484e+00 -3.247942164457771508e+00
9.734512447743021823e+00 -3.251169081566061880e+00
9.814962963840072163e+00 -3.262946654886325959e+00
9.895413479937120727e+00 -3.285487210014692572e+00
9.975863996034171066e+00 -3.290632777246990770e+00
1.005631451213121963e+01 -3.279335008040775712e+00
1.013676502822827175e+01 -3.282209784460730084e+00
1.021721554432532031e+01 -3.294088367891629066e+00
1.029766606042237065e+01 -3.297714130042611824e+00
