0.000000000000000000e+00 -1.549019599857431873e-01
8.045051609704977069e-02 -2.118364073533695879e-01
1.609010321940995414e-01 -6.372795841650342741e-01
2.413515482911492982e-01 -1.664608750565992779e+00
3.218020643881990828e-01 -1.678267811050754510e+00
4.022525804852488118e-01 -1.718434889476083471e+00
4.827030965822985964e-01 -2.024442148875827296e+00
5.631536126793483810e-01 -2.412479624230021269e+00
6.436041287763981655e-01 -2.575358428988747228e+00
7.240546448734478391e-01 -2.701595652216574273e+00
8.045051609704976237e-01 -2.904355147237529078e+00
8.849556770675472972e-01 -3.293252560838319631e+00
9.654061931645971928e-01 -3.470930356814501128e+00
1.045856709261647088e+00 -3.372429896637155533e+00
1.126307225358696762e+00 -3.283780795439467326e+00
1.206757741455746435e+00 -3.243183508548047822e+00
1.287208257552796331e+00 -3.175149810423785190e+00
1.367658773649846005e+00 -3.081058549425935045e+00
1.448109289746895678e+00 -3.019310296060122578e+00
1.528559805843945352e+00 -2.962404291760887265e+00
1.609010321940995247e+00 -2.917375986497599882e+00
1.689460838038045143e+00 -2.876554876303296648e+00
1.769911354135094594e+00 -2.829817479779790812e+00
1.850361870232144490e+00 -2.814449173409953264e+00
1.930812386329194386e+00 -2.791617104204937139e+00
2.011262902426244281e+00 -2.783537300972523276e+00
2.091713418523294177e+00 -2.801699034213523287e+00
2.172163934620343628e+00 -2.792091778121995382e+00
2.252614450717393524e+00 -2.788421605323715635e+00
2.333064966814443419e+00 -2.816538794172409599e+00
2.413515482911492871e+00 -2.871675655430527829e+00
2.493965999008542767e+00 -2.910367536643127195e+00
2.574416515105592662e+00 -2.964827103500393690e+00
2.654867031202642558e+00 -3.003471805040689890e+00
2.735317547299692009e+00 -3.027172203121897276e+00
2.815768063396741905e+00 -3.082931503727191380e+00
2.896218579493791356e+00 -3.173275312467557452e+00
2.976669095590841252e+00 -3.204074213731962661e+00
3.057119611687890703e+00 -3.158278949111060552e+00
3.137570127784940599e+00 -3.131318679551012174e+00
3.218020643881990495e+00 -3.145275695513229053e+00
3.298471159979039946e+00 -3.173504695999337599e+00
3.378921676076090286e+00 -3.173993416712055371e+00
3.459372192173139737e+00 -3.169248454209250276e+00
3.539822708270189189e+00 -3.159347290411818943e+00
3.620273224367239528e+00 -3.138286061052634857e+00
3.700723740464288980e+00 -3.133324553643888066e+00
3.781174256561339320e+00 -3.144263647164806663e+00
3.861624772658388771e+00 -3.134356311621409041e+00
3.942075288755438223e+00 -3.112798284088353018e+00
4.022525804852488562e+00 -3.124559914358852275e+00
4.102976320949538014e+00 -3.168898661448214416e+00
4.183426837046588354e+00 -3.183093645650805215e+00
4.263877353143637805e+00 -3.175158880967191788e+00
4.344327869240687257e+00 -3.165852837659322905e+00
4.424778385337737596e+00 -3.175896125310603058e+00
4.505228901434787048e+00 -3.195316126225942188e+00
4.585679417531836499e+00 -3.216786381638498060e+00
4.666129933628886839e+00 -3.238237729057167780e+00
4.746580449725936290e+00 -3.235760954252287380e+00
4.827030965822985742e+00 -3.204043163988222531e+00
4.907481481920036082e+00 -3.194735697636602811e+00
4.987931998017085533e+00 -3.209612789159570045e+00
5.068382514114135873e+00 -3.217196622124156136e+00
5.148833030211185324e+00 -3.177293849184860353e+00
5.229283546308234776e+00 -3.140288730521874516e+00
5.309734062405285115e+00 -3.138264525712386899e+00
5.390184578502334567e+00 -3.153950455298549116e+00
5.470635094599384018e+00 -3.174468530417656087e+00
5.551085610696433470e+00 -3.191798268806052885e+00
5.631536126793483810e+00 -3.186491829314626933e+00
5.711986642890533261e+00 -3.186879295818331848e+00
5.792437158987582713e+00 -3.183507032052148134e+00
5.872887675084633052e+00 -3.170146500704300596e+00
5.953338191181682504e+00 -3.140838923681464223e+00
6.033788707278731955e+00 -3.153055331279857487e+00
6.114239223375781407e+00 -3.172676181070432033e+00
6.194689739472831747e+00 -3.196911408626354589e+00
6.275140255569881198e+00 -3.186725533964618329e+00
6.355590771666931538e+00 -3.153118821304727426e+00
6.436041287763980989e+00 -3.129502473751424318e+00
6.516491803861030441e+00 -3.136130559786627359e+00
6.596942319958079892e+00 -3.157720798412195329e+00
6.677392836055131120e+00 -3.155927249654029154e+00
6.757843352152180572e+00 -3.143966611860391946e+00
6.838293868249230023e+00 -3.155535037752672967e+00
6.918744384346279475e+00 -3.170115872083574704e+00
6.999194900443328926e+00 -3.204524214487989298e+00
7.079645416540378378e+00 -3.242006454345371935e+00
7.160095932637429605e+00 -3.269097432062042952e+00
7.240546448734479057e+00 -3.298479707409925688e+00
7.320996964831528508e+00 -3.309439288292920445e+00
7.401447480928577960e+00 -3.288529918983865485e+00
7.481897997025627411e+00 -3.236859757129569637e+00
7.562348513122678639e+00 -3.179225923214637817e+00
7.642799029219728091e+00 -3.188784789016186227e+00
7.723249545316777542e+00 -3.207793756738290814e+00
7.803700061413826994e+00 -3.212006594946160476e+00
7.884150577510876445e+00 -3.218162236225214912e+00
7.964601093607927673e+00 -3.217757180046832310e+00
8.045051609704977125e+00 -3.213660955689618959e+00
8.125502125802025688e+00 -3.233030960365232964e+00
8.205952641899076028e+00 -3.237179510646201130e+00
8.286403157996124591e+00 -3.218449026470608487e+00
8.366853674093176707e+00 -3.219313271840529289e+00
8.447304190190225270e+00 -3.247966032417866966e+00
8.527754706287275610e+00 -3.268975498326559759e+00
8.608205222384324173e+00 -3.274309674235226009e+00
8.688655738481374513e+00 -3.267030439988981794e+00
8.769106254578423076e+00 -3.284236818353799769e+00
8.849556770675475192e+00 -3.302652624302631068e+00
8.930007286772523756e+00 -3.313797454034788981e+00
9.010457802869574095e+00 -3.312063828624327577e+00
9.090908318966622659e+00 -3.296723796920426608e+00
9.171358835063672998e+00 -3.300089259408165443e+00
9.251809351160723338e+00 -3.297344452700366801e+00
9.332259867257773678e+00 -3.282665865180413700e+00
9.412710383354822241e+00 -3.284616049349011302e+00
9.493160899451872581e+00 -3.280645371523870146e+00
9.573611415548921144e+00 -3.282051317530590762e+00
9.654061931645971484e+00 -3.289038387183753187e+00
9.734512447743021823e+00 -3.282343842799563927e+00
9.814962963840072163e+00 -3.291246495436659369e+00
9.895413479937120727e+00 -3.306034018472777891e+00
9.975863996034171066e+00 -3.327402757769414965e+00
1.005631451213121963e+01 -3.331581033048798712e+00
1.013676502822827175e+01 -3.336708672293510869e+00
1.021721554432532031e+01 -3.343852297417415187e+00
1.029766606042237065e+01 -3.357591630206248290e+00
