0.000000000000000000e+00 -1.549019599857431873e-01
8.045051609704977069e-02 -1.953321880131639043e-01
1.609010321940995414e-01 -5.533691319421638610e-01
2.413515482911492982e-01 -1.468226016245817167e+00
3.218020643881990828e-01 -1.988463706897441785e+00
4.022525804852488118e-01 -2.498448780775393008e+00
4.827030965822985964e-01 -3.112900752131028348e+00
5.631536126793483810e-01 -3.389117000069640007e+00
6.436041287763981655e-01 -3.512431109497947013e+00
7.240546448734478391e-01 -3.600700870686130983e+00
8.045051609704976237e-01 -3.727212081453525450e+00
8.849556770675472972e-01 -3.917439812928856124e+00
9.654061931645971928e-01 -3.973373820012930047e+00
1.045856709261647088e+00 -3.917467361303717865e+00
1.126307225358696762e+00 -3.877999162151959833e+00
1.206757741455746435e+00 -3.953683471867441845e+00
1.287208257552796331e+00 -3.914232384528264497e+00
1.367658773649846005e+00 -3.831307443923155809e+00
1.448109289746895678e+00 -3.756727381976578073e+00
1.528559805843945352e+00 -3.719336047076170715e+00
1.609010321940995247e+00 -3.696189754863333121e+00
1.689460838038045143e+00 -3.626820776931723334e+00
1.769911354135094594e+00 -3.570198667139911741e+00
1.850361870232144490e+00 -3.508111649806101351e+00
1.930812386329194386e+00 -3.428334325286315210e+00
2.011262902426244281e+00 -3.368695534123392399e+00
2.091713418523294177e+00 -3.319541088760004754e+00
2.172163934620343628e+00 -3.314996971782544044e+00
2.252614450717393524e+00 -3.316373396434890708e+00
2.333064966814443419e+00 -3.308990767025789648e+00
2.413515482911492871e+00 -3.303085599797484839e+00
2.493965999008542767e+00 -3.357622806562774898e+00
2.574416515105592662e+00 -3.381573811099696680e+00
2.654867031202642558e+00 -3.364437173919879509e+00
2.735317547299692009e+00 -3.350432772282628147e+00
2.815768063396741905e+00 -3.369896664950120968e+00
2.896218579493791356e+00 -3.348111915964861129e+00
2.976669095590841252e+00 -3.318509612529706221e+00
3.057119611687890703e+00 -3.327228325628756700e+00
3.137570127784940599e+00 -3.382209970768251583e+00
3.218020643881990495e+00 -3.390357423877121690e+00
3.298471159979039946e+00 -3.321291652555673490e+00
3.378921676076090286e+00 -3.265101099248159056e+00
3.459372192173139737e+00 -3.253858574695455363e+00
3.539822708270189189e+00 -3.252020241498534858e+00
3.620273224367239528e+00 -3.239688885010501007e+00
3.700723740464288980e+00 -3.222867932394092527e+00
3.781174256561339320e+00 -3.231950216053606884e+00
3.861624772658388771e+00 -3.318771203191314800e+00
3.942075288755438223e+00 -3.409928963174438277e+00
4.022525804852488562e+00 -3.432320252831499108e+00
4.102976320949538014e+00 -3.387187456306871791e+00
4.183426837046588354e+00 -3.327053130829881411e+00
4.263877353143637805e+00 -3.303724315496093578e+00
4.344327869240687257e+00 -3.273230289966212680e+00
4.424778385337737596e+00 -3.260206669124935175e+00
4.505228901434787048e+00 -3.266054561647688370e+00
4.585679417531836499e+00 -3.282416584273697424e+00
4.666129933628886839e+00 -3.326792902330037993e+00
4.746580449725936290e+00 -3.356007967665398883e+00
4.827030965822985742e+00 -3.334184076166204047e+00
4.907481481920036082e+00 -3.306188046813692605e+00
4.987931998017085533e+00 -3.300531176523147980e+00
5.068382514114135873e+00 -3.298598179221451598e+00
5.148833030211185324e+00 -3.326168724786839448e+00
5.229283546308234776e+00 -3.361045331493857979e+00
5.309734062405285115e+00 -3.363888059978334955e+00
5.390184578502334567e+00 -3.355846216340729438e+00
5.470635094599384018e+00 -3.372205133359263307e+00
5.551085610696433470e+00 -3.362574506037707689e+00
5.631536126793483810e+00 -3.355863977657508102e+00
5.711986642890533261e+00 -3.366480865401680234e+00
5.792437158987582713e+00 -3.390205857377321053e+00
5.872887675084633052e+00 -3.381484111540101090e+00
5.953338191181682504e+00 -3.353684557675912448e+00
6.033788707278731955e+00 -3.336580326951937181e+00
6.114239223375781407e+00 -3.317855869915942169e+00
6.194689739472831747e+00 -3.340516965294189955e+00
6.275140255569881198e+00 -3.391339317501683048e+00
6.355590771666931538e+00 -3.417974232964987813e+00
6.436041287763980989e+00 -3.405499969609347755e+00
6.516491803861030441e+00 -3.392895890194980613e+00
6.596942319958079892e+00 -3.389103441348660262e+00
6.677392836055131120e+00 -3.397752797809206360e+00
6.757843352152180572e+00 -3.397661360781140782e+00
6.838293868249230023e+00 -3.372983032921819113e+00
6.918744384346279475e+00 -3.371595282565031493e+00
6.999194900443328926e+00 -3.361041312797196312e+00
7.079645416540378378e+00 -3.357048160264080483e+00
7.160095932637429605e+00 -3.373833458497422999e+00
7.240546448734479057e+00 -3.374744640947689778e+00
7.320996964831528508e+00 -3.391814212459347555e+00
7.401447480928577960e+00 -3.396648725011339742e+00
7.481897997025627411e+00 -3.388871098731133902e+00
7.562348513122678639e+00 -3.376921674179969024e+00
7.642799029219728091e+00 -3.385191209187856654e+00
7.723249545316777542e+00 -3.422944116315718155e+00
7.803700061413826994e+00 -3.434195142126148070e+00
7.884150577510876445e+00 -3.434775354954552995e+00
7.964601093607927673e+00 -3.436262620260577716e+00
8.045051609704977125e+00 -3.433936793984583513e+00
8.125502125802025688e+00 -3.428315134340456982e+00
8.205952641899076028e+00 -3.396483896998892416e+00
8.286403157996124591e+00 -3.395970154314977840e+00
8.366853674093176707e+00 -3.437905583561666312e+00
8.447304190190225270e+00 -3.458908609883867502e+00
8.527754706287275610e+00 -3.462118288657310305e+00
8.608205222384324173e+00 -3.438342595805556456e+00
8.688655738481374513e+00 -3.422192828027940781e+00
8.769106254578423076e+00 -3.405315570782571744e+00
8.849556770675475192e+00 -3.403540568522485099e+00
8.930007286772523756e+00 -3.425911005455879010e+00
9.010457802869574095e+00 -3.431895995224484963e+00
9.090908318966622659e+00 -3.452393779507394900e+00
9.171358835063672998e+00 -3.463143209392844035e+00
9.251809351160723338e+00 -3.457412173613190198e+00
9.332259867257773678e+00 -3.460477726779423779e+00
9.412710383354822241e+00 -3.486504832366788875e+00
9.493160899451872581e+00 -3.504960957322641679e+00
9.573611415548921144e+00 -3.478489699528468648e+00
9.654061931645971484e+00 -3.468481601773468981e+00
9.734512447743021823e+00 -3.474992048247947274e+00
9.814962963840072163e+00 -3.480256936627557529e+00
9.895413479937120727e+00 -3.488697172410198277e+00
9.975863996034171066e+00 -3.529976098391278683e+00
1.005631451213121963e+01 -3.547140604883289861e+00
1.013676502822827175e+01 -3.539888275662259165e+00
1.021721554432532031e+01 -3.530980600579487483e+00
1.029766606042237065e+01 -3.530169158295764387e+00
