0.000000000000000000e+00 -1.549019599857431873e-01
8.045051609704977069e-02 -2.088147463488862210e-01
1.609010321940995414e-01 -5.801663444134965708e-01
2.413515482911492982e-01 -1.640892970787093619e+00
3.218020643881990828e-01 -2.361929591070382806e+00
4.022525804852488118e-01 -2.871319485814352035e+00
4.827030965822985964e-01 -3.096283974030924480e+00
5.631536126793483810e-01 -3.236092642502033989e+00
6.436041287763981655e-01 -3.448220645928846917e+00
7.240546448734478391e-01 -3.644430913498103219e+00
8.045051609704976237e-01 -3.716080324974099458e+00
8.849556770675472972e-01 -3.785000928404637310e+00
9.654061931645971928e-01 -3.882391448945673229e+00
1.045856709261647088e+00 -3.952623847813492297e+00
1.126307225358696762e+00 -3.894219668894071340e+00
1.206757741455746435e+00 -3.873907821645804272e+00
1.287208257552796331e+00 -3.901468747336811926e+00
1.367658773649846005e+00 -3.883318354520676863e+00
1.448109289746895678e+00 -3.833869974509869660e+00
1.528559805843945352e+00 -3.754579436689911454e+00
1.609010321940995247e+00 -3.694931739006293014e+00
1.689460838038045143e+00 -3.662437392954234205e+00
1.769911354135094594e+00 -3.594178837972012097e+00
1.850361870232144490e+00 -3.503270812443296300e+00
1.930812386329194386e+00 -3.441103801146035313e+00
2.011262902426244281e+00 -3.375755230218014269e+00
2.091713418523294177e+00 -3.274971795974007449e+00
2.172163934620343628e+00 -3.231442747805010285e+00
2.252614450717393524e+00 -3.268307357032754101e+00
2.333064966814443419e+00 -3.304760318411251951e+00
2.413515482911492871e+00 -3.291786690127902926e+00
2.493965999008542767e+00 -3.269891242971152412e+00
2.574416515105592662e+00 -3.286539435881009386e+00
2.654867031202642558e+00 -3.305142812703121269e+00
2.735317547299692009e+00 -3.319099030269495376e+00
2.815768063396741905e+00 -3.318368379469654794e+00
2.896218579493791356e+00 -3.356075678814541163e+00
2.976669095590841252e+00 -3.397241934606060276e+00
3.057119611687890703e+00 -3.429313385454176188e+00
3.137570127784940599e+00 -3.451050607884905030e+00
3.218020643881990495e+00 -3.455325758325464847e+00
3.298471159979039946e+00 -3.439881717229410718e+00
3.378921676076090286e+00 -3.388732911780903745e+00
3.459372192173139737e+00 -3.332143002655102215e+00
3.539822708270189189e+00 -3.296468855904891804e+00
3.620273224367239528e+00 -3.285161677808576375e+00
3.700723740464288980e+00 -3.322373210874723259e+00
3.781174256561339320e+00 -3.386571373301250798e+00
3.861624772658388771e+00 -3.410042175590414448e+00
3.942075288755438223e+00 -3.360936575625282252e+00
4.022525804852488562e+00 -3.326867582379359867e+00
4.102976320949538014e+00 -3.342288266329968227e+00
4.183426837046588354e+00 -3.362449241485764517e+00
4.263877353143637805e+00 -3.340162106399157338e+00
4.344327869240687257e+00 -3.321160563230381779e+00
4.424778385337737596e+00 -3.308335324340899053e+00
4.505228901434787048e+00 -3.304958430930294178e+00
4.585679417531836499e+00 -3.307908736749250789e+00
4.666129933628886839e+00 -3.330273914660408341e+00
4.746580449725936290e+00 -3.365020597219889442e+00
4.827030965822985742e+00 -3.385191867855360748e+00
4.907481481920036082e+00 -3.386727678430840438e+00
4.987931998017085533e+00 -3.396622937154635480e+00
5.068382514114135873e+00 -3.395006783523366156e+00
5.148833030211185324e+00 -3.362330951093103870e+00
5.229283546308234776e+00 -3.349727852077008183e+00
5.309734062405285115e+00 -3.378325211618076640e+00
5.390184578502334567e+00 -3.388550400209652924e+00
5.470635094599384018e+00 -3.351767880310582814e+00
5.551085610696433470e+00 -3.327809183817647121e+00
5.631536126793483810e+00 -3.315151946951804263e+00
5.711986642890533261e+00 -3.301204769168245790e+00
5.792437158987582713e+00 -3.293841009438448264e+00
5.872887675084633052e+00 -3.309082310000497795e+00
5.953338191181682504e+00 -3.339462250153435452e+00
6.033788707278731955e+00 -3.363305949157261221e+00
6.114239223375781407e+00 -3.399979569500174659e+00
6.194689739472831747e+00 -3.438961133526379221e+00
6.275140255569881198e+00 -3.430332150166858884e+00
6.355590771666931538e+00 -3.416305966115764647e+00
6.436041287763980989e+00 -3.434032913692386835e+00
6.516491803861030441e+00 -3.427521260408191051e+00
6.596942319958079892e+00 -3.396259309025395190e+00
6.677392836055131120e+00 -3.397353610352909836e+00
6.757843352152180572e+00 -3.429248455740095736e+00
6.838293868249230023e+00 -3.408183741777373488e+00
6.918744384346279475e+00 -3.384350771384180945e+00
6.999194900443328926e+00 -3.399439790987227372e+00
7.079645416540378378e+00 -3.437961308317794895e+00
7.160095932637429605e+00 -3.441438713416098416e+00
7.240546448734479057e+00 -3.397693175111843988e+00
7.320996964831528508e+00 -3.362830666364709398e+00
7.401447480928577960e+00 -3.362286079891942059e+00
7.481897997025627411e+00 -3.388594847575849389e+00
7.562348513122678639e+00 -3.431662388209578918e+00
7.642799029219728091e+00 -3.433086303047667265e+00
7.723249545316777542e+00 -3.419832549513136755e+00
7.803700061413826994e+00 -3.419438195727228624e+00
7.884150577510876445e+00 -3.442099524736808913e+00
7.964601093607927673e+00 -3.448572363981023514e+00
8.045051609704977125e+00 -3.434301563278881364e+00
8.125502125802025688e+00 -3.436875932306610704e+00
8.205952641899076028e+00 -3.449820524706912028e+00
8.286403157996124591e+00 -3.481791735436206014e+00
8.366853674093176707e+00 -3.508466691349714228e+00
8.447304190190225270e+00 -3.508058826254293106e+00
8.527754706287275610e+00 -3.502013449555681390e+00
8.608205222384324173e+00 -3.497276224839422021e+00
8.688655738481374513e+00 -3.492478070511762400e+00
8.769106254578423076e+00 -3.497957762600191423e+00
8.849556770675475192e+00 -3.519774697850633238e+00
8.930007286772523756e+00 -3.510547778233651162e+00
9.010457802869574095e+00 -3.465895370682369414e+00
9.090908318966622659e+00 -3.437478299862966047e+00
9.171358835063672998e+00 -3.462850632638957205e+00
9.251809351160723338e+00 -3.488372199792170392e+00
9.332259867257773678e+00 -3.502610798220028965e+00
9.412710383354822241e+00 -3.506916608103861854e+00
9.493160899451872581e+00 -3.493580067797461108e+00
9.573611415548921144e+00 -3.479310512925138266e+00
9.654061931645971484e+00 -3.490459499135348587e+00
9.734512447743021823e+00 -3.504847640992637015e+00
9.814962963840072163e+00 -3.500683720013731737e+00
9.895413479937120727e+00 -3.504083313940237421e+00
9.975863996034171066e+00 -3.496523771241489165e+00
1.005631451213121963e+01 -3.510405424231923810e+00
1.013676502822827175e+01 -3.532705532945901172e+00
1.021721554432532031e+01 -3.522437899274012185e+00
1.029766606042237065e+01 -3.520050606974180152e+00
