0.000000000000000000e+00 -1.549019599857431873e-01
8.045051609704977069e-02 -1.878024302512866228e-01
1.609010321940995414e-01 -5.114126004127801384e-01
2.413515482911492982e-01 -1.388649691899201066e+00
3.218020643881990828e-01 -1.896215262068612128e+00
4.022525804852488118e-01 -2.362279596662382630e+00
4.827030965822985964e-01 -2.910361299616434305e+00
5.631536126793483810e-01 -3.394189110647179763e+00
6.436041287763981655e-01 -3.430370191277877900e+00
7.240546448734478391e-01 -3.496743236040479097e+00
8.045051609704976237e-01 -3.581073861513386358e+00
8.849556770675472972e-01 -3.712796331385822324e+00
9.654061931645971928e-01 -3.885851468014145826e+00
1.045856709261647088e+00 -3.964571757990292600e+00
1.126307225358696762e+00 -3.980868504850656908e+00
1.206757741455746435e+00 -3.966715924854873343e+00
1.287208257552796331e+00 -3.954926916608365151e+00
1.367658773649846005e+00 -3.980258420779744899e+00
1.448109289746895678e+00 -3.967434611813506429e+00
1.528559805843945352e+00 -3.944164396163163833e+00
1.609010321940995247e+00 -3.865630355941640062e+00
1.689460838038045143e+00 -3.729397635850989712e+00
1.769911354135094594e+00 -3.555478909101104978e+00
1.850361870232144490e+00 -3.417189667848457901e+00
1.930812386329194386e+00 -3.354717998687204883e+00
2.011262902426244281e+00 -3.332834637438782721e+00
2.091713418523294177e+00 -3.304113995272325521e+00
2.172163934620343628e+00 -3.274739008991875533e+00
2.252614450717393524e+00 -3.254709321075414330e+00
2.333064966814443419e+00 -3.218349790424765988e+00
2.413515482911492871e+00 -3.229465119338833290e+00
2.493965999008542767e+00 -3.289085513630744639e+00
2.574416515105592662e+00 -3.369445649008917520e+00
2.654867031202642558e+00 -3.427832454558771946e+00
2.735317547299692009e+00 -3.418890744171204421e+00
2.815768063396741905e+00 -3.399551953474413413e+00
2.896218579493791356e+00 -3.394382044989998182e+00
2.976669095590841252e+00 -3.372485394956243887e+00
3.057119611687890703e+00 -3.355235725152918125e+00
3.137570127784940599e+00 -3.360074467825453493e+00
3.218020643881990495e+00 -3.346200630227937012e+00
3.298471159979039946e+00 -3.321003844642152369e+00
3.378921676076090286e+00 -3.298473176663895945e+00
3.459372192173139737e+00 -3.270576762545275962e+00
3.539822708270189189e+00 -3.266952169819442808e+00
3.620273224367239528e+00 -3.255991318279375157e+00
3.700723740464288980e+00 -3.234782270468011589e+00
3.781174256561339320e+00 -3.248992593500251047e+00
3.861624772658388771e+00 -3.298991937481785985e+00
3.942075288755438223e+00 -3.353015527816727737e+00
4.022525804852488562e+00 -3.386640106678122208e+00
4.102976320949538014e+00 -3.390912345951895723e+00
4.183426837046588354e+00 -3.381563242566291816e+00
4.263877353143637805e+00 -3.364914147255329002e+00
4.344327869240687257e+00 -3.321891690787796225e+00
4.424778385337737596e+00 -3.292430232846784932e+00
4.505228901434787048e+00 -3.295276460835853793e+00
4.585679417531836499e+00 -3.336381858930418165e+00
4.666129933628886839e+00 -3.378450433672360642e+00
4.746580449725936290e+00 -3.398904343351837554e+00
4.827030965822985742e+00 -3.392208481520144758e+00
4.907481481920036082e+00 -3.408800135455964053e+00
4.987931998017085533e+00 -3.392551533258220342e+00
5.068382514114135873e+00 -3.368375133795574961e+00
5.148833030211185324e+00 -3.348649614650417661e+00
5.229283546308234776e+00 -3.305320513036849484e+00
5.309734062405285115e+00 -3.269114917177371460e+00
5.390184578502334567e+00 -3.254737931565972353e+00
5.470635094599384018e+00 -3.277601612071409320e+00
5.551085610696433470e+00 -3.318542559107181322e+00
5.631536126793483810e+00 -3.338522445418171003e+00
5.711986642890533261e+00 -3.343298903801418920e+00
5.792437158987582713e+00 -3.358274328108610707e+00
5.872887675084633052e+00 -3.375953383889297665e+00
5.953338191181682504e+00 -3.379953425938639455e+00
6.033788707278731955e+00 -3.356774800090450039e+00
6.114239223375781407e+00 -3.325398081553108565e+00
6.194689739472831747e+00 -3.322497592653242737e+00
6.275140255569881198e+00 -3.336181086149824893e+00
6.355590771666931538e+00 -3.374695901638879114e+00
6.436041287763980989e+00 -3.395342843298697399e+00
6.516491803861030441e+00 -3.414773213110973593e+00
6.596942319958079892e+00 -3.440478893121129644e+00
6.677392836055131120e+00 -3.469415627838513760e+00
6.757843352152180572e+00 -3.456573096193348515e+00
6.838293868249230023e+00 -3.426534059468705706e+00
6.918744384346279475e+00 -3.406897833309149970e+00
6.999194900443328926e+00 -3.399890035315589198e+00
7.079645416540378378e+00 -3.375673348816814467e+00
7.160095932637429605e+00 -3.347355900178651922e+00
7.240546448734479057e+00 -3.343814000400881170e+00
7.320996964831528508e+00 -3.381886290535095263e+00
7.401447480928577960e+00 -3.409635992437508811e+00
7.481897997025627411e+00 -3.421215595320170166e+00
7.562348513122678639e+00 -3.385760401742358816e+00
7.642799029219728091e+00 -3.366434970272900173e+00
7.723249545316777542e+00 -3.379478219139782968e+00
7.803700061413826994e+00 -3.384134787636699837e+00
7.884150577510876445e+00 -3.379951075704658248e+00
7.964601093607927673e+00 -3.422115513273541243e+00
8.045051609704977125e+00 -3.479014833474269430e+00
8.125502125802025688e+00 -3.482816890200338911e+00
8.205952641899076028e+00 -3.454213183684424315e+00
8.286403157996124591e+00 -3.423145855448340491e+00
8.366853674093176707e+00 -3.428006890048320709e+00
8.447304190190225270e+00 -3.452468663090856094e+00
8.527754706287275610e+00 -3.460773635507343293e+00
8.608205222384324173e+00 -3.467784604710000718e+00
8.688655738481374513e+00 -3.457764966402077533e+00
8.769106254578423076e+00 -3.429966520020523379e+00
8.849556770675475192e+00 -3.405131296110959660e+00
8.930007286772523756e+00 -3.403638691072148781e+00
9.010457802869574095e+00 -3.413091554501168190e+00
9.090908318966622659e+00 -3.437880379744600035e+00
9.171358835063672998e+00 -3.441679326605033840e+00
9.251809351160723338e+00 -3.426831234351722877e+00
9.332259867257773678e+00 -3.417059683974325690e+00
9.412710383354822241e+00 -3.441366840005626315e+00
9.493160899451872581e+00 -3.471053244042247687e+00
9.573611415548921144e+00 -3.479149364234314312e+00
9.654061931645971484e+00 -3.473915014657770861e+00
9.734512447743021823e+00 -3.479805472294049018e+00
9.814962963840072163e+00 -3.498653388092565208e+00
9.895413479937120727e+00 -3.501789455756821212e+00
9.975863996034171066e+00 -3.503494438152924939e+00
1.005631451213121963e+01 -3.503288349763470144e+00
1.013676502822827175e+01 -3.512979477020727881e+00
1.021721554432532031e+01 -3.512134502505769529e+00
1.029766606042237065e+01 -3.495039279502166529e+00
