0.000000000000000000e+00 -1.549019599857431873e-01
8.045051609704977069e-02 -1.992705174270393564e-01
1.609010321940995414e-01 -4.816242897591063166e-01
2.413515482911492982e-01 -1.193981064731704844e+00
3.218020643881990828e-01 -1.766435348844561215e+00
4.022525804852488118e-01 -2.394990811040701217e+00
4.827030965822985964e-01 -3.094914810422172646e+00
5.631536126793483810e-01 -3.328089559850124335e+00
6.436041287763981655e-01 -3.445300106276306451e+00
7.240546448734478391e-01 -3.557123349450264538e+00
8.045051609704976237e-01 -3.725611912775142809e+00
8.849556770675472972e-01 -3.892106078987460194e+00
9.654061931645971928e-01 -3.917281517930454537e+00
1.045856709261647088e+00 -3.840493013480790196e+00
1.126307225358696762e+00 -3.765188333153676403e+00
1.206757741455746435e+00 -3.768872269588734447e+00
1.287208257552796331e+00 -3.871507707484988181e+00
1.367658773649846005e+00 -3.915913597702014748e+00
1.448109289746895678e+00 -3.866320340875156969e+00
1.528559805843945352e+00 -3.763358899850406836e+00
1.609010321940995247e+00 -3.612659284863429576e+00
1.689460838038045143e+00 -3.511676835257079965e+00
1.769911354135094594e+00 -3.480062911723428520e+00
1.850361870232144490e+00 -3.441361878364454174e+00
1.930812386329194386e+00 -3.356462147700613130e+00
2.011262902426244281e+00 -3.314605551603660771e+00
2.091713418523294177e+00 -3.334085992462279879e+00
2.172163934620343628e+00 -3.335771344338343436e+00
2.252614450717393524e+00 -3.301350610109844208e+00
2.333064966814443419e+00 -3.260042931805636091e+00
2.413515482911492871e+00 -3.249520193833090431e+00
2.493965999008542767e+00 -3.235756543339919578e+00
2.574416515105592662e+00 -3.248875212430416326e+00
2.654867031202642558e+00 -3.274224245465905625e+00
2.735317547299692009e+00 -3.294481001151946309e+00
2.815768063396741905e+00 -3.292321261693158529e+00
2.896218579493791356e+00 -3.278524815442345197e+00
2.976669095590841252e+00 -3.296983417561917484e+00
3.057119611687890703e+00 -3.335544084004781418e+00
3.137570127784940599e+00 -3.351036736119345605e+00
3.218020643881990495e+00 -3.341616138314302820e+00
3.298471159979039946e+00 -3.303132200250618933e+00
3.378921676076090286e+00 -3.298640554126228253e+00
3.459372192173139737e+00 -3.349049005410951185e+00
3.539822708270189189e+00 -3.389463268049466294e+00
3.620273224367239528e+00 -3.356818637801571636e+00
3.700723740464288980e+00 -3.315617702428867997e+00
3.781174256561339320e+00 -3.296235195036185228e+00
3.861624772658388771e+00 -3.324450003180091873e+00
3.942075288755438223e+00 -3.354790235837966872e+00
4.022525804852488562e+00 -3.363610807175918982e+00
4.102976320949538014e+00 -3.353831946981009171e+00
4.183426837046588354e+00 -3.374443099780074728e+00
4.263877353143637805e+00 -3.414626088774365797e+00
4.344327869240687257e+00 -3.401983265966544767e+00
4.424778385337737596e+00 -3.366801513875876228e+00
4.505228901434787048e+00 -3.346105939088125147e+00
4.585679417531836499e+00 -3.342660005046719895e+00
4.666129933628886839e+00 -3.349020132494526791e+00
4.746580449725936290e+00 -3.372881078131691357e+00
4.827030965822985742e+00 -3.378303705452612604e+00
4.907481481920036082e+00 -3.360357967844358473e+00
4.987931998017085533e+00 -3.341450066454441536e+00
5.068382514114135873e+00 -3.350851497377731025e+00
5.148833030211185324e+00 -3.370256066121043670e+00
5.229283546308234776e+00 -3.374392711761458052e+00
5.309734062405285115e+00 -3.375368886784446243e+00
5.390184578502334567e+00 -3.359313694505340564e+00
5.470635094599384018e+00 -3.353866044687255688e+00
5.551085610696433470e+00 -3.368200491112714356e+00
5.631536126793483810e+00 -3.383183870288640538e+00
5.711986642890533261e+00 -3.373008685841439647e+00
5.792437158987582713e+00 -3.342225346332116320e+00
5.872887675084633052e+00 -3.346155333162845746e+00
5.953338191181682504e+00 -3.350108517635825400e+00
6.033788707278731955e+00 -3.343734832388881806e+00
6.114239223375781407e+00 -3.357312084188296630e+00
6.194689739472831747e+00 -3.364632908172148884e+00
6.275140255569881198e+00 -3.373604752021507114e+00
6.355590771666931538e+00 -3.385036897646582776e+00
6.436041287763980989e+00 -3.392830719544298823e+00
6.516491803861030441e+00 -3.377949644862822787e+00
6.596942319958079892e+00 -3.373996612164056330e+00
6.677392836055131120e+00 -3.380981236027419179e+00
6.757843352152180572e+00 -3.384548565641772644e+00
6.838293868249230023e+00 -3.394048721050682449e+00
6.918744384346279475e+00 -3.422047962458623971e+00
6.999194900443328926e+00 -3.444491393514802269e+00
7.079645416540378378e+00 -3.443731676881284898e+00
7.160095932637429605e+00 -3.432362105323110590e+00
7.240546448734479057e+00 -3.423193634650863348e+00
7.320996964831528508e+00 -3.423379202840589830e+00
7.401447480928577960e+00 -3.438336703148519913e+00
7.481897997025627411e+00 -3.443463272438930023e+00
7.562348513122678639e+00 -3.403644810796834896e+00
7.642799029219728091e+00 -3.369342110083528130e+00
7.723249545316777542e+00 -3.366245730056403040e+00
7.803700061413826994e+00 -3.407279772692642261e+00
7.884150577510876445e+00 -3.429795218647778032e+00
7.964601093607927673e+00 -3.433236307050634650e+00
8.045051609704977125e+00 -3.452991735483535329e+00
8.125502125802025688e+00 -3.479782470538004713e+00
8.205952641899076028e+00 -3.459522944723173232e+00
8.286403157996124591e+00 -3.410492836250972992e+00
8.366853674093176707e+00 -3.373451141002948628e+00
8.447304190190225270e+00 -3.372643321257162707e+00
8.527754706287275610e+00 -3.382246849075842832e+00
8.608205222384324173e+00 -3.403128226714744464e+00
8.688655738481374513e+00 -3.412973526777474120e+00
8.769106254578423076e+00 -3.433508808574015969e+00
8.849556770675475192e+00 -3.446117376120307441e+00
8.930007286772523756e+00 -3.472147474428215919e+00
9.010457802869574095e+00 -3.486684254589033749e+00
9.090908318966622659e+00 -3.494805989090419729e+00
9.171358835063672998e+00 -3.497517330387890144e+00
9.251809351160723338e+00 -3.480382649720221266e+00
9.332259867257773678e+00 -3.464918945289895635e+00
9.412710383354822241e+00 -3.445756579513787887e+00
9.493160899451872581e+00 -3.452038316167493015e+00
9.573611415548921144e+00 -3.476362550528798945e+00
9.654061931645971484e+00 -3.514943244300066993e+00
9.734512447743021823e+00 -3.534163358912645769e+00
9.814962963840072163e+00 -3.535797315517450023e+00
9.895413479937120727e+00 -3.544685202595310169e+00
9.975863996034171066e+00 -3.551744647527848908e+00
1.005631451213121963e+01 -3.542074276108891695e+00
1.013676502822827175e+01 -3.522998559800007534e+00
1.021721554432532031e+01 -3.495580391673556608e+00
1.029766606042237065e+01 -3.496216906145261927e+00
