0.000000000000000000e+00 -1.549019599857431873e-01
8.045051609704977069e-02 -2.069084196036079237e-01
1.609010321940995414e-01 -5.947606290121824069e-01
2.413515482911492982e-01 -1.348352392620348006e+00
3.218020643881990828e-01 -1.694127950177881869e+00
4.022525804852488118e-01 -2.539879068690908070e+00
4.827030965822985964e-01 -2.982117055024436691e+00
5.631536126793483810e-01 -3.125426252516268377e+00
6.436041287763981655e-01 -3.335365577614764820e+00
7.240546448734478391e-01 -3.476863370261768615e+00
8.045051609704976237e-01 -3.611652178433224059e+00
8.849556770675472972e-01 -3.685780659371777457e+00
9.654061931645971928e-01 -3.738475867726324786e+00
1.045856709261647088e+00 -3.821925437967956363e+00
1.126307225358696762e+00 -3.902509633849527315e+00
1.206757741455746435e+00 -3.977187569367985009e+00
1.287208257552796331e+00 -4.028280169771194075e+00
1.367658773649846005e+00 -4.020494574287322820e+00
1.448109289746895678e+00 -3.931721476629297829e+00
1.528559805843945352e+00 -3.827336842595947086e+00
1.609010321940995247e+00 -3.694729736820669075e+00
1.689460838038045143e+00 -3.557468240145761129e+00
1.769911354135094594e+00 -3.500531063492074324e+00
1.850361870232144490e+00 -3.450480538815929865e+00
1.930812386329194386e+00 -3.386884929989379067e+00
2.011262902426244281e+00 -3.314091591852957208e+00
2.091713418523294177e+00 -3.249570272448471631e+00
2.172163934620343628e+00 -3.195958758248937492e+00
2.252614450717393524e+00 -3.191952785380074431e+00
2.333064966814443419e+00 -3.188281514227230495e+00
2.413515482911492871e+00 -3.225465191371638785e+00
2.493965999008542767e+00 -3.268566526536958783e+00
2.574416515105592662e+00 -3.296946967658838989e+00
2.654867031202642558e+00 -3.342640269893592642e+00
2.735317547299692009e+00 -3.384462430696378199e+00
2.815768063396741905e+00 -3.377542715726226774e+00
2.896218579493791356e+00 -3.341144207413831779e+00
2.976669095590841252e+00 -3.342519924709694390e+00
3.057119611687890703e+00 -3.331813264297542432e+00
3.137570127784940599e+00 -3.293991657221185143e+00
3.218020643881990495e+00 -3.274917059175735279e+00
3.298471159979039946e+00 -3.263965866189933784e+00
3.378921676076090286e+00 -3.277388471590775065e+00
3.459372192173139737e+00 -3.324155026674061375e+00
3.539822708270189189e+00 -3.351073040267672720e+00
3.620273224367239528e+00 -3.333209090988284107e+00
3.700723740464288980e+00 -3.329228951912136747e+00
3.781174256561339320e+00 -3.310586611717938332e+00
3.861624772658388771e+00 -3.273541516694945752e+00
3.942075288755438223e+00 -3.262884308162300684e+00
4.022525804852488562e+00 -3.283870023065333488e+00
4.102976320949538014e+00 -3.281906069785587743e+00
4.183426837046588354e+00 -3.260247831295471688e+00
4.263877353143637805e+00 -3.262483231020249619e+00
4.344327869240687257e+00 -3.271750179843857964e+00
4.424778385337737596e+00 -3.303362013911510964e+00
4.505228901434787048e+00 -3.353981539254631716e+00
4.585679417531836499e+00 -3.398539794621131982e+00
4.666129933628886839e+00 -3.403299089799099342e+00
4.746580449725936290e+00 -3.387717082527044621e+00
4.827030965822985742e+00 -3.380828668659690894e+00
4.907481481920036082e+00 -3.369753924331313044e+00
4.987931998017085533e+00 -3.356671768346049411e+00
5.068382514114135873e+00 -3.328919105823800795e+00
5.148833030211185324e+00 -3.307077303790775691e+00
5.229283546308234776e+00 -3.312699235867771375e+00
5.309734062405285115e+00 -3.353872528423218480e+00
5.390184578502334567e+00 -3.356664770265884723e+00
5.470635094599384018e+00 -3.337239414931822967e+00
5.551085610696433470e+00 -3.341736841122520119e+00
5.631536126793483810e+00 -3.346529164362124664e+00
5.711986642890533261e+00 -3.340857794305856387e+00
5.792437158987582713e+00 -3.337660519862202690e+00
5.872887675084633052e+00 -3.358568525720188269e+00
5.953338191181682504e+00 -3.380553237008487866e+00
6.033788707278731955e+00 -3.377597470431909610e+00
6.114239223375781407e+00 -3.367994235718043683e+00
6.194689739472831747e+00 -3.359432613882083807e+00
6.275140255569881198e+00 -3.383773956147144713e+00
6.355590771666931538e+00 -3.419906963882822115e+00
6.436041287763980989e+00 -3.429978153148822706e+00
6.516491803861030441e+00 -3.444730834297975886e+00
6.596942319958079892e+00 -3.478800808850017301e+00
6.677392836055131120e+00 -3.491137103226536365e+00
6.757843352152180572e+00 -3.442891679448053299e+00
6.838293868249230023e+00 -3.395065089286905202e+00
6.918744384346279475e+00 -3.405177287774990624e+00
6.999194900443328926e+00 -3.407240154407710442e+00
7.079645416540378378e+00 -3.417009624982799476e+00
7.160095932637429605e+00 -3.434158243662331245e+00
7.240546448734479057e+00 -3.429168912696810345e+00
7.320996964831528508e+00 -3.385710343057024119e+00
7.401447480928577960e+00 -3.396858554543504383e+00
7.481897997025627411e+00 -3.447938317487180715e+00
7.562348513122678639e+00 -3.458138310815059402e+00
7.642799029219728091e+00 -3.432199383297366957e+00
7.723249545316777542e+00 -3.436400036181490592e+00
7.803700061413826994e+00 -3.458627396254565944e+00
7.884150577510876445e+00 -3.437413624772834186e+00
7.964601093607927673e+00 -3.405393750387022411e+00
8.045051609704977125e+00 -3.418472013247616736e+00
8.125502125802025688e+00 -3.440245906510497331e+00
8.205952641899076028e+00 -3.441174185683979037e+00
8.286403157996124591e+00 -3.443240160695407948e+00
8.366853674093176707e+00 -3.443436171874845630e+00
8.447304190190225270e+00 -3.437342015681029928e+00
8.527754706287275610e+00 -3.417390148321042265e+00
8.608205222384324173e+00 -3.432761808899038591e+00
8.688655738481374513e+00 -3.493124850132192538e+00
8.769106254578423076e+00 -3.523396731025658646e+00
8.849556770675475192e+00 -3.533386170977440344e+00
8.930007286772523756e+00 -3.502251350890870807e+00
9.010457802869574095e+00 -3.481705958379584853e+00
9.090908318966622659e+00 -3.456846343216450901e+00
9.171358835063672998e+00 -3.454361815806800351e+00
9.251809351160723338e+00 -3.469488072816735436e+00
9.332259867257773678e+00 -3.483449964495506812e+00
9.412710383354822241e+00 -3.501817410766951522e+00
9.493160899451872581e+00 -3.503732659542698524e+00
9.573611415548921144e+00 -3.506031538689096561e+00
9.654061931645971484e+00 -3.507921495629783504e+00
9.734512447743021823e+00 -3.518886693356242823e+00
9.814962963840072163e+00 -3.536025500125746568e+00
9.895413479937120727e+00 -3.539997278696588978e+00
9.975863996034171066e+00 -3.562938763321108926e+00
1.005631451213121963e+01 -3.564833095196904278e+00
1.013676502822827175e+01 -3.544296079813173517e+00
1.021721554432532031e+01 -3.521887272205714847e+00
1.029766606042237065e+01 -3.511113960324878214e+00
