0.000000000000000000e+00 -1.549019599857431873e-01
8.045051609704977069e-02 -2.051453734168083021e-01
1.609010321940995414e-01 -6.309842263801669349e-01
2.413515482911492982e-01 -1.824314748986368473e+00
3.218020643881990828e-01 -1.864112512322476212e+00
4.022525804852488118e-01 -1.593129763011884359e+00
4.827030965822985964e-01 -1.650971539976808788e+00
5.631536126793483810e-01 -1.789429739228220573e+00
6.436041287763981655e-01 -1.964103932479703385e+00
7.240546448734478391e-01 -2.090229435337454866e+00
8.045051609704976237e-01 -2.263511039753831611e+00
8.849556770675472972e-01 -2.450454062854151349e+00
9.654061931645971928e-01 -2.568252378920859780e+00
1.045856709261647088e+00 -2.664902257493902749e+00
1.126307225358696762e+00 -2.738460654248573878e+00
1.206757741455746435e+00 -2.795428463144142395e+00
1.287208257552796331e+00 -2.791554647838403458e+00
1.367658773649846005e+00 -2.721802712993680817e+00
1.448109289746895678e+00 -2.673420281669159237e+00
1.528559805843945352e+00 -2.694579743480216560e+00
1.609010321940995247e+00 -2.733683514152197347e+00
1.689460838038045143e+00 -2.742451970942202166e+00
1.769911354135094594e+00 -2.701895874670457331e+00
1.850361870232144490e+00 -2.652420542202338805e+00
1.930812386329194386e+00 -2.622023950763634481e+00
2.011262902426244281e+00 -2.630990097182158038e+00
2.091713418523294177e+00 -2.657009185888979719e+00
2.172163934620343628e+00 -2.703671927140627762e+00
2.252614450717393524e+00 -2.713106566445162127e+00
2.333064966814443419e+00 -2.679747230178435746e+00
2.413515482911492871e+00 -2.636764126335470415e+00
2.493965999008542767e+00 -2.609866162041693194e+00
2.574416515105592662e+00 -2.611136233880477775e+00
2.654867031202642558e+00 -2.603807495686194518e+00
2.735317547299692009e+00 -2.589832639500452949e+00
2.815768063396741905e+00 -2.567612243628121238e+00
2.896218579493791356e+00 -2.549055200877581306e+00
2.976669095590841252e+00 -2.524132187346474598e+00
3.057119611687890703e+00 -2.538852744101059322e+00
3.137570127784940599e+00 -2.558493034771359920e+00
3.218020643881990495e+00 -2.608793466897518343e+00
3.298471159979039946e+00 -2.646828513855921106e+00
3.378921676076090286e+00 -2.648977573542228736e+00
3.459372192173139737e+00 -2.635616366434786695e+00
3.539822708270189189e+00 -2.640691895159051228e+00
3.620273224367239528e+00 -2.605151309704537343e+00
3.700723740464288980e+00 -2.559635339241296048e+00
3.781174256561339320e+00 -2.541401943109337758e+00
3.861624772658388771e+00 -2.526240809506452134e+00
3.942075288755438223e+00 -2.529526898163307447e+00
4.022525804852488562e+00 -2.570584800949750282e+00
4.102976320949538014e+00 -2.625687273609642602e+00
4.183426837046588354e+00 -2.642965314133055799e+00
4.263877353143637805e+00 -2.637533468495240729e+00
4.344327869240687257e+00 -2.641707907696400071e+00
4.424778385337737596e+00 -2.623279548190343036e+00
4.505228901434787048e+00 -2.622391174862028329e+00
4.585679417531836499e+00 -2.647626511382088044e+00
4.666129933628886839e+00 -2.665099067884877826e+00
4.746580449725936290e+00 -2.675043958653815501e+00
4.827030965822985742e+00 -2.683442153890905235e+00
4.907481481920036082e+00 -2.661826593807765207e+00
4.987931998017085533e+00 -2.642958387840710355e+00
5.068382514114135873e+00 -2.663126593776971252e+00
5.148833030211185324e+00 -2.692694699630774124e+00
5.229283546308234776e+00 -2.698660623623579724e+00
5.309734062405285115e+00 -2.696631078096981771e+00
5.390184578502334567e+00 -2.692799829345882134e+00
5.470635094599384018e+00 -2.684878111502386755e+00
5.551085610696433470e+00 -2.659610062956475396e+00
5.631536126793483810e+00 -2.612993124062518824e+00
5.711986642890533261e+00 -2.555412298761193135e+00
5.792437158987582713e+00 -2.562698120138188429e+00
5.872887675084633052e+00 -2.640991803368439861e+00
5.953338191181682504e+00 -2.694384143900898199e+00
6.033788707278731955e+00 -2.693365566839134750e+00
6.114239223375781407e+00 -2.689112141347191454e+00
6.194689739472831747e+00 -2.688270115841951746e+00
6.275140255569881198e+00 -2.687569782940533170e+00
6.355590771666931538e+00 -2.710978630624785612e+00
6.436041287763980989e+00 -2.730382044843917555e+00
6.516491803861030441e+00 -2.725248500652940109e+00
6.596942319958079892e+00 -2.732024741677503865e+00
6.677392836055131120e+00 -2.722940930622903988e+00
6.757843352152180572e+00 -2.688144080942971748e+00
6.838293868249230023e+00 -2.672918148474847211e+00
6.918744384346279475e+00 -2.668250843135671957e+00
6.999194900443328926e+00 -2.687182975243445515e+00
7.079645416540378378e+00 -2.686951482554132742e+00
7.160095932637429605e+00 -2.713575248584080946e+00
7.240546448734479057e+00 -2.716479873628499409e+00
7.320996964831528508e+00 -2.705155569747756061e+00
7.401447480928577960e+00 -2.664251102296998575e+00
7.481897997025627411e+00 -2.635970340368473330e+00
7.562348513122678639e+00 -2.644070932725231415e+00
7.642799029219728091e+00 -2.700288151980498874e+00
7.723249545316777542e+00 -2.736546896225592107e+00
7.803700061413826994e+00 -2.751604608755602310e+00
7.884150577510876445e+00 -2.768798428276481705e+00
7.964601093607927673e+00 -2.775425678567370547e+00
8.045051609704977125e+00 -2.773834561746035821e+00
8.125502125802025688e+00 -2.784647952023332262e+00
8.205952641899076028e+00 -2.786236569714220845e+00
8.286403157996124591e+00 -2.767555472905257385e+00
8.366853674093176707e+00 -2.762145454815875478e+00
8.447304190190225270e+00 -2.765636862191467316e+00
8.527754706287275610e+00 -2.781547610817697525e+00
8.608205222384324173e+00 -2.791872657989019402e+00
8.688655738481374513e+00 -2.783063004603226531e+00
8.769106254578423076e+00 -2.778380927766119335e+00
8.849556770675475192e+00 -2.810517806853452427e+00
8.930007286772523756e+00 -2.819846677691395076e+00
9.010457802869574095e+00 -2.800465637014496245e+00
9.090908318966622659e+00 -2.787763206527432480e+00
9.171358835063672998e+00 -2.787024356491895283e+00
9.251809351160723338e+00 -2.796589088009905577e+00
9.332259867257773678e+00 -2.785940770000140621e+00
9.412710383354822241e+00 -2.764346652392276837e+00
9.493160899451872581e+00 -2.778431753170508500e+00
9.573611415548921144e+00 -2.811283155833579794e+00
9.654061931645971484e+00 -2.813841240924658038e+00
9.734512447743021823e+00 -2.814972011303980004e+00
9.814962963840072163e+00 -2.815280880070746061e+00
9.895413479937120727e+00 -2.797768407394521706e+00
9.975863996034171066e+00 -2.794877370614263778e+00
1.005631451213121963e+01 -2.788847731998870483e+00
1.013676502822827175e+01 -2.784312227318543442e+00
1.021721554432532031e+01 -2.786753879620753604e+00
1.029766606042237065e+01 -2.799381598759582701e+00
