0.000000000000000000e+00 -1.549019599857431873e-01
8.045051609704977069e-02 -3.941998820647834578e-01
1.609010321940995414e-01 -1.253232038077017219e+00
2.413515482911492982e-01 -3.278761345183873743e+00
3.218020643881990828e-01 -3.492172987491195091e+00
4.022525804852488118e-01 -3.037629412894011782e+00
4.827030965822985964e-01 -2.998002849154894012e+00
5.631536126793483810e-01 -3.362257094925927170e+00
6.436041287763981655e-01 -4.021562144514416737e+00
7.240546448734478391e-01 -4.625614885834103518e+00
8.045051609704976237e-01 -4.921449775398180293e+00
8.849556770675472972e-01 -5.046504825836970021e+00
9.654061931645971928e-01 -5.354845351635431072e+00
1.045856709261647088e+00 -5.775360426693723070e+00
1.126307225358696762e+00 -5.754983819556997560e+00
1.206757741455746435e+00 -5.628425989910164517e+00
1.287208257552796331e+00 -5.543793175986846400e+00
1.367658773649846005e+00 -5.437998788402209627e+00
1.448109289746895678e+00 -5.409062724935678190e+00
1.528559805843945352e+00 -5.459123234025869742e+00
1.609010321940995247e+00 -5.520584465124485973e+00
1.689460838038045143e+00 -5.563379242582348283e+00
1.769911354135094594e+00 -5.475100578938489448e+00
1.850361870232144490e+00 -5.315912156274902323e+00
1.930812386329194386e+00 -5.208348812420734220e+00
2.011262902426244281e+00 -5.169176798661847094e+00
2.091713418523294177e+00 -5.207019175430684932e+00
2.172163934620343628e+00 -5.173353791452225181e+00
2.252614450717393524e+00 -5.135911861148810154e+00
2.333064966814443419e+00 -5.155398910900402143e+00
2.413515482911492871e+00 -5.257649843768853692e+00
2.493965999008542767e+00 -5.341473323823562325e+00
2.574416515105592662e+00 -5.352922118057463763e+00
2.654867031202642558e+00 -5.300814907624004313e+00
2.735317547299692009e+00 -5.305224621745292524e+00
2.815768063396741905e+00 -5.322343615197391742e+00
2.896218579493791356e+00 -5.333200862321890057e+00
2.976669095590841252e+00 -5.347762901978959427e+00
3.057119611687890703e+00 -5.293223943912466645e+00
3.137570127784940599e+00 -5.198267057624915033e+00
3.218020643881990495e+00 -5.139569395188654077e+00
3.298471159979039946e+00 -5.181508327027946947e+00
3.378921676076090286e+00 -5.212342999240069830e+00
3.459372192173139737e+00 -5.209553228474069542e+00
3.539822708270189189e+00 -5.164777785784353981e+00
3.620273224367239528e+00 -5.078809307700582032e+00
3.700723740464288980e+00 -4.988828539598372913e+00
3.781174256561339320e+00 -5.007751073278814857e+00
3.861624772658388771e+00 -5.100628835728662658e+00
3.942075288755438223e+00 -5.219737583512957357e+00
4.022525804852488562e+00 -5.250687759585182413e+00
4.102976320949538014e+00 -5.196054919120981275e+00
4.183426837046588354e+00 -5.155054013106954436e+00
4.263877353143637805e+00 -5.112233653650125831e+00
4.344327869240687257e+00 -5.123779403571332658e+00
4.424778385337737596e+00 -5.195180587361284630e+00
4.505228901434787048e+00 -5.196589216737130812e+00
4.585679417531836499e+00 -5.161808756371859097e+00
4.666129933628886839e+00 -5.162583209092130865e+00
4.746580449725936290e+00 -5.182738446560599677e+00
4.827030965822985742e+00 -5.239564359976148999e+00
4.907481481920036082e+00 -5.317731679999837091e+00
4.987931998017085533e+00 -5.384205632118652218e+00
5.068382514114135873e+00 -5.394265903069697998e+00
5.148833030211185324e+00 -5.294364257026018983e+00
5.229283546308234776e+00 -5.205814030216020960e+00
5.309734062405285115e+00 -5.188557267176778787e+00
5.390184578502334567e+00 -5.244405842609099366e+00
5.470635094599384018e+00 -5.236373044109516428e+00
5.551085610696433470e+00 -5.255317997839939359e+00
5.631536126793483810e+00 -5.320008022116348378e+00
5.711986642890533261e+00 -5.325030317877938124e+00
5.792437158987582713e+00 -5.268255364469982993e+00
5.872887675084633052e+00 -5.331393915949838025e+00
5.953338191181682504e+00 -5.416785236420704308e+00
6.033788707278731955e+00 -5.403568272740874256e+00
6.114239223375781407e+00 -5.330390221378988436e+00
6.194689739472831747e+00 -5.308351705931325881e+00
6.275140255569881198e+00 -5.277196699253196677e+00
6.355590771666931538e+00 -5.268656846505977320e+00
6.436041287763980989e+00 -5.302493617108984481e+00
6.516491803861030441e+00 -5.375975308236443873e+00
6.596942319958079892e+00 -5.392791286811579710e+00
6.677392836055131120e+00 -5.393345019839209442e+00
6.757843352152180572e+00 -5.404171873033364548e+00
6.838293868249230023e+00 -5.385139072712946451e+00
6.918744384346279475e+00 -5.363184217452606539e+00
6.999194900443328926e+00 -5.349855017361569764e+00
7.079645416540378378e+00 -5.336951470498899397e+00
7.160095932637429605e+00 -5.342772095675793587e+00
7.240546448734479057e+00 -5.381477835652139774e+00
7.320996964831528508e+00 -5.379111272018327838e+00
7.401447480928577960e+00 -5.337607245620982432e+00
7.481897997025627411e+00 -5.303206318173418587e+00
7.562348513122678639e+00 -5.301157620040017449e+00
7.642799029219728091e+00 -5.370872719329880418e+00
7.723249545316777542e+00 -5.417883081811964097e+00
7.803700061413826994e+00 -5.407846405754561658e+00
7.884150577510876445e+00 -5.416586161800383437e+00
7.964601093607927673e+00 -5.448839168053794424e+00
8.045051609704977125e+00 -5.485320250170208745e+00
8.125502125802025688e+00 -5.546324186648008414e+00
8.205952641899076028e+00 -5.580181306306784883e+00
8.286403157996124591e+00 -5.590266088688161439e+00
8.366853674093176707e+00 -5.559015192647239978e+00
8.447304190190225270e+00 -5.558531489306788309e+00
8.527754706287275610e+00 -5.593877357122693184e+00
8.608205222384324173e+00 -5.600182077964838356e+00
8.688655738481374513e+00 -5.546385870955724329e+00
8.769106254578423076e+00 -5.484017945231276059e+00
8.849556770675475192e+00 -5.461529264913278503e+00
8.930007286772523756e+00 -5.466835716407513424e+00
9.010457802869574095e+00 -5.443049221475670940e+00
9.090908318966622659e+00 -5.445318823163103339e+00
9.171358835063672998e+00 -5.486281961907731208e+00
9.251809351160723338e+00 -5.516039627578548377e+00
9.332259867257773678e+00 -5.546754160672909606e+00
9.412710383354822241e+00 -5.568821729755264016e+00
9.493160899451872581e+00 -5.584607236480598758e+00
9.573611415548921144e+00 -5.606341664851300699e+00
9.654061931645971484e+00 -5.607026315071349742e+00
9.734512447743021823e+00 -5.591103271147523479e+00
9.814962963840072163e+00 -5.561487143569253888e+00
9.895413479937120727e+00 -5.582134578843319872e+00
9.975863996034171066e+00 -5.647881399722852080e+00
1.005631451213121963e+01 -5.722908019799701762e+00
1.013676502822827175e+01 -5.760640194750098253e+00
1.021721554432532031e+01 -5.739245457610471668e+00
1.029766606042237065e+01 -5.713275500126770545e+00
