0.000000000000000000e+00 -1.549019599857431873e-01
8.045051609704977069e-02 -2.122468698127807363e-01
1.609010321940995414e-01 -6.501804308163220414e-01
2.413515482911492982e-01 -2.138097109729627743e+00
3.218020643881990828e-01 -1.855940139830193125e+00
4.022525804852488118e-01 -1.537044338745036987e+00
4.827030965822985964e-01 -1.509138309195750871e+00
5.631536126793483810e-01 -1.670338507051822852e+00
6.436041287763981655e-01 -1.912589418975845001e+00
7.240546448734478391e-01 -2.004178265027697581e+00
8.045051609704976237e-01 -2.151886905942143713e+00
8.849556770675472972e-01 -2.398097641245308775e+00
9.654061931645971928e-01 -2.672331138677473739e+00
1.045856709261647088e+00 -2.895130100011847674e+00
1.126307225358696762e+00 -2.932288799630962117e+00
1.206757741455746435e+00 -2.937815937177699510e+00
1.287208257552796331e+00 -2.880526481384207305e+00
1.367658773649846005e+00 -2.771563479745964287e+00
1.448109289746895678e+00 -2.722028940311132850e+00
1.528559805843945352e+00 -2.738920757187730981e+00
1.609010321940995247e+00 -2.772078524341914374e+00
1.689460838038045143e+00 -2.770395300736498090e+00
1.769911354135094594e+00 -2.718917713484524601e+00
1.850361870232144490e+00 -2.707850616844426739e+00
1.930812386329194386e+00 -2.690496017256956307e+00
2.011262902426244281e+00 -2.627593755505171824e+00
2.091713418523294177e+00 -2.608303065388278164e+00
2.172163934620343628e+00 -2.624584219688872455e+00
2.252614450717393524e+00 -2.631368231373983679e+00
2.333064966814443419e+00 -2.640504942893876716e+00
2.413515482911492871e+00 -2.628001731262153751e+00
2.493965999008542767e+00 -2.564458326295405044e+00
2.574416515105592662e+00 -2.517073107387540087e+00
2.654867031202642558e+00 -2.536778504104905796e+00
2.735317547299692009e+00 -2.549605659704254457e+00
2.815768063396741905e+00 -2.511618215090493322e+00
2.896218579493791356e+00 -2.525770236730800367e+00
2.976669095590841252e+00 -2.615875288969756518e+00
3.057119611687890703e+00 -2.636814515286522553e+00
3.137570127784940599e+00 -2.618844198526880440e+00
3.218020643881990495e+00 -2.629330281192640228e+00
3.298471159979039946e+00 -2.637894398516529737e+00
3.378921676076090286e+00 -2.604247101029698808e+00
3.459372192173139737e+00 -2.608703173760726468e+00
3.539822708270189189e+00 -2.608389814196593992e+00
3.620273224367239528e+00 -2.629726588127184961e+00
3.700723740464288980e+00 -2.674449917053620229e+00
3.781174256561339320e+00 -2.701394667096858271e+00
3.861624772658388771e+00 -2.679244795092709630e+00
3.942075288755438223e+00 -2.615145844551422183e+00
4.022525804852488562e+00 -2.607762352864646971e+00
4.102976320949538014e+00 -2.684368045913990475e+00
4.183426837046588354e+00 -2.680251918419760404e+00
4.263877353143637805e+00 -2.650941487400651386e+00
4.344327869240687257e+00 -2.658526065184303455e+00
4.424778385337737596e+00 -2.670938808931549779e+00
4.505228901434787048e+00 -2.639178817831842494e+00
4.585679417531836499e+00 -2.628449875985149120e+00
4.666129933628886839e+00 -2.652177752388692689e+00
4.746580449725936290e+00 -2.666941794594090087e+00
4.827030965822985742e+00 -2.647212597474261297e+00
4.907481481920036082e+00 -2.635944163097519777e+00
4.987931998017085533e+00 -2.643186708068562929e+00
5.068382514114135873e+00 -2.653849705643938961e+00
5.148833030211185324e+00 -2.686672105077252848e+00
5.229283546308234776e+00 -2.707647013658216029e+00
5.309734062405285115e+00 -2.678735371757392070e+00
5.390184578502334567e+00 -2.684111607346013173e+00
5.470635094599384018e+00 -2.713708933966820780e+00
5.551085610696433470e+00 -2.726076067176147255e+00
5.631536126793483810e+00 -2.693637109044333400e+00
5.711986642890533261e+00 -2.641422384093669251e+00
5.792437158987582713e+00 -2.642809051173318657e+00
5.872887675084633052e+00 -2.675720297620093113e+00
5.953338191181682504e+00 -2.723012878365621336e+00
6.033788707278731955e+00 -2.764887084327588784e+00
6.114239223375781407e+00 -2.787825833156292621e+00
6.194689739472831747e+00 -2.770405307963955455e+00
6.275140255569881198e+00 -2.737574936873506282e+00
6.355590771666931538e+00 -2.705056043638649932e+00
6.436041287763980989e+00 -2.681238036630301469e+00
6.516491803861030441e+00 -2.683279296803324332e+00
6.596942319958079892e+00 -2.681154118501940076e+00
6.677392836055131120e+00 -2.681550302251848983e+00
6.757843352152180572e+00 -2.681215407476395640e+00
6.838293868249230023e+00 -2.688298187483421753e+00
6.918744384346279475e+00 -2.662042048635943736e+00
6.999194900443328926e+00 -2.651267625710932663e+00
7.079645416540378378e+00 -2.664062556447893915e+00
7.160095932637429605e+00 -2.675234540775519587e+00
7.240546448734479057e+00 -2.689812626285144503e+00
7.320996964831528508e+00 -2.712594272452742761e+00
7.401447480928577960e+00 -2.740604133705047740e+00
7.481897997025627411e+00 -2.756781803035478262e+00
7.562348513122678639e+00 -2.737208843682923831e+00
7.642799029219728091e+00 -2.728963034670386811e+00
7.723249545316777542e+00 -2.723675233351649183e+00
7.803700061413826994e+00 -2.725262351323372467e+00
7.884150577510876445e+00 -2.743958096728785989e+00
7.964601093607927673e+00 -2.756571329223737266e+00
8.045051609704977125e+00 -2.772701049322852551e+00
8.125502125802025688e+00 -2.772262742666192992e+00
8.205952641899076028e+00 -2.788192292325019306e+00
8.286403157996124591e+00 -2.806932200882434891e+00
8.366853674093176707e+00 -2.796176267795835724e+00
8.447304190190225270e+00 -2.808672476092399783e+00
8.527754706287275610e+00 -2.813662983397594353e+00
8.608205222384324173e+00 -2.804199873214000327e+00
8.688655738481374513e+00 -2.794177532600335301e+00
8.769106254578423076e+00 -2.795923177283481831e+00
8.849556770675475192e+00 -2.774782144868479516e+00
8.930007286772523756e+00 -2.793303803008375663e+00
9.010457802869574095e+00 -2.812891944306972647e+00
9.090908318966622659e+00 -2.819474742637564812e+00
9.171358835063672998e+00 -2.815103569150023244e+00
9.251809351160723338e+00 -2.816520012561024799e+00
9.332259867257773678e+00 -2.819151281687212851e+00
9.412710383354822241e+00 -2.820386822324711940e+00
9.493160899451872581e+00 -2.820800167007241122e+00
9.573611415548921144e+00 -2.823647218737123321e+00
9.654061931645971484e+00 -2.819395273728796614e+00
9.734512447743021823e+00 -2.809129192579935541e+00
9.814962963840072163e+00 -2.810648992713592254e+00
9.895413479937120727e+00 -2.829449852204747984e+00
9.975863996034171066e+00 -2.832105530251467940e+00
1.005631451213121963e+01 -2.833974818433877108e+00
1.013676502822827175e+01 -2.863496871956977330e+00
1.021721554432532031e+01 -2.886385757752449432e+00
1.029766606042237065e+01 -2.883941410830002994e+00
