0.000000000000000000e+00 -1.549019599857431873e-01
8.045051609704977069e-02 -2.092839313480087393e-01
1.609010321940995414e-01 -6.403162351356027626e-01
2.413515482911492982e-01 -1.771180306467032395e+00
3.218020643881990828e-01 -1.730977459046369793e+00
4.022525804852488118e-01 -1.562586473646188745e+00
4.827030965822985964e-01 -1.537140970988984279e+00
5.631536126793483810e-01 -1.658733998620433248e+00
6.436041287763981655e-01 -1.853319390124609001e+00
7.240546448734478391e-01 -2.169816617132416248e+00
8.045051609704976237e-01 -2.353255111308190983e+00
8.849556770675472972e-01 -2.379744031753677991e+00
9.654061931645971928e-01 -2.510320141314214215e+00
1.045856709261647088e+00 -2.797232349774937621e+00
1.126307225358696762e+00 -3.025490783250751825e+00
1.206757741455746435e+00 -3.048965744734531302e+00
1.287208257552796331e+00 -2.943632896184523950e+00
1.367658773649846005e+00 -2.832643569776726267e+00
1.448109289746895678e+00 -2.768379617498186729e+00
1.528559805843945352e+00 -2.719628898262323347e+00
1.609010321940995247e+00 -2.669511637408522375e+00
1.689460838038045143e+00 -2.666720169453743239e+00
1.769911354135094594e+00 -2.653893652681794446e+00
1.850361870232144490e+00 -2.691163343429956445e+00
1.930812386329194386e+00 -2.729623516470178757e+00
2.011262902426244281e+00 -2.736164229358075239e+00
2.091713418523294177e+00 -2.716744780112958946e+00
2.172163934620343628e+00 -2.696518630370867697e+00
2.252614450717393524e+00 -2.659256663532302944e+00
2.333064966814443419e+00 -2.656207691990653430e+00
2.413515482911492871e+00 -2.710329663806217315e+00
2.493965999008542767e+00 -2.735456930597279346e+00
2.574416515105592662e+00 -2.642224058147799148e+00
2.654867031202642558e+00 -2.598353811903596267e+00
2.735317547299692009e+00 -2.629746041325583761e+00
2.815768063396741905e+00 -2.627713535746027507e+00
2.896218579493791356e+00 -2.619437783050344137e+00
2.976669095590841252e+00 -2.638035524654146702e+00
3.057119611687890703e+00 -2.628465362086341184e+00
3.137570127784940599e+00 -2.578608189162767239e+00
3.218020643881990495e+00 -2.590477816531841171e+00
3.298471159979039946e+00 -2.670766226200437465e+00
3.378921676076090286e+00 -2.703589358317758151e+00
3.459372192173139737e+00 -2.651371816773623546e+00
3.539822708270189189e+00 -2.608491054482713789e+00
3.620273224367239528e+00 -2.620667907635233274e+00
3.700723740464288980e+00 -2.628509842785219153e+00
3.781174256561339320e+00 -2.623979126803102080e+00
3.861624772658388771e+00 -2.602388782907748777e+00
3.942075288755438223e+00 -2.571354596539118464e+00
4.022525804852488562e+00 -2.597638587628579465e+00
4.102976320949538014e+00 -2.661772402988367148e+00
4.183426837046588354e+00 -2.702383788254569819e+00
4.263877353143637805e+00 -2.676460095125568373e+00
4.344327869240687257e+00 -2.636220869382358334e+00
4.424778385337737596e+00 -2.598887648667865591e+00
4.505228901434787048e+00 -2.598272902126284922e+00
4.585679417531836499e+00 -2.602622710492986879e+00
4.666129933628886839e+00 -2.637515790806861826e+00
4.746580449725936290e+00 -2.664259986913209310e+00
4.827030965822985742e+00 -2.667800343975810673e+00
4.907481481920036082e+00 -2.633917864607190129e+00
4.987931998017085533e+00 -2.631985650820887201e+00
5.068382514114135873e+00 -2.645424725353913153e+00
5.148833030211185324e+00 -2.686532851025025703e+00
5.229283546308234776e+00 -2.732860562169565188e+00
5.309734062405285115e+00 -2.746876285426996134e+00
5.390184578502334567e+00 -2.718741832062072650e+00
5.470635094599384018e+00 -2.699612883251286455e+00
5.551085610696433470e+00 -2.722561928014753274e+00
5.631536126793483810e+00 -2.736465231748753446e+00
5.711986642890533261e+00 -2.716690162033210232e+00
5.792437158987582713e+00 -2.671520663256213179e+00
5.872887675084633052e+00 -2.647530804429638618e+00
5.953338191181682504e+00 -2.638224988354844758e+00
6.033788707278731955e+00 -2.664592180374474317e+00
6.114239223375781407e+00 -2.685201778171757869e+00
6.194689739472831747e+00 -2.673649847874390861e+00
6.275140255569881198e+00 -2.637036878929326811e+00
6.355590771666931538e+00 -2.639129990411751780e+00
6.436041287763980989e+00 -2.663091023059648510e+00
6.516491803861030441e+00 -2.669189647481216454e+00
6.596942319958079892e+00 -2.677656843903408301e+00
6.677392836055131120e+00 -2.688448851380711879e+00
6.757843352152180572e+00 -2.684257534223323471e+00
6.838293868249230023e+00 -2.674488450315654298e+00
6.918744384346279475e+00 -2.683110468391265435e+00
6.999194900443328926e+00 -2.704497040327177526e+00
7.079645416540378378e+00 -2.716246634946536176e+00
7.160095932637429605e+00 -2.725159596350665403e+00
7.240546448734479057e+00 -2.740564010165354336e+00
7.320996964831528508e+00 -2.741291542693549133e+00
7.401447480928577960e+00 -2.731884143013677324e+00
7.481897997025627411e+00 -2.748299650738887046e+00
7.562348513122678639e+00 -2.770048420486994623e+00
7.642799029219728091e+00 -2.748083117839084100e+00
7.723249545316777542e+00 -2.730395191636242114e+00
7.803700061413826994e+00 -2.737038206364056592e+00
7.884150577510876445e+00 -2.743354329288693716e+00
7.964601093607927673e+00 -2.763293928280882383e+00
8.045051609704977125e+00 -2.790138067486585438e+00
8.125502125802025688e+00 -2.796868809290784075e+00
8.205952641899076028e+00 -2.781404171245443813e+00
8.286403157996124591e+00 -2.773149797690277918e+00
8.366853674093176707e+00 -2.775591375594033128e+00
8.447304190190225270e+00 -2.775141775289891921e+00
8.527754706287275610e+00 -2.787717993626996016e+00
8.608205222384324173e+00 -2.791409658633177138e+00
8.688655738481374513e+00 -2.805002544711629575e+00
8.769106254578423076e+00 -2.811175768114564821e+00
8.849556770675475192e+00 -2.804377326447249796e+00
8.930007286772523756e+00 -2.807391136091474060e+00
9.010457802869574095e+00 -2.809955818501984393e+00
9.090908318966622659e+00 -2.808702668406433567e+00
9.171358835063672998e+00 -2.776492401930484188e+00
9.251809351160723338e+00 -2.737453819603332672e+00
9.332259867257773678e+00 -2.729793349250333012e+00
9.412710383354822241e+00 -2.760930577966447697e+00
9.493160899451872581e+00 -2.800728704116243861e+00
9.573611415548921144e+00 -2.821093987929611746e+00
9.654061931645971484e+00 -2.799811985811518245e+00
9.734512447743021823e+00 -2.783409438259772717e+00
9.814962963840072163e+00 -2.807825188359463375e+00
9.895413479937120727e+00 -2.815306333688441409e+00
9.975863996034171066e+00 -2.812781172721581235e+00
1.005631451213121963e+01 -2.837663271128424647e+00
1.013676502822827175e+01 -2.867590900807468035e+00
1.021721554432532031e+01 -2.861300487416558180e+00
1.029766606042237065e+01 -2.845733868666216360e+00
