0.000000000000000000e+00 -1.549019599857431873e-01
8.045051609704977069e-02 -2.112461608783993139e-01
1.609010321940995414e-01 -5.977990547209116601e-01
2.413515482911492982e-01 -1.453051535989830390e+00
3.218020643881990828e-01 -1.455693824276890869e+00
4.022525804852488118e-01 -1.284484242167391876e+00
4.827030965822985964e-01 -1.394087040427987922e+00
5.631536126793483810e-01 -1.699870547335220472e+00
6.436041287763981655e-01 -1.870254992954723638e+00
7.240546448734478391e-01 -1.934318040869543509e+00
8.045051609704976237e-01 -2.122147468732045628e+00
8.849556770675472972e-01 -2.377674852752044377e+00
9.654061931645971928e-01 -2.591040165409843610e+00
1.045856709261647088e+00 -2.706942901402496382e+00
1.126307225358696762e+00 -2.756320921857609019e+00
1.206757741455746435e+00 -2.800020112657594318e+00
1.287208257552796331e+00 -2.822015208476508441e+00
1.367658773649846005e+00 -2.821591416092428251e+00
1.448109289746895678e+00 -2.799027208090269614e+00
1.528559805843945352e+00 -2.797006260238531716e+00
1.609010321940995247e+00 -2.782365176106182503e+00
1.689460838038045143e+00 -2.717692786111336467e+00
1.769911354135094594e+00 -2.691458780671214690e+00
1.850361870232144490e+00 -2.647731867917677562e+00
1.930812386329194386e+00 -2.595232345272089347e+00
2.011262902426244281e+00 -2.566969854596767409e+00
2.091713418523294177e+00 -2.550822172361250306e+00
2.172163934620343628e+00 -2.588427041061179601e+00
2.252614450717393524e+00 -2.591879645718233593e+00
2.333064966814443419e+00 -2.552035817536281392e+00
2.413515482911492871e+00 -2.538974867837173743e+00
2.493965999008542767e+00 -2.520007818246330800e+00
2.574416515105592662e+00 -2.475135848680753980e+00
2.654867031202642558e+00 -2.469123247908557861e+00
2.735317547299692009e+00 -2.529035256052627467e+00
2.815768063396741905e+00 -2.591895693325493077e+00
2.896218579493791356e+00 -2.637002904686051696e+00
2.976669095590841252e+00 -2.652950021812821468e+00
3.057119611687890703e+00 -2.646729235484224674e+00
3.137570127784940599e+00 -2.609917911072495489e+00
3.218020643881990495e+00 -2.594653892409363838e+00
3.298471159979039946e+00 -2.637427072846748821e+00
3.378921676076090286e+00 -2.695774194909190236e+00
3.459372192173139737e+00 -2.703916735425142548e+00
3.539822708270189189e+00 -2.666862292326425354e+00
3.620273224367239528e+00 -2.608355049635084466e+00
3.700723740464288980e+00 -2.545793688024540202e+00
3.781174256561339320e+00 -2.566372144909685016e+00
3.861624772658388771e+00 -2.644348885468153387e+00
3.942075288755438223e+00 -2.684454571585739302e+00
4.022525804852488562e+00 -2.663362663471348313e+00
4.102976320949538014e+00 -2.650389840604003400e+00
4.183426837046588354e+00 -2.651067886007612007e+00
4.263877353143637805e+00 -2.641676703866052911e+00
4.344327869240687257e+00 -2.636712414438068919e+00
4.424778385337737596e+00 -2.620567551878215440e+00
4.505228901434787048e+00 -2.617795019628631703e+00
4.585679417531836499e+00 -2.629926027149081857e+00
4.666129933628886839e+00 -2.661471126775762475e+00
4.746580449725936290e+00 -2.678227514167034418e+00
4.827030965822985742e+00 -2.661810237519655953e+00
4.907481481920036082e+00 -2.663025927117873337e+00
4.987931998017085533e+00 -2.670370741745193843e+00
5.068382514114135873e+00 -2.709162385022808373e+00
5.148833030211185324e+00 -2.725511022144391671e+00
5.229283546308234776e+00 -2.701440143564570295e+00
5.309734062405285115e+00 -2.696680667475591875e+00
5.390184578502334567e+00 -2.691341178951017099e+00
5.470635094599384018e+00 -2.670343722314993062e+00
5.551085610696433470e+00 -2.670658466922301688e+00
5.631536126793483810e+00 -2.668991600283022070e+00
5.711986642890533261e+00 -2.645278205775055458e+00
5.792437158987582713e+00 -2.624849856324408925e+00
5.872887675084633052e+00 -2.623962240362273324e+00
5.953338191181682504e+00 -2.644968768255353542e+00
6.033788707278731955e+00 -2.656940428881148009e+00
6.114239223375781407e+00 -2.664005283649731659e+00
6.194689739472831747e+00 -2.679630135182552664e+00
6.275140255569881198e+00 -2.671525358619926127e+00
6.355590771666931538e+00 -2.653723118932021396e+00
6.436041287763980989e+00 -2.684477148732806295e+00
6.516491803861030441e+00 -2.742848822993676716e+00
6.596942319958079892e+00 -2.738895724870469284e+00
6.677392836055131120e+00 -2.690424246796248031e+00
6.757843352152180572e+00 -2.666583710090826287e+00
6.838293868249230023e+00 -2.674745375830475780e+00
6.918744384346279475e+00 -2.683126012180286679e+00
6.999194900443328926e+00 -2.671698621465904200e+00
7.079645416540378378e+00 -2.656407524695192368e+00
7.160095932637429605e+00 -2.664938352288076739e+00
7.240546448734479057e+00 -2.706079585774166851e+00
7.320996964831528508e+00 -2.726439471193139674e+00
7.401447480928577960e+00 -2.709210413363694503e+00
7.481897997025627411e+00 -2.713540842593831215e+00
7.562348513122678639e+00 -2.727418751719446810e+00
7.642799029219728091e+00 -2.735168381047758501e+00
7.723249545316777542e+00 -2.756201218274657805e+00
7.803700061413826994e+00 -2.781190859203434229e+00
7.884150577510876445e+00 -2.778522476532339969e+00
7.964601093607927673e+00 -2.747522667569497479e+00
8.045051609704977125e+00 -2.728340034712556594e+00
8.125502125802025688e+00 -2.748439436381742151e+00
8.205952641899076028e+00 -2.751763439620165119e+00
8.286403157996124591e+00 -2.750493803728677022e+00
8.366853674093176707e+00 -2.774525614701030207e+00
8.447304190190225270e+00 -2.798510843181858387e+00
8.527754706287275610e+00 -2.789050028985037954e+00
8.608205222384324173e+00 -2.770507501269061201e+00
8.688655738481374513e+00 -2.769383695083035057e+00
8.769106254578423076e+00 -2.785297198587450840e+00
8.849556770675475192e+00 -2.789743366781906708e+00
8.930007286772523756e+00 -2.793028316599473371e+00
9.010457802869574095e+00 -2.802864735766661841e+00
9.090908318966622659e+00 -2.807351797621034706e+00
9.171358835063672998e+00 -2.796796227015607705e+00
9.251809351160723338e+00 -2.779197972787599724e+00
9.332259867257773678e+00 -2.774840749883786373e+00
9.412710383354822241e+00 -2.806204480359942632e+00
9.493160899451872581e+00 -2.853081396486848664e+00
9.573611415548921144e+00 -2.861697803350715663e+00
9.654061931645971484e+00 -2.838001259105620289e+00
9.734512447743021823e+00 -2.846177282429038780e+00
9.814962963840072163e+00 -2.886420907530812485e+00
9.895413479937120727e+00 -2.914122747565370819e+00
9.975863996034171066e+00 -2.897036949506626602e+00
1.005631451213121963e+01 -2.847519855165393299e+00
1.013676502822827175e+01 -2.844827340972332141e+00
1.021721554432532031e+01 -2.863173862559468930e+00
1.029766606042237065e+01 -2.893397279667147437e+00
