0.000000000000000000e+00 -1.549019599857431873e-01
8.045051609704977069e-02 -1.998150276314056839e-01
1.609010321940995414e-01 -5.708064351546657811e-01
2.413515482911492982e-01 -1.701960466251153825e+00
3.218020643881990828e-01 -1.780132087958915088e+00
4.022525804852488118e-01 -1.587004242450328118e+00
4.827030965822985964e-01 -1.729826213356691067e+00
5.631536126793483810e-01 -1.991026930591992983e+00
6.436041287763981655e-01 -2.141435216756291116e+00
7.240546448734478391e-01 -2.224109486888101728e+00
8.045051609704976237e-01 -2.356269679962586405e+00
8.849556770675472972e-01 -2.524986732969002112e+00
9.654061931645971928e-01 -2.737115358686199595e+00
1.045856709261647088e+00 -2.844501686064274448e+00
1.126307225358696762e+00 -2.811739347242153908e+00
1.206757741455746435e+00 -2.782315638839799821e+00
1.287208257552796331e+00 -2.778535884893352570e+00
1.367658773649846005e+00 -2.741483898403146213e+00
1.448109289746895678e+00 -2.721382191788472849e+00
1.528559805843945352e+00 -2.726950649397898996e+00
1.609010321940995247e+00 -2.665352107279424843e+00
1.689460838038045143e+00 -2.610628522008908270e+00
1.769911354135094594e+00 -2.576822550756283636e+00
1.850361870232144490e+00 -2.597279580436699042e+00
1.930812386329194386e+00 -2.642441481284889981e+00
2.011262902426244281e+00 -2.707578226695112722e+00
2.091713418523294177e+00 -2.731109015722092082e+00
2.172163934620343628e+00 -2.733786113809188123e+00
2.252614450717393524e+00 -2.691333329930431617e+00
2.333064966814443419e+00 -2.638181767313107162e+00
2.413515482911492871e+00 -2.583149469334650838e+00
2.493965999008542767e+00 -2.598392854947651820e+00
2.574416515105592662e+00 -2.634595640014351758e+00
2.654867031202642558e+00 -2.682605897309657816e+00
2.735317547299692009e+00 -2.700572895550714225e+00
2.815768063396741905e+00 -2.661518320303975393e+00
2.896218579493791356e+00 -2.616960632998262870e+00
2.976669095590841252e+00 -2.585417087755520704e+00
3.057119611687890703e+00 -2.552817850847973080e+00
3.137570127784940599e+00 -2.562955591686651768e+00
3.218020643881990495e+00 -2.602314940740663385e+00
3.298471159979039946e+00 -2.616799489011228719e+00
3.378921676076090286e+00 -2.576690562842148147e+00
3.459372192173139737e+00 -2.550882261048085908e+00
3.539822708270189189e+00 -2.585878009875000050e+00
3.620273224367239528e+00 -2.633536429138033874e+00
3.700723740464288980e+00 -2.652037941776884011e+00
3.781174256561339320e+00 -2.630577283828095858e+00
3.861624772658388771e+00 -2.617984359727807853e+00
3.942075288755438223e+00 -2.613363812031951117e+00
4.022525804852488562e+00 -2.635815508103256377e+00
4.102976320949538014e+00 -2.673135560359385821e+00
4.183426837046588354e+00 -2.667963123923362989e+00
4.263877353143637805e+00 -2.646504825616589507e+00
4.344327869240687257e+00 -2.634041775500469029e+00
4.424778385337737596e+00 -2.627741682314864491e+00
4.505228901434787048e+00 -2.624958861982345848e+00
4.585679417531836499e+00 -2.641872975216349229e+00
4.666129933628886839e+00 -2.662536941689762404e+00
4.746580449725936290e+00 -2.677189196705527685e+00
4.827030965822985742e+00 -2.667329671901355059e+00
4.907481481920036082e+00 -2.666113338024823420e+00
4.987931998017085533e+00 -2.663817451183702723e+00
5.068382514114135873e+00 -2.696127888139157047e+00
5.148833030211185324e+00 -2.708959938316096050e+00
5.229283546308234776e+00 -2.690329719326201463e+00
5.309734062405285115e+00 -2.660944223316493051e+00
5.390184578502334567e+00 -2.643630516022904775e+00
5.470635094599384018e+00 -2.648886892843883345e+00
5.551085610696433470e+00 -2.676337949794769244e+00
5.631536126793483810e+00 -2.687517256580616909e+00
5.711986642890533261e+00 -2.691500378476153976e+00
5.792437158987582713e+00 -2.686610955773032217e+00
5.872887675084633052e+00 -2.684668435872293202e+00
5.953338191181682504e+00 -2.702017613377976524e+00
6.033788707278731955e+00 -2.710022219102625307e+00
6.114239223375781407e+00 -2.700276232898209727e+00
6.194689739472831747e+00 -2.693176368239492913e+00
6.275140255569881198e+00 -2.702493012751062462e+00
6.355590771666931538e+00 -2.689652163853595290e+00
6.436041287763980989e+00 -2.684908278478131294e+00
6.516491803861030441e+00 -2.701946291118603849e+00
6.596942319958079892e+00 -2.701206209842512251e+00
6.677392836055131120e+00 -2.694689941803813493e+00
6.757843352152180572e+00 -2.693626772549031045e+00
6.838293868249230023e+00 -2.696042804845913743e+00
6.918744384346279475e+00 -2.691327154865870153e+00
6.999194900443328926e+00 -2.693568773196989063e+00
7.079645416540378378e+00 -2.695052813598552532e+00
7.160095932637429605e+00 -2.707058619381975895e+00
7.240546448734479057e+00 -2.730741973632607511e+00
7.320996964831528508e+00 -2.711218683833490406e+00
7.401447480928577960e+00 -2.675388319463558151e+00
7.481897997025627411e+00 -2.669855864481622820e+00
7.562348513122678639e+00 -2.698418198303116355e+00
7.642799029219728091e+00 -2.712720162763780252e+00
7.723249545316777542e+00 -2.706262879231784435e+00
7.803700061413826994e+00 -2.696965304771550276e+00
7.884150577510876445e+00 -2.675416876790851717e+00
7.964601093607927673e+00 -2.672174337447818182e+00
8.045051609704977125e+00 -2.684132344579734486e+00
8.125502125802025688e+00 -2.699174306524643185e+00
8.205952641899076028e+00 -2.714521708532839028e+00
8.286403157996124591e+00 -2.733846305173757596e+00
8.366853674093176707e+00 -2.717713130121817144e+00
8.447304190190225270e+00 -2.705555119207920800e+00
8.527754706287275610e+00 -2.731351173494848794e+00
8.608205222384324173e+00 -2.778178427050177479e+00
8.688655738481374513e+00 -2.791078980028575351e+00
8.769106254578423076e+00 -2.766997896088190689e+00
8.849556770675475192e+00 -2.757448749101731877e+00
8.930007286772523756e+00 -2.776823177237336626e+00
9.010457802869574095e+00 -2.788681833878438709e+00
9.090908318966622659e+00 -2.775921518001037924e+00
9.171358835063672998e+00 -2.767045981709808089e+00
9.251809351160723338e+00 -2.775647068692211228e+00
9.332259867257773678e+00 -2.799094699727146640e+00
9.412710383354822241e+00 -2.812888791866759775e+00
9.493160899451872581e+00 -2.803246790751269035e+00
9.573611415548921144e+00 -2.807211129694436647e+00
9.654061931645971484e+00 -2.818047350119069261e+00
9.734512447743021823e+00 -2.802084600693161676e+00
9.814962963840072163e+00 -2.783345097371221044e+00
9.895413479937120727e+00 -2.778730083377409787e+00
9.975863996034171066e+00 -2.790790603645032952e+00
1.005631451213121963e+01 -2.815315231348641589e+00
1.013676502822827175e+01 -2.825405895209829765e+00
1.021721554432532031e+01 -2.823457739721545678e+00
1.029766606042237065e+01 -2.810687764904781449e+00
