0.000000000000000000e+00 -1.549019599857431873e-01
8.045051609704977069e-02 -1.867638957731868610e-01
1.609010321940995414e-01 -5.032727711487345879e-01
2.413515482911492982e-01 -1.416891055837287583e+00
3.218020643881990828e-01 -1.699970114405899180e+00
4.022525804852488118e-01 -1.599681419491513434e+00
4.827030965822985964e-01 -1.568921615067681241e+00
5.631536126793483810e-01 -1.725389120298189027e+00
6.436041287763981655e-01 -1.923883458571101324e+00
7.240546448734478391e-01 -2.098182344740906480e+00
8.045051609704976237e-01 -2.251126665040926955e+00
8.849556770675472972e-01 -2.398297523391803576e+00
9.654061931645971928e-01 -2.567128316033812752e+00
1.045856709261647088e+00 -2.717148766675443028e+00
1.126307225358696762e+00 -2.878506414815944048e+00
1.206757741455746435e+00 -2.998064185867648224e+00
1.287208257552796331e+00 -3.006093373322326734e+00
1.367658773649846005e+00 -2.915484438384730925e+00
1.448109289746895678e+00 -2.840447002844714408e+00
1.528559805843945352e+00 -2.821027824814625440e+00
1.609010321940995247e+00 -2.829822438233772885e+00
1.689460838038045143e+00 -2.866155339657103340e+00
1.769911354135094594e+00 -2.849383655873838350e+00
1.850361870232144490e+00 -2.821746855838520140e+00
1.930812386329194386e+00 -2.782688036649585861e+00
2.011262902426244281e+00 -2.759509089804736082e+00
2.091713418523294177e+00 -2.737671397489005010e+00
2.172163934620343628e+00 -2.683146256549454378e+00
2.252614450717393524e+00 -2.655114372582684013e+00
2.333064966814443419e+00 -2.622654570943002916e+00
2.413515482911492871e+00 -2.596228913656638326e+00
2.493965999008542767e+00 -2.614512868402176782e+00
2.574416515105592662e+00 -2.646750784914104759e+00
2.654867031202642558e+00 -2.687348452066699700e+00
2.735317547299692009e+00 -2.702059208035008986e+00
2.815768063396741905e+00 -2.650013091445045266e+00
2.896218579493791356e+00 -2.579143715940500847e+00
2.976669095590841252e+00 -2.558023379077444037e+00
3.057119611687890703e+00 -2.558683036353434304e+00
3.137570127784940599e+00 -2.578563712454443380e+00
3.218020643881990495e+00 -2.599845424600174315e+00
3.298471159979039946e+00 -2.626578696062086493e+00
3.378921676076090286e+00 -2.618131656449466327e+00
3.459372192173139737e+00 -2.618425546468011955e+00
3.539822708270189189e+00 -2.617719741215475793e+00
3.620273224367239528e+00 -2.614234844667674640e+00
3.700723740464288980e+00 -2.583610533459510084e+00
3.781174256561339320e+00 -2.577526938456382144e+00
3.861624772658388771e+00 -2.610106682557352453e+00
3.942075288755438223e+00 -2.642197054882093443e+00
4.022525804852488562e+00 -2.655532633485861993e+00
4.102976320949538014e+00 -2.637987486026931894e+00
4.183426837046588354e+00 -2.607250999748481846e+00
4.263877353143637805e+00 -2.583993527175421079e+00
4.344327869240687257e+00 -2.602560622772933208e+00
4.424778385337737596e+00 -2.647710570476149439e+00
4.505228901434787048e+00 -2.647837903346901722e+00
4.585679417531836499e+00 -2.625608604691687553e+00
4.666129933628886839e+00 -2.604642724181145397e+00
4.746580449725936290e+00 -2.587303050444038188e+00
4.827030965822985742e+00 -2.601529829769908098e+00
4.907481481920036082e+00 -2.638263327731291685e+00
4.987931998017085533e+00 -2.630638617766179355e+00
5.068382514114135873e+00 -2.595824555026597480e+00
5.148833030211185324e+00 -2.593588000291505935e+00
5.229283546308234776e+00 -2.623048521459559801e+00
5.309734062405285115e+00 -2.668872490948331677e+00
5.390184578502334567e+00 -2.695601029886060207e+00
5.470635094599384018e+00 -2.710386769451128330e+00
5.551085610696433470e+00 -2.749464463251302782e+00
5.631536126793483810e+00 -2.766577374734050299e+00
5.711986642890533261e+00 -2.770308530835537297e+00
5.792437158987582713e+00 -2.761887678816334457e+00
5.872887675084633052e+00 -2.759725184547325405e+00
5.953338191181682504e+00 -2.749458255912263560e+00
6.033788707278731955e+00 -2.726159196497424109e+00
6.114239223375781407e+00 -2.705422568031795816e+00
6.194689739472831747e+00 -2.677160217221538296e+00
6.275140255569881198e+00 -2.655426132165850106e+00
6.355590771666931538e+00 -2.677204067209821403e+00
6.436041287763980989e+00 -2.691669947707067134e+00
6.516491803861030441e+00 -2.685697270151107041e+00
6.596942319958079892e+00 -2.657929455097186811e+00
6.677392836055131120e+00 -2.665450704277850136e+00
6.757843352152180572e+00 -2.696235465893571881e+00
6.838293868249230023e+00 -2.719117217951144916e+00
6.918744384346279475e+00 -2.728840596848382205e+00
6.999194900443328926e+00 -2.715745080803348532e+00
7.079645416540378378e+00 -2.717273366844485505e+00
7.160095932637429605e+00 -2.728245616495317272e+00
7.240546448734479057e+00 -2.737444713890177628e+00
7.320996964831528508e+00 -2.750251446198217042e+00
7.401447480928577960e+00 -2.772376232481205349e+00
7.481897997025627411e+00 -2.779151480979151323e+00
7.562348513122678639e+00 -2.772322768696365181e+00
7.642799029219728091e+00 -2.742255693350393653e+00
7.723249545316777542e+00 -2.728601891308891414e+00
7.803700061413826994e+00 -2.721513993722342928e+00
7.884150577510876445e+00 -2.715463297378280405e+00
7.964601093607927673e+00 -2.708341209446686548e+00
8.045051609704977125e+00 -2.724153102035186791e+00
8.125502125802025688e+00 -2.757854332169222822e+00
8.205952641899076028e+00 -2.780308772688968144e+00
8.286403157996124591e+00 -2.798903926288688115e+00
8.366853674093176707e+00 -2.807861916580522532e+00
8.447304190190225270e+00 -2.786337965711950471e+00
8.527754706287275610e+00 -2.773710951721295892e+00
8.608205222384324173e+00 -2.758378574855636423e+00
8.688655738481374513e+00 -2.750813835517256667e+00
8.769106254578423076e+00 -2.737249562145945170e+00
8.849556770675475192e+00 -2.723108694359535065e+00
8.930007286772523756e+00 -2.739147490990727629e+00
9.010457802869574095e+00 -2.764142381839496121e+00
9.090908318966622659e+00 -2.787069184478346617e+00
9.171358835063672998e+00 -2.764870727519393778e+00
9.251809351160723338e+00 -2.736293568912766094e+00
9.332259867257773678e+00 -2.739955742725783683e+00
9.412710383354822241e+00 -2.767914224529387290e+00
9.493160899451872581e+00 -2.790876860095298007e+00
9.573611415548921144e+00 -2.798018122594143176e+00
9.654061931645971484e+00 -2.805406693047196143e+00
9.734512447743021823e+00 -2.808626362667579812e+00
9.814962963840072163e+00 -2.797882219029127260e+00
9.895413479937120727e+00 -2.789745475659527241e+00
9.975863996034171066e+00 -2.788035329031468557e+00
1.005631451213121963e+01 -2.777235415418231934e+00
1.013676502822827175e+01 -2.776160173307922197e+00
1.021721554432532031e+01 -2.809146842758650120e+00
1.029766606042237065e+01 -2.846257510480798114e+00
