0.000000000000000000e+00 -1.549019599857431873e-01
8.045051609704977069e-02 -2.056278194076287258e-01
1.609010321940995414e-01 -5.438285785819906293e-01
2.413515482911492982e-01 -1.645696720044360184e+00
3.218020643881990828e-01 -1.719636866118768426e+00
4.022525804852488118e-01 -1.472003472171452110e+00
4.827030965822985964e-01 -1.507109015966920040e+00
5.631536126793483810e-01 -1.733859978198486029e+00
6.436041287763981655e-01 -2.049219851014266958e+00
7.240546448734478391e-01 -2.276576443709201758e+00
8.045051609704976237e-01 -2.529959241020967919e+00
8.849556770675472972e-01 -2.686489269065177155e+00
9.654061931645971928e-01 -2.765975844872674116e+00
1.045856709261647088e+00 -2.801193768516228921e+00
1.126307225358696762e+00 -2.834153201630039920e+00
1.206757741455746435e+00 -2.866288260874126692e+00
1.287208257552796331e+00 -2.867854257757889158e+00
1.367658773649846005e+00 -2.805879762241786146e+00
1.448109289746895678e+00 -2.749493817605431989e+00
1.528559805843945352e+00 -2.729249265360747856e+00
1.609010321940995247e+00 -2.723378000732882498e+00
1.689460838038045143e+00 -2.686922336200623374e+00
1.769911354135094594e+00 -2.664605577520779089e+00
1.850361870232144490e+00 -2.656384158134187601e+00
1.930812386329194386e+00 -2.655762680783352092e+00
2.011262902426244281e+00 -2.630469333164536128e+00
2.091713418523294177e+00 -2.571342536220412534e+00
2.172163934620343628e+00 -2.540942078840611629e+00
2.252614450717393524e+00 -2.607589207653108865e+00
2.333064966814443419e+00 -2.719643671907612692e+00
2.413515482911492871e+00 -2.760417330282204151e+00
2.493965999008542767e+00 -2.750898652634635955e+00
2.574416515105592662e+00 -2.721338821584324386e+00
2.654867031202642558e+00 -2.692642266366867876e+00
2.735317547299692009e+00 -2.680601573731931975e+00
2.815768063396741905e+00 -2.681719753396707429e+00
2.896218579493791356e+00 -2.666661783434820077e+00
2.976669095590841252e+00 -2.673852356325560287e+00
3.057119611687890703e+00 -2.682350395891559103e+00
3.137570127784940599e+00 -2.711810559717430014e+00
3.218020643881990495e+00 -2.723467055540044424e+00
3.298471159979039946e+00 -2.730750056171004303e+00
3.378921676076090286e+00 -2.756792903064410272e+00
3.459372192173139737e+00 -2.727408090272631203e+00
3.539822708270189189e+00 -2.669129174639649715e+00
3.620273224367239528e+00 -2.601622233266615236e+00
3.700723740464288980e+00 -2.579839254832339446e+00
3.781174256561339320e+00 -2.581611826704685697e+00
3.861624772658388771e+00 -2.594877764534642139e+00
3.942075288755438223e+00 -2.623124955719008167e+00
4.022525804852488562e+00 -2.640595333875516815e+00
4.102976320949538014e+00 -2.665914293202345409e+00
4.183426837046588354e+00 -2.688987999588072331e+00
4.263877353143637805e+00 -2.676229470911438924e+00
4.344327869240687257e+00 -2.638325958197995647e+00
4.424778385337737596e+00 -2.599288936469624112e+00
4.505228901434787048e+00 -2.561813770177479022e+00
4.585679417531836499e+00 -2.580576325041228358e+00
4.666129933628886839e+00 -2.617436283338807179e+00
4.746580449725936290e+00 -2.625990065331148759e+00
4.827030965822985742e+00 -2.647382666036700360e+00
4.907481481920036082e+00 -2.682114613781699575e+00
4.987931998017085533e+00 -2.707388982890291729e+00
5.068382514114135873e+00 -2.689638270232209027e+00
5.148833030211185324e+00 -2.663919650027120500e+00
5.229283546308234776e+00 -2.648929682321539136e+00
5.309734062405285115e+00 -2.662144599456717220e+00
5.390184578502334567e+00 -2.694230107427571408e+00
5.470635094599384018e+00 -2.700015570884077842e+00
5.551085610696433470e+00 -2.684886413041633446e+00
5.631536126793483810e+00 -2.657095597267749465e+00
5.711986642890533261e+00 -2.655763089897166029e+00
5.792437158987582713e+00 -2.688290643107810851e+00
5.872887675084633052e+00 -2.722421846590491690e+00
5.953338191181682504e+00 -2.743522645981331998e+00
6.033788707278731955e+00 -2.727633116424687643e+00
6.114239223375781407e+00 -2.701339389406959501e+00
6.194689739472831747e+00 -2.698165743584418852e+00
6.275140255569881198e+00 -2.688800022384074229e+00
6.355590771666931538e+00 -2.651972250472304449e+00
6.436041287763980989e+00 -2.630292012712802663e+00
6.516491803861030441e+00 -2.624257901444690511e+00
6.596942319958079892e+00 -2.618558542079223450e+00
6.677392836055131120e+00 -2.616892906835064370e+00
6.757843352152180572e+00 -2.652308354270451307e+00
6.838293868249230023e+00 -2.686044057762817516e+00
6.918744384346279475e+00 -2.683032572805859939e+00
6.999194900443328926e+00 -2.678118830869757439e+00
7.079645416540378378e+00 -2.679762663028001146e+00
7.160095932637429605e+00 -2.694510763038348689e+00
7.240546448734479057e+00 -2.717903044432059101e+00
7.320996964831528508e+00 -2.745361909127920885e+00
7.401447480928577960e+00 -2.763235109650476140e+00
7.481897997025627411e+00 -2.743602556686998373e+00
7.562348513122678639e+00 -2.723255872896597207e+00
7.642799029219728091e+00 -2.714721108285855333e+00
7.723249545316777542e+00 -2.721482269902529172e+00
7.803700061413826994e+00 -2.725805232332444650e+00
7.884150577510876445e+00 -2.731993233356647899e+00
7.964601093607927673e+00 -2.744547769991339425e+00
8.045051609704977125e+00 -2.729076746072040205e+00
8.125502125802025688e+00 -2.700955461212351860e+00
8.205952641899076028e+00 -2.690553410029044468e+00
8.286403157996124591e+00 -2.708052676545240178e+00
8.366853674093176707e+00 -2.732117601437448862e+00
8.447304190190225270e+00 -2.742562721257334246e+00
8.527754706287275610e+00 -2.752962488212177927e+00
8.608205222384324173e+00 -2.767008625607472183e+00
8.688655738481374513e+00 -2.763874384562069242e+00
8.769106254578423076e+00 -2.774634460801096658e+00
8.849556770675475192e+00 -2.774458237304322505e+00
8.930007286772523756e+00 -2.762943918696979750e+00
9.010457802869574095e+00 -2.747536324384349804e+00
9.090908318966622659e+00 -2.751065758484711576e+00
9.171358835063672998e+00 -2.754559852338476222e+00
9.251809351160723338e+00 -2.748166410162521611e+00
9.332259867257773678e+00 -2.744028852666723139e+00
9.412710383354822241e+00 -2.758828165987442738e+00
9.493160899451872581e+00 -2.786816244575129886e+00
9.573611415548921144e+00 -2.788259881882754865e+00
9.654061931645971484e+00 -2.787002498117969740e+00
9.734512447743021823e+00 -2.796671604211980355e+00
9.814962963840072163e+00 -2.817858163516293590e+00
9.895413479937120727e+00 -2.852677936295165750e+00
9.975863996034171066e+00 -2.860173027116643674e+00
1.005631451213121963e+01 -2.850756239432997496e+00
1.013676502822827175e+01 -2.850521851032997489e+00
1.021721554432532031e+01 -2.847924009219168884e+00
1.029766606042237065e+01 -2.852393072358591297e+00
