0.000000000000000000e+00 -1.549019599857431873e-01
8.045051609704977069e-02 -3.944936152059571044e-01
1.609010321940995414e-01 -1.250413121324320365e+00
2.413515482911492982e-01 -4.139882685549619801e+00
3.218020643881990828e-01 -4.816091925265847173e+00
4.022525804852488118e-01 -4.737286164173513114e+00
4.827030965822985964e-01 -5.130939675329993399e+00
5.631536126793483810e-01 -5.850970732718906220e+00
6.436041287763981655e-01 -6.489995343925334836e+00
7.240546448734478391e-01 -6.856898175779732263e+00
8.045051609704976237e-01 -7.075636533197472211e+00
8.849556770675472972e-01 -7.197838340689839853e+00
9.654061931645971928e-01 -7.237018101080988863e+00
1.045856709261647088e+00 -7.309935671816746527e+00
1.126307225358696762e+00 -7.435542886450657640e+00
1.206757741455746435e+00 -7.532614038088754960e+00
1.287208257552796331e+00 -7.659132820266076891e+00
1.367658773649846005e+00 -7.557644639123736852e+00
1.448109289746895678e+00 -7.249744310962291216e+00
1.528559805843945352e+00 -7.039566519176831072e+00
1.609010321940995247e+00 -6.910868176874444657e+00
1.689460838038045143e+00 -6.686826686911750528e+00
1.769911354135094594e+00 -6.535436915626989141e+00
1.850361870232144490e+00 -6.559459828471079668e+00
1.930812386329194386e+00 -6.566925043972140941e+00
2.011262902426244281e+00 -6.518399865583047514e+00
2.091713418523294177e+00 -6.531569563113725607e+00
2.172163934620343628e+00 -6.489732485981816623e+00
2.252614450717393524e+00 -6.436030822670197438e+00
2.333064966814443419e+00 -6.446742671942619296e+00
2.413515482911492871e+00 -6.579326977789864195e+00
2.493965999008542767e+00 -6.614551624134056063e+00
2.574416515105592662e+00 -6.570045256234831932e+00
2.654867031202642558e+00 -6.444430216792499166e+00
2.735317547299692009e+00 -6.335135579317588750e+00
2.815768063396741905e+00 -6.328112113388699278e+00
2.896218579493791356e+00 -6.389860642268230251e+00
2.976669095590841252e+00 -6.499884703864903024e+00
3.057119611687890703e+00 -6.598429201330467286e+00
3.137570127784940599e+00 -6.609783674909012419e+00
3.218020643881990495e+00 -6.512725638828950281e+00
3.298471159979039946e+00 -6.468229564173431534e+00
3.378921676076090286e+00 -6.369272790894415337e+00
3.459372192173139737e+00 -6.333878993855029726e+00
3.539822708270189189e+00 -6.326042441080301337e+00
3.620273224367239528e+00 -6.422566933893602226e+00
3.700723740464288980e+00 -6.448623661593487988e+00
3.781174256561339320e+00 -6.386387659285570173e+00
3.861624772658388771e+00 -6.361639206657279999e+00
3.942075288755438223e+00 -6.413135107101537002e+00
4.022525804852488562e+00 -6.447645835398952308e+00
4.102976320949538014e+00 -6.440615653886566427e+00
4.183426837046588354e+00 -6.442799385468298112e+00
4.263877353143637805e+00 -6.469003077204851238e+00
4.344327869240687257e+00 -6.523600030867216404e+00
4.424778385337737596e+00 -6.548021493111582991e+00
4.505228901434787048e+00 -6.541524185770311917e+00
4.585679417531836499e+00 -6.519039375551434645e+00
4.666129933628886839e+00 -6.451208976834965192e+00
4.746580449725936290e+00 -6.397854322736601596e+00
4.827030965822985742e+00 -6.343415291706187453e+00
4.907481481920036082e+00 -6.330999876178569075e+00
4.987931998017085533e+00 -6.369656537928292117e+00
5.068382514114135873e+00 -6.408062323431024332e+00
5.148833030211185324e+00 -6.468156789679867735e+00
5.229283546308234776e+00 -6.535875720884937401e+00
5.309734062405285115e+00 -6.531472776905556721e+00
5.390184578502334567e+00 -6.503441927654212584e+00
5.470635094599384018e+00 -6.545357692431857721e+00
5.551085610696433470e+00 -6.622780403263448967e+00
5.631536126793483810e+00 -6.588597771559780547e+00
5.711986642890533261e+00 -6.489006933921782405e+00
5.792437158987582713e+00 -6.509301349685518545e+00
5.872887675084633052e+00 -6.543392055231629811e+00
5.953338191181682504e+00 -6.578924781460651516e+00
6.033788707278731955e+00 -6.586736538494519344e+00
6.114239223375781407e+00 -6.587492859797479561e+00
6.194689739472831747e+00 -6.615185795148408765e+00
6.275140255569881198e+00 -6.662218884807438180e+00
6.355590771666931538e+00 -6.650956774779824165e+00
6.436041287763980989e+00 -6.654319236329403253e+00
6.516491803861030441e+00 -6.707376371431502449e+00
6.596942319958079892e+00 -6.678716750359264154e+00
6.677392836055131120e+00 -6.586304971334491221e+00
6.757843352152180572e+00 -6.499867260101095390e+00
6.838293868249230023e+00 -6.460608316907132220e+00
6.918744384346279475e+00 -6.484346868589302204e+00
6.999194900443328926e+00 -6.512026247655473554e+00
7.079645416540378378e+00 -6.534480214349705385e+00
7.160095932637429605e+00 -6.626529016534909111e+00
7.240546448734479057e+00 -6.696747757819577984e+00
7.320996964831528508e+00 -6.672502119181754843e+00
7.401447480928577960e+00 -6.616659335566759559e+00
7.481897997025627411e+00 -6.593313083881406023e+00
7.562348513122678639e+00 -6.615619998833925486e+00
7.642799029219728091e+00 -6.671174938762580275e+00
7.723249545316777542e+00 -6.664138158655799948e+00
7.803700061413826994e+00 -6.601275528473706800e+00
7.884150577510876445e+00 -6.621951543769706738e+00
7.964601093607927673e+00 -6.668930284310805590e+00
8.045051609704977125e+00 -6.676224988906204416e+00
8.125502125802025688e+00 -6.671400846971664578e+00
8.205952641899076028e+00 -6.614755437547869654e+00
8.286403157996124591e+00 -6.588596720604474655e+00
8.366853674093176707e+00 -6.627934466115271483e+00
8.447304190190225270e+00 -6.725938825052808490e+00
8.527754706287275610e+00 -6.768402571916182886e+00
8.608205222384324173e+00 -6.738192939472769538e+00
8.688655738481374513e+00 -6.709700468866141243e+00
8.769106254578423076e+00 -6.731891509240968574e+00
8.849556770675475192e+00 -6.754010382332171325e+00
8.930007286772523756e+00 -6.739298242600023414e+00
9.010457802869574095e+00 -6.742010679094607717e+00
9.090908318966622659e+00 -6.772602896580613319e+00
9.171358835063672998e+00 -6.817393341268189744e+00
9.251809351160723338e+00 -6.832364625501016420e+00
9.332259867257773678e+00 -6.790906116871317622e+00
9.412710383354822241e+00 -6.743143119416012077e+00
9.493160899451872581e+00 -6.731053147196777608e+00
9.573611415548921144e+00 -6.795498527809770373e+00
9.654061931645971484e+00 -6.791927007231826963e+00
9.734512447743021823e+00 -6.780988222837174284e+00
9.814962963840072163e+00 -6.809232298345025747e+00
9.895413479937120727e+00 -6.848189846592320329e+00
9.975863996034171066e+00 -6.798024609870277679e+00
1.005631451213121963e+01 -6.733056443560789361e+00
1.013676502822827175e+01 -6.739436799691736368e+00
1.021721554432532031e+01 -6.808245196343445826e+00
1.029766606042237065e+01 -6.793539805668948439e+00
