0.000000000000000000e+00 -1.549019599857431873e-01
8.045051609704977069e-02 -1.817759747620361910e-01
1.609010321940995414e-01 -4.637230615096508690e-01
2.413515482911492982e-01 -1.087352376263078790e+00
3.218020643881990828e-01 -1.594335610128216674e+00
4.022525804852488118e-01 -1.975260611283091494e+00
4.827030965822985964e-01 -2.414741752766428107e+00
5.631536126793483810e-01 -2.791253931677045497e+00
6.436041287763981655e-01 -3.133773328512565293e+00
7.240546448734478391e-01 -3.319060112269774709e+00
8.045051609704976237e-01 -3.475470121490709996e+00
8.849556770675472972e-01 -3.652533457452265875e+00
9.654061931645971928e-01 -3.751479759487629018e+00
1.045856709261647088e+00 -3.772003803984608439e+00
1.126307225358696762e+00 -3.683656559215114257e+00
1.206757741455746435e+00 -3.633056347156599752e+00
1.287208257552796331e+00 -3.650587376142201634e+00
1.367658773649846005e+00 -3.628448368033074356e+00
1.448109289746895678e+00 -3.583379139052404128e+00
1.528559805843945352e+00 -3.502709098903351581e+00
1.609010321940995247e+00 -3.486240198438391502e+00
1.689460838038045143e+00 -3.536539356992863592e+00
1.769911354135094594e+00 -3.495746652022974299e+00
1.850361870232144490e+00 -3.413765971934195509e+00
1.930812386329194386e+00 -3.349187800026644624e+00
2.011262902426244281e+00 -3.247026241931622703e+00
2.091713418523294177e+00 -3.172527730020326509e+00
2.172163934620343628e+00 -3.150000562257485370e+00
2.252614450717393524e+00 -3.151777738240411519e+00
2.333064966814443419e+00 -3.145852550110657120e+00
2.413515482911492871e+00 -3.166308142060849207e+00
2.493965999008542767e+00 -3.239469204813933079e+00
2.574416515105592662e+00 -3.300593285071623750e+00
2.654867031202642558e+00 -3.289694213371978648e+00
2.735317547299692009e+00 -3.270434343537011568e+00
2.815768063396741905e+00 -3.251348597490689496e+00
2.896218579493791356e+00 -3.242351375097997312e+00
2.976669095590841252e+00 -3.239536075897628820e+00
3.057119611687890703e+00 -3.246419188380438303e+00
3.137570127784940599e+00 -3.274217852014490671e+00
3.218020643881990495e+00 -3.284143063383385908e+00
3.298471159979039946e+00 -3.297882929661607232e+00
3.378921676076090286e+00 -3.321219428293769038e+00
3.459372192173139737e+00 -3.322453149237066139e+00
3.539822708270189189e+00 -3.263854901094956684e+00
3.620273224367239528e+00 -3.194727433828162155e+00
3.700723740464288980e+00 -3.183553201647347564e+00
3.781174256561339320e+00 -3.183220821857237759e+00
3.861624772658388771e+00 -3.198114630230082689e+00
3.942075288755438223e+00 -3.211487608353828627e+00
4.022525804852488562e+00 -3.236111262509502318e+00
4.102976320949538014e+00 -3.265513585128545948e+00
4.183426837046588354e+00 -3.288155848904186218e+00
4.263877353143637805e+00 -3.242229833850590381e+00
4.344327869240687257e+00 -3.220229024826285702e+00
4.424778385337737596e+00 -3.226339877685228785e+00
4.505228901434787048e+00 -3.247335809569797505e+00
4.585679417531836499e+00 -3.294511171532087168e+00
4.666129933628886839e+00 -3.342938748914686897e+00
4.746580449725936290e+00 -3.361323152979564188e+00
4.827030965822985742e+00 -3.354624229629612486e+00
4.907481481920036082e+00 -3.340769269589888957e+00
4.987931998017085533e+00 -3.318841660184371989e+00
5.068382514114135873e+00 -3.285503357092481203e+00
5.148833030211185324e+00 -3.241623440159228764e+00
5.229283546308234776e+00 -3.210347211284220403e+00
5.309734062405285115e+00 -3.237727392203139765e+00
5.390184578502334567e+00 -3.279778234601617104e+00
5.470635094599384018e+00 -3.307329685922117068e+00
5.551085610696433470e+00 -3.304661567799086708e+00
5.631536126793483810e+00 -3.268868618869146925e+00
5.711986642890533261e+00 -3.266142210361657305e+00
5.792437158987582713e+00 -3.275270431651069458e+00
5.872887675084633052e+00 -3.264851217921816318e+00
5.953338191181682504e+00 -3.221289077671618983e+00
6.033788707278731955e+00 -3.212085516171138799e+00
6.114239223375781407e+00 -3.236526065077042436e+00
6.194689739472831747e+00 -3.273157975815644161e+00
6.275140255569881198e+00 -3.320884311558732982e+00
6.355590771666931538e+00 -3.345773774459628758e+00
6.436041287763980989e+00 -3.349775192410997526e+00
6.516491803861030441e+00 -3.341870445933011080e+00
6.596942319958079892e+00 -3.325611575348622839e+00
6.677392836055131120e+00 -3.324138599691170981e+00
6.757843352152180572e+00 -3.305389237554375637e+00
6.838293868249230023e+00 -3.298768330036892404e+00
6.918744384346279475e+00 -3.308894656669025380e+00
6.999194900443328926e+00 -3.327212800705274809e+00
7.079645416540378378e+00 -3.321873371666479002e+00
7.160095932637429605e+00 -3.319253710743840458e+00
7.240546448734479057e+00 -3.325113551294456737e+00
7.320996964831528508e+00 -3.335304212825854542e+00
7.401447480928577960e+00 -3.345094826298233404e+00
7.481897997025627411e+00 -3.317139122822517106e+00
7.562348513122678639e+00 -3.293007626277740130e+00
7.642799029219728091e+00 -3.301419979273869210e+00
7.723249545316777542e+00 -3.337909903257042288e+00
7.803700061413826994e+00 -3.361362077919621605e+00
7.884150577510876445e+00 -3.371564183304562867e+00
7.964601093607927673e+00 -3.371291315063967176e+00
8.045051609704977125e+00 -3.337637060999169680e+00
8.125502125802025688e+00 -3.297238110443990511e+00
8.205952641899076028e+00 -3.282898569711009795e+00
8.286403157996124591e+00 -3.293831128621218518e+00
8.366853674093176707e+00 -3.328429596355552356e+00
8.447304190190225270e+00 -3.331740948366915589e+00
8.527754706287275610e+00 -3.335189649105160470e+00
8.608205222384324173e+00 -3.352819959846647269e+00
8.688655738481374513e+00 -3.365642085569234165e+00
8.769106254578423076e+00 -3.351060557999653966e+00
8.849556770675475192e+00 -3.338107473617797805e+00
8.930007286772523756e+00 -3.352046855013455673e+00
9.010457802869574095e+00 -3.350867784563961393e+00
9.090908318966622659e+00 -3.351402806951202074e+00
9.171358835063672998e+00 -3.377739921655618538e+00
9.251809351160723338e+00 -3.408488188354376724e+00
9.332259867257773678e+00 -3.397293737750995746e+00
9.412710383354822241e+00 -3.375236824105444899e+00
9.493160899451872581e+00 -3.382240310116831239e+00
9.573611415548921144e+00 -3.373004718784672118e+00
9.654061931645971484e+00 -3.344819868507874716e+00
9.734512447743021823e+00 -3.330242006453522752e+00
9.814962963840072163e+00 -3.360041404287091193e+00
9.895413479937120727e+00 -3.402063919744188425e+00
9.975863996034171066e+00 -3.430993222581653512e+00
1.005631451213121963e+01 -3.434469600950494250e+00
1.013676502822827175e+01 -3.440551604421878018e+00
1.021721554432532031e+01 -3.452798173177037633e+00
1.029766606042237065e+01 -3.431283514765223863e+00
