0.000000000000000000e+00 -1.549019599857431873e-01
8.045051609704977069e-02 -2.045330943522635503e-01
1.609010321940995414e-01 -5.359608901794263858e-01
2.413515482911492982e-01 -1.739073494478232673e+00
3.218020643881990828e-01 -2.636248389487929167e+00
4.022525804852488118e-01 -2.718591764590661874e+00
4.827030965822985964e-01 -2.878583779271041809e+00
5.631536126793483810e-01 -2.974714569787423546e+00
6.436041287763981655e-01 -3.098335619643625360e+00
7.240546448734478391e-01 -3.243964131404194706e+00
8.045051609704976237e-01 -3.429358124778645767e+00
8.849556770675472972e-01 -3.550397919874325847e+00
9.654061931645971928e-01 -3.646582609520204521e+00
1.045856709261647088e+00 -3.708639893397849718e+00
1.126307225358696762e+00 -3.712452362708126508e+00
1.206757741455746435e+00 -3.723811632982448216e+00
1.287208257552796331e+00 -3.730003386314379554e+00
1.367658773649846005e+00 -3.650961308681487161e+00
1.448109289746895678e+00 -3.551866550103224274e+00
1.528559805843945352e+00 -3.525966965337129722e+00
1.609010321940995247e+00 -3.488151244726790168e+00
1.689460838038045143e+00 -3.451876516998396038e+00
1.769911354135094594e+00 -3.422977780211660104e+00
1.850361870232144490e+00 -3.414145094923836332e+00
1.930812386329194386e+00 -3.417709223070189317e+00
2.011262902426244281e+00 -3.400734659512308244e+00
2.091713418523294177e+00 -3.356121692512425536e+00
2.172163934620343628e+00 -3.294999894284153186e+00
2.252614450717393524e+00 -3.254093292320275221e+00
2.333064966814443419e+00 -3.188361182499770408e+00
2.413515482911492871e+00 -3.151495782350044461e+00
2.493965999008542767e+00 -3.182259958521850507e+00
2.574416515105592662e+00 -3.229324235209070970e+00
2.654867031202642558e+00 -3.240963264710471137e+00
2.735317547299692009e+00 -3.268847848549092827e+00
2.815768063396741905e+00 -3.280616207744249113e+00
2.896218579493791356e+00 -3.265832381542323137e+00
2.976669095590841252e+00 -3.263032446232255968e+00
3.057119611687890703e+00 -3.276459633238548275e+00
3.137570127784940599e+00 -3.266867840821701119e+00
3.218020643881990495e+00 -3.244640333415508948e+00
3.298471159979039946e+00 -3.236062039296338622e+00
3.378921676076090286e+00 -3.265787479984832764e+00
3.459372192173139737e+00 -3.278989733299410236e+00
3.539822708270189189e+00 -3.256376453756772538e+00
3.620273224367239528e+00 -3.196399534314752877e+00
3.700723740464288980e+00 -3.148176169890510856e+00
3.781174256561339320e+00 -3.149464463049404639e+00
3.861624772658388771e+00 -3.202195540976745747e+00
3.942075288755438223e+00 -3.240716819286871164e+00
4.022525804852488562e+00 -3.262043660394345235e+00
4.102976320949538014e+00 -3.248499907258876718e+00
4.183426837046588354e+00 -3.231366886074349853e+00
4.263877353143637805e+00 -3.252729527511510454e+00
4.344327869240687257e+00 -3.294250719745629219e+00
4.424778385337737596e+00 -3.338979792565385019e+00
4.505228901434787048e+00 -3.327025047279124959e+00
4.585679417531836499e+00 -3.305086222199399959e+00
4.666129933628886839e+00 -3.299190966377429479e+00
4.746580449725936290e+00 -3.291510547987280599e+00
4.827030965822985742e+00 -3.237253641297297868e+00
4.907481481920036082e+00 -3.185465332218060830e+00
4.987931998017085533e+00 -3.181228929653430182e+00
5.068382514114135873e+00 -3.208786202628368667e+00
5.148833030211185324e+00 -3.222907820238656740e+00
5.229283546308234776e+00 -3.230769417094348839e+00
5.309734062405285115e+00 -3.262409735841165670e+00
5.390184578502334567e+00 -3.280538467282860804e+00
5.470635094599384018e+00 -3.297618996760117938e+00
5.551085610696433470e+00 -3.320802844449576963e+00
5.631536126793483810e+00 -3.319165713339797374e+00
5.711986642890533261e+00 -3.332808168401865778e+00
5.792437158987582713e+00 -3.312276520274842095e+00
5.872887675084633052e+00 -3.259698923603756349e+00
5.953338191181682504e+00 -3.200151829586740604e+00
6.033788707278731955e+00 -3.189431597744963209e+00
6.114239223375781407e+00 -3.220925266530236808e+00
6.194689739472831747e+00 -3.266415078669395733e+00
6.275140255569881198e+00 -3.262616627159915961e+00
6.355590771666931538e+00 -3.222009427842667417e+00
6.436041287763980989e+00 -3.222370586785709978e+00
6.516491803861030441e+00 -3.267504325476257243e+00
6.596942319958079892e+00 -3.306809359007861548e+00
6.677392836055131120e+00 -3.318014223604483615e+00
6.757843352152180572e+00 -3.337620385343480045e+00
6.838293868249230023e+00 -3.345402182914071432e+00
6.918744384346279475e+00 -3.327474574160657284e+00
6.999194900443328926e+00 -3.308114956273362939e+00
7.079645416540378378e+00 -3.317048706030691907e+00
7.160095932637429605e+00 -3.351172458664632536e+00
7.240546448734479057e+00 -3.368847610807202742e+00
7.320996964831528508e+00 -3.348659807855641990e+00
7.401447480928577960e+00 -3.316225277170092856e+00
7.481897997025627411e+00 -3.284405164423280787e+00
7.562348513122678639e+00 -3.285140504711111298e+00
7.642799029219728091e+00 -3.289915215981245034e+00
7.723249545316777542e+00 -3.296090779278526117e+00
7.803700061413826994e+00 -3.315023134486278167e+00
7.884150577510876445e+00 -3.316969273331975998e+00
7.964601093607927673e+00 -3.311596850984065643e+00
8.045051609704977125e+00 -3.317855575814466551e+00
8.125502125802025688e+00 -3.333536796949883474e+00
8.205952641899076028e+00 -3.338740179584124945e+00
8.286403157996124591e+00 -3.348719107724280608e+00
8.366853674093176707e+00 -3.396551823456106067e+00
8.447304190190225270e+00 -3.435054091068260984e+00
8.527754706287275610e+00 -3.431421087867417619e+00
8.608205222384324173e+00 -3.390897108343974953e+00
8.688655738481374513e+00 -3.347780915714301031e+00
8.769106254578423076e+00 -3.340832908613974972e+00
8.849556770675475192e+00 -3.343602734745223515e+00
8.930007286772523756e+00 -3.344304154879579549e+00
9.010457802869574095e+00 -3.361460281037673692e+00
9.090908318966622659e+00 -3.376815882004911451e+00
9.171358835063672998e+00 -3.377849983536072020e+00
9.251809351160723338e+00 -3.370599848198846615e+00
9.332259867257773678e+00 -3.376574934400006445e+00
9.412710383354822241e+00 -3.394872844723408889e+00
9.493160899451872581e+00 -3.414230060290058599e+00
9.573611415548921144e+00 -3.423750222961314815e+00
9.654061931645971484e+00 -3.407272087643078873e+00
9.734512447743021823e+00 -3.374031708162903431e+00
9.814962963840072163e+00 -3.365583335298559575e+00
9.895413479937120727e+00 -3.375391511643345499e+00
9.975863996034171066e+00 -3.393924884237182305e+00
1.005631451213121963e+01 -3.402425145280443708e+00
1.013676502822827175e+01 -3.406809129369216649e+00
1.021721554432532031e+01 -3.404838273432889917e+00
1.029766606042237065e+01 -3.403415958825806609e+00
