0.000000000000000000e+00 -1.549019599857431873e-01
8.045051609704977069e-02 -2.121980926894387054e-01
1.609010321940995414e-01 -6.081776950478533506e-01
2.413515482911492982e-01 -2.601352641121156051e+00
3.218020643881990828e-01 -3.138883983869167782e+00
4.022525804852488118e-01 -2.936922133662312362e+00
4.827030965822985964e-01 -2.821816629775506957e+00
5.631536126793483810e-01 -2.657893819514159262e+00
6.436041287763981655e-01 -2.690035196807226470e+00
7.240546448734478391e-01 -2.822868158990411214e+00
8.045051609704976237e-01 -2.889848466450453568e+00
8.849556770675472972e-01 -2.847426765125617099e+00
9.654061931645971928e-01 -2.770056764257155191e+00
1.045856709261647088e+00 -2.765596691018666675e+00
1.126307225358696762e+00 -2.802806778071474270e+00
1.206757741455746435e+00 -2.844627370046961978e+00
1.287208257552796331e+00 -2.830253597527911502e+00
1.367658773649846005e+00 -2.805701560923265614e+00
1.448109289746895678e+00 -2.780081561938361645e+00
1.528559805843945352e+00 -2.727595817449709248e+00
1.609010321940995247e+00 -2.677952573177734052e+00
1.689460838038045143e+00 -2.629476437944834988e+00
1.769911354135094594e+00 -2.583582565582192903e+00
1.850361870232144490e+00 -2.589754295009173202e+00
1.930812386329194386e+00 -2.647716438146243689e+00
2.011262902426244281e+00 -2.693375222435101524e+00
2.091713418523294177e+00 -2.662303419666726789e+00
2.172163934620343628e+00 -2.614642858324764951e+00
2.252614450717393524e+00 -2.607266358070155388e+00
2.333064966814443419e+00 -2.613600236850952996e+00
2.413515482911492871e+00 -2.603431505388366762e+00
2.493965999008542767e+00 -2.601220781155037631e+00
2.574416515105592662e+00 -2.608939482585030056e+00
2.654867031202642558e+00 -2.611150854294455925e+00
2.735317547299692009e+00 -2.664388243958009994e+00
2.815768063396741905e+00 -2.718708074305732136e+00
2.896218579493791356e+00 -2.730975845408759373e+00
2.976669095590841252e+00 -2.741694571708312989e+00
3.057119611687890703e+00 -2.719890538932804080e+00
3.137570127784940599e+00 -2.676979256287837394e+00
3.218020643881990495e+00 -2.639231718910476587e+00
3.298471159979039946e+00 -2.612114137379181855e+00
3.378921676076090286e+00 -2.593863573682444912e+00
3.459372192173139737e+00 -2.594705555443313383e+00
3.539822708270189189e+00 -2.615122090960427137e+00
3.620273224367239528e+00 -2.633456400817335563e+00
3.700723740464288980e+00 -2.670609483147655006e+00
3.781174256561339320e+00 -2.682061121407925075e+00
3.861624772658388771e+00 -2.661143398676505623e+00
3.942075288755438223e+00 -2.641411276226258931e+00
4.022525804852488562e+00 -2.633930797170451754e+00
4.102976320949538014e+00 -2.646849693459478736e+00
4.183426837046588354e+00 -2.641655858005167890e+00
4.263877353143637805e+00 -2.647514150894676899e+00
4.344327869240687257e+00 -2.660713607413944359e+00
4.424778385337737596e+00 -2.650983012128413030e+00
4.505228901434787048e+00 -2.638840178300555728e+00
4.585679417531836499e+00 -2.666569740030006574e+00
4.666129933628886839e+00 -2.676031775423088455e+00
4.746580449725936290e+00 -2.685842190485633107e+00
4.827030965822985742e+00 -2.696411196629108442e+00
4.907481481920036082e+00 -2.706301890479114292e+00
4.987931998017085533e+00 -2.718606501537652154e+00
5.068382514114135873e+00 -2.705658144031295897e+00
5.148833030211185324e+00 -2.675671471197935247e+00
5.229283546308234776e+00 -2.677600322444492864e+00
5.309734062405285115e+00 -2.725698403158050898e+00
5.390184578502334567e+00 -2.752425192840064927e+00
5.470635094599384018e+00 -2.729379097249888364e+00
5.551085610696433470e+00 -2.702859613905930214e+00
5.631536126793483810e+00 -2.681938334694506931e+00
5.711986642890533261e+00 -2.676276331309251244e+00
5.792437158987582713e+00 -2.701450858747319383e+00
5.872887675084633052e+00 -2.701760319270651411e+00
5.953338191181682504e+00 -2.692814123969135665e+00
6.033788707278731955e+00 -2.665521843282705916e+00
6.114239223375781407e+00 -2.633930257576382772e+00
6.194689739472831747e+00 -2.621370078077086774e+00
6.275140255569881198e+00 -2.627769892553526443e+00
6.355590771666931538e+00 -2.639593963000243626e+00
6.436041287763980989e+00 -2.674154552166808863e+00
6.516491803861030441e+00 -2.692651532934883907e+00
6.596942319958079892e+00 -2.703238280421514705e+00
6.677392836055131120e+00 -2.686736583405028966e+00
6.757843352152180572e+00 -2.663918332220035712e+00
6.838293868249230023e+00 -2.665608119314142321e+00
6.918744384346279475e+00 -2.673225319762368546e+00
6.999194900443328926e+00 -2.654385182863977732e+00
7.079645416540378378e+00 -2.651777097222169921e+00
7.160095932637429605e+00 -2.685688670319764881e+00
7.240546448734479057e+00 -2.709597762400913989e+00
7.320996964831528508e+00 -2.671575934939583785e+00
7.401447480928577960e+00 -2.666672942587255069e+00
7.481897997025627411e+00 -2.704564175556058991e+00
7.562348513122678639e+00 -2.745867262253671282e+00
7.642799029219728091e+00 -2.742182207208346600e+00
7.723249545316777542e+00 -2.736210307699312061e+00
7.803700061413826994e+00 -2.739027711213542382e+00
7.884150577510876445e+00 -2.730787439008511175e+00
7.964601093607927673e+00 -2.745900419259342584e+00
8.045051609704977125e+00 -2.758243672373825284e+00
8.125502125802025688e+00 -2.776533325122923390e+00
8.205952641899076028e+00 -2.767146629588292051e+00
8.286403157996124591e+00 -2.749850590312997944e+00
8.366853674093176707e+00 -2.743972679915584134e+00
8.447304190190225270e+00 -2.742749190427690831e+00
8.527754706287275610e+00 -2.746370654762372521e+00
8.608205222384324173e+00 -2.766399283395700515e+00
8.688655738481374513e+00 -2.789706685717411094e+00
8.769106254578423076e+00 -2.815094263558274523e+00
8.849556770675475192e+00 -2.810228529728648894e+00
8.930007286772523756e+00 -2.805539020833416330e+00
9.010457802869574095e+00 -2.798145409546342055e+00
9.090908318966622659e+00 -2.787802070682671829e+00
9.171358835063672998e+00 -2.788368133473556831e+00
9.251809351160723338e+00 -2.797549039408899763e+00
9.332259867257773678e+00 -2.807604002367424911e+00
9.412710383354822241e+00 -2.810649236105111637e+00
9.493160899451872581e+00 -2.811561906413779344e+00
9.573611415548921144e+00 -2.827072413482961899e+00
9.654061931645971484e+00 -2.851847320439482303e+00
9.734512447743021823e+00 -2.867547708155976149e+00
9.814962963840072163e+00 -2.854336195329867820e+00
9.895413479937120727e+00 -2.838438063948819146e+00
9.975863996034171066e+00 -2.846447655375446306e+00
1.005631451213121963e+01 -2.856610609133893863e+00
1.013676502822827175e+01 -2.860278960447000696e+00
1.021721554432532031e+01 -2.835218036263972063e+00
1.029766606042237065e+01 -2.829074155168836313e+00
