0.000000000000000000e+00 -1.549019599857431873e-01
8.045051609704977069e-02 -3.954958438719510805e-01
1.609010321940995414e-01 -1.342611814581569085e+00
2.413515482911492982e-01 -5.099525544913481312e+00
3.218020643881990828e-01 -6.140754021358651116e+00
4.022525804852488118e-01 -5.482647583086451171e+00
4.827030965822985964e-01 -5.339207721510965676e+00
5.631536126793483810e-01 -5.348713075294040387e+00
6.436041287763981655e-01 -5.220260064854916671e+00
7.240546448734478391e-01 -5.178917767906336955e+00
8.045051609704976237e-01 -5.330696479844274194e+00
8.849556770675472972e-01 -5.353795368531795162e+00
9.654061931645971928e-01 -5.055282799282424300e+00
1.045856709261647088e+00 -4.898510269845401943e+00
1.126307225358696762e+00 -4.927917723443234976e+00
1.206757741455746435e+00 -4.918399136114465442e+00
1.287208257552796331e+00 -5.002223859904812997e+00
1.367658773649846005e+00 -5.182506830242494367e+00
1.448109289746895678e+00 -5.296131001008400396e+00
1.528559805843945352e+00 -5.340415098843321218e+00
1.609010321940995247e+00 -5.343648801130811421e+00
1.689460838038045143e+00 -5.332223896093564619e+00
1.769911354135094594e+00 -5.325177327070522715e+00
1.850361870232144490e+00 -5.306216920903651157e+00
1.930812386329194386e+00 -5.223963638787175512e+00
2.011262902426244281e+00 -5.132347347850370944e+00
2.091713418523294177e+00 -5.087877608520900097e+00
2.172163934620343628e+00 -5.156947724417780599e+00
2.252614450717393524e+00 -5.261735264509884935e+00
2.333064966814443419e+00 -5.318516160136057103e+00
2.413515482911492871e+00 -5.298643192631419474e+00
2.493965999008542767e+00 -5.224831848993391148e+00
2.574416515105592662e+00 -5.131817473172791466e+00
2.654867031202642558e+00 -5.113499706858615212e+00
2.735317547299692009e+00 -5.140275912492440646e+00
2.815768063396741905e+00 -5.139427547903508753e+00
2.896218579493791356e+00 -5.137427748297609398e+00
2.976669095590841252e+00 -5.134338828265647692e+00
3.057119611687890703e+00 -5.147735518952639033e+00
3.137570127784940599e+00 -5.128885144544078400e+00
3.218020643881990495e+00 -5.085987186067035815e+00
3.298471159979039946e+00 -5.015951571059821035e+00
3.378921676076090286e+00 -5.102116146694341658e+00
3.459372192173139737e+00 -5.186337387472803151e+00
3.539822708270189189e+00 -5.183889696545866066e+00
3.620273224367239528e+00 -5.124373297021379337e+00
3.700723740464288980e+00 -5.060901327412985928e+00
3.781174256561339320e+00 -5.102821864052274670e+00
3.861624772658388771e+00 -5.179495223288859584e+00
3.942075288755438223e+00 -5.111279857919560854e+00
4.022525804852488562e+00 -5.076371810101301563e+00
4.102976320949538014e+00 -5.142738255992022722e+00
4.183426837046588354e+00 -5.221983729430742294e+00
4.263877353143637805e+00 -5.249355531954870813e+00
4.344327869240687257e+00 -5.242081606472835276e+00
4.424778385337737596e+00 -5.216315125811346931e+00
4.505228901434787048e+00 -5.233557646559679810e+00
4.585679417531836499e+00 -5.254511652941229016e+00
4.666129933628886839e+00 -5.240509392863200056e+00
4.746580449725936290e+00 -5.241129272740970180e+00
4.827030965822985742e+00 -5.259196261621479351e+00
4.907481481920036082e+00 -5.270829081870581412e+00
4.987931998017085533e+00 -5.237841229123691988e+00
5.068382514114135873e+00 -5.224803579544804677e+00
5.148833030211185324e+00 -5.241834550761194755e+00
5.229283546308234776e+00 -5.307629201181942591e+00
5.309734062405285115e+00 -5.382277772697622531e+00
5.390184578502334567e+00 -5.411184294796175465e+00
5.470635094599384018e+00 -5.321572084950995318e+00
5.551085610696433470e+00 -5.240745016115253563e+00
5.631536126793483810e+00 -5.228695854898814943e+00
5.711986642890533261e+00 -5.301285390384585128e+00
5.792437158987582713e+00 -5.417757966129435943e+00
5.872887675084633052e+00 -5.468817215178707336e+00
5.953338191181682504e+00 -5.392297051174746336e+00
6.033788707278731955e+00 -5.277153474015713108e+00
6.114239223375781407e+00 -5.301498708444463581e+00
6.194689739472831747e+00 -5.365118428663196326e+00
6.275140255569881198e+00 -5.334770656358455376e+00
6.355590771666931538e+00 -5.297692731487822826e+00
6.436041287763980989e+00 -5.352593231391127304e+00
6.516491803861030441e+00 -5.365638185521057757e+00
6.596942319958079892e+00 -5.275854571159343642e+00
6.677392836055131120e+00 -5.246998285019686570e+00
6.757843352152180572e+00 -5.279105189900492157e+00
6.838293868249230023e+00 -5.340815976206832794e+00
6.918744384346279475e+00 -5.426191030418965333e+00
6.999194900443328926e+00 -5.478878196860476280e+00
7.079645416540378378e+00 -5.515582846019122520e+00
7.160095932637429605e+00 -5.496409616911316576e+00
7.240546448734479057e+00 -5.448994017157516190e+00
7.320996964831528508e+00 -5.424690365370064882e+00
7.401447480928577960e+00 -5.451159428318620215e+00
7.481897997025627411e+00 -5.457638625044133995e+00
7.562348513122678639e+00 -5.410875312843771212e+00
7.642799029219728091e+00 -5.395303130429978111e+00
7.723249545316777542e+00 -5.450408257419468327e+00
7.803700061413826994e+00 -5.448105554972626940e+00
7.884150577510876445e+00 -5.422872790299456902e+00
7.964601093607927673e+00 -5.416430258725880797e+00
8.045051609704977125e+00 -5.478208968990691652e+00
8.125502125802025688e+00 -5.578899477094641846e+00
8.205952641899076028e+00 -5.603759359835232878e+00
8.286403157996124591e+00 -5.592489159219878658e+00
8.366853674093176707e+00 -5.593837609175335679e+00
8.447304190190225270e+00 -5.576970078963098487e+00
8.527754706287275610e+00 -5.524358903484102079e+00
8.608205222384324173e+00 -5.500049296668010790e+00
8.688655738481374513e+00 -5.454384922780110223e+00
8.769106254578423076e+00 -5.406783572525055703e+00
8.849556770675475192e+00 -5.356569150544024716e+00
8.930007286772523756e+00 -5.413193116836934493e+00
9.010457802869574095e+00 -5.516462191007573068e+00
9.090908318966622659e+00 -5.561366665318543845e+00
9.171358835063672998e+00 -5.552323763560234937e+00
9.251809351160723338e+00 -5.540486103318404965e+00
9.332259867257773678e+00 -5.558767326203343906e+00
9.412710383354822241e+00 -5.566246797586162032e+00
9.493160899451872581e+00 -5.521992253362612679e+00
9.573611415548921144e+00 -5.481621412424771300e+00
9.654061931645971484e+00 -5.470194456546998651e+00
9.734512447743021823e+00 -5.515063705178685716e+00
9.814962963840072163e+00 -5.550102438706044694e+00
9.895413479937120727e+00 -5.584442148369263670e+00
9.975863996034171066e+00 -5.551575318978952289e+00
1.005631451213121963e+01 -5.536334630897959741e+00
1.013676502822827175e+01 -5.563994742284514849e+00
1.021721554432532031e+01 -5.585557299369343198e+00
1.029766606042237065e+01 -5.599040071234571592e+00
