0.000000000000000000e+00 -1.549019599857431873e-01
8.045051609704977069e-02 -2.053572755632095126e-01
1.609010321940995414e-01 -6.370149342043193164e-01
2.413515482911492982e-01 -2.702425431322663218e+00
3.218020643881990828e-01 -3.177805677269106788e+00
4.022525804852488118e-01 -2.848662459851698525e+00
4.827030965822985964e-01 -2.782225184400033413e+00
5.631536126793483810e-01 -2.725599766778745714e+00
6.436041287763981655e-01 -2.727465579894832626e+00
7.240546448734478391e-01 -2.818067327675632949e+00
8.045051609704976237e-01 -2.870868978990272602e+00
8.849556770675472972e-01 -2.812501361430174818e+00
9.654061931645971928e-01 -2.667067697881339683e+00
1.045856709261647088e+00 -2.584203948670866779e+00
1.126307225358696762e+00 -2.595347856449137236e+00
1.206757741455746435e+00 -2.658623473464640341e+00
1.287208257552796331e+00 -2.709334305552226763e+00
1.367658773649846005e+00 -2.741397700445418195e+00
1.448109289746895678e+00 -2.753837943575588199e+00
1.528559805843945352e+00 -2.713309323866550216e+00
1.609010321940995247e+00 -2.623517286109468216e+00
1.689460838038045143e+00 -2.580025775383797626e+00
1.769911354135094594e+00 -2.607468489980610649e+00
1.850361870232144490e+00 -2.634828324404178357e+00
1.930812386329194386e+00 -2.644880125923467329e+00
2.011262902426244281e+00 -2.641117674269302107e+00
2.091713418523294177e+00 -2.661493542248139832e+00
2.172163934620343628e+00 -2.649206205313700657e+00
2.252614450717393524e+00 -2.631929775948597783e+00
2.333064966814443419e+00 -2.603615065172761422e+00
2.413515482911492871e+00 -2.570049873115863637e+00
2.493965999008542767e+00 -2.609463446664713082e+00
2.574416515105592662e+00 -2.671579970424391437e+00
2.654867031202642558e+00 -2.725704470346637542e+00
2.735317547299692009e+00 -2.706111159195109916e+00
2.815768063396741905e+00 -2.653686204716708019e+00
2.896218579493791356e+00 -2.622331915200317720e+00
2.976669095590841252e+00 -2.612262847069772409e+00
3.057119611687890703e+00 -2.597364614730309551e+00
3.137570127784940599e+00 -2.604833776189938277e+00
3.218020643881990495e+00 -2.645980400127044163e+00
3.298471159979039946e+00 -2.662785425561635222e+00
3.378921676076090286e+00 -2.646647213632308482e+00
3.459372192173139737e+00 -2.611513216325723974e+00
3.539822708270189189e+00 -2.612841310619835600e+00
3.620273224367239528e+00 -2.623185497646432385e+00
3.700723740464288980e+00 -2.607301710612162982e+00
3.781174256561339320e+00 -2.555948821183147146e+00
3.861624772658388771e+00 -2.552165426646341828e+00
3.942075288755438223e+00 -2.609851247922878592e+00
4.022525804852488562e+00 -2.634833397428105517e+00
4.102976320949538014e+00 -2.608273267437468679e+00
4.183426837046588354e+00 -2.597270551057303756e+00
4.263877353143637805e+00 -2.596014840539504043e+00
4.344327869240687257e+00 -2.587490271406086784e+00
4.424778385337737596e+00 -2.610063981616307593e+00
4.505228901434787048e+00 -2.625161119024165490e+00
4.585679417531836499e+00 -2.615525917431667846e+00
4.666129933628886839e+00 -2.617873438715101475e+00
4.746580449725936290e+00 -2.653269618982388778e+00
4.827030965822985742e+00 -2.660862136136680434e+00
4.907481481920036082e+00 -2.691196172899263495e+00
4.987931998017085533e+00 -2.734903597063230940e+00
5.068382514114135873e+00 -2.723085125510605664e+00
5.148833030211185324e+00 -2.676773553845567921e+00
5.229283546308234776e+00 -2.657017592009607299e+00
5.309734062405285115e+00 -2.663306934128173875e+00
5.390184578502334567e+00 -2.689020081489643665e+00
5.470635094599384018e+00 -2.695327558490587361e+00
5.551085610696433470e+00 -2.690681807788743996e+00
5.631536126793483810e+00 -2.676459527176006770e+00
5.711986642890533261e+00 -2.654689221190310811e+00
5.792437158987582713e+00 -2.653617579712551855e+00
5.872887675084633052e+00 -2.678974377271625240e+00
5.953338191181682504e+00 -2.706245098347746403e+00
6.033788707278731955e+00 -2.703009456546528799e+00
6.114239223375781407e+00 -2.683792200054568866e+00
6.194689739472831747e+00 -2.658283158619634712e+00
6.275140255569881198e+00 -2.646914158462938538e+00
6.355590771666931538e+00 -2.636559642474086029e+00
6.436041287763980989e+00 -2.632664016858003109e+00
6.516491803861030441e+00 -2.665453904854784728e+00
6.596942319958079892e+00 -2.678404097388149108e+00
6.677392836055131120e+00 -2.685793531455989314e+00
6.757843352152180572e+00 -2.682654991942372114e+00
6.838293868249230023e+00 -2.663977327768809467e+00
6.918744384346279475e+00 -2.647194980930521524e+00
6.999194900443328926e+00 -2.663206754402391407e+00
7.079645416540378378e+00 -2.709516807053697018e+00
7.160095932637429605e+00 -2.746796591489602424e+00
7.240546448734479057e+00 -2.766901823439146035e+00
7.320996964831528508e+00 -2.761604334180518094e+00
7.401447480928577960e+00 -2.735864784732905175e+00
7.481897997025627411e+00 -2.705613119169786529e+00
7.562348513122678639e+00 -2.707148761160968586e+00
7.642799029219728091e+00 -2.713103030005300287e+00
7.723249545316777542e+00 -2.719358574442552356e+00
7.803700061413826994e+00 -2.738568102870622578e+00
7.884150577510876445e+00 -2.746005985690423312e+00
7.964601093607927673e+00 -2.730557928432913339e+00
8.045051609704977125e+00 -2.728285476614633165e+00
8.125502125802025688e+00 -2.728073128057828534e+00
8.205952641899076028e+00 -2.756553841659821202e+00
8.286403157996124591e+00 -2.793335282071872427e+00
8.366853674093176707e+00 -2.817248833049663670e+00
8.447304190190225270e+00 -2.812446882012106020e+00
8.527754706287275610e+00 -2.784111967459461212e+00
8.608205222384324173e+00 -2.756158415691567942e+00
8.688655738481374513e+00 -2.745062756528189318e+00
8.769106254578423076e+00 -2.734861539178634615e+00
8.849556770675475192e+00 -2.742636789715157342e+00
8.930007286772523756e+00 -2.760066523289361751e+00
9.010457802869574095e+00 -2.781765531457557561e+00
9.090908318966622659e+00 -2.782667345984360718e+00
9.171358835063672998e+00 -2.763682184204329761e+00
9.251809351160723338e+00 -2.764993920657785154e+00
9.332259867257773678e+00 -2.790341499029916239e+00
9.412710383354822241e+00 -2.820198618821609937e+00
9.493160899451872581e+00 -2.807240195563846630e+00
9.573611415548921144e+00 -2.810247362511484326e+00
9.654061931645971484e+00 -2.825749815805953080e+00
9.734512447743021823e+00 -2.840015064232007003e+00
9.814962963840072163e+00 -2.845268672218730810e+00
9.895413479937120727e+00 -2.832721378595881134e+00
9.975863996034171066e+00 -2.825552527050530394e+00
1.005631451213121963e+01 -2.824029569745151846e+00
1.013676502822827175e+01 -2.830484150524657405e+00
1.021721554432532031e+01 -2.829297517303400511e+00
1.029766606042237065e+01 -2.834581015757155154e+00
