0.000000000000000000e+00 -1.549019599857431873e-01
8.045051609704977069e-02 -2.123387753071462047e-01
1.609010321940995414e-01 -6.525982192086430267e-01
2.413515482911492982e-01 -2.742247366083219173e+00
3.218020643881990828e-01 -2.786667508289446538e+00
4.022525804852488118e-01 -2.580025956747644234e+00
4.827030965822985964e-01 -2.635414592366240871e+00
5.631536126793483810e-01 -2.755147326385689155e+00
6.436041287763981655e-01 -2.749154804054521062e+00
7.240546448734478391e-01 -2.720423046640198628e+00
8.045051609704976237e-01 -2.744313803992543210e+00
8.849556770675472972e-01 -2.745982577662068991e+00
9.654061931645971928e-01 -2.626910384473280846e+00
1.045856709261647088e+00 -2.504625870824051415e+00
1.126307225358696762e+00 -2.496634488444450906e+00
1.206757741455746435e+00 -2.625393186167571002e+00
1.287208257552796331e+00 -2.663099972957386985e+00
1.367658773649846005e+00 -2.631232881971190984e+00
1.448109289746895678e+00 -2.632522132844442364e+00
1.528559805843945352e+00 -2.629527245362651477e+00
1.609010321940995247e+00 -2.629931000008767228e+00
1.689460838038045143e+00 -2.663789841895682908e+00
1.769911354135094594e+00 -2.660586588944018782e+00
1.850361870232144490e+00 -2.643295226034562795e+00
1.930812386329194386e+00 -2.630059094586798984e+00
2.011262902426244281e+00 -2.637070938725749158e+00
2.091713418523294177e+00 -2.645015335802860079e+00
2.172163934620343628e+00 -2.653251828055640527e+00
2.252614450717393524e+00 -2.673726362602963924e+00
2.333064966814443419e+00 -2.665576585657858377e+00
2.413515482911492871e+00 -2.638440495885388426e+00
2.493965999008542767e+00 -2.636755735705688775e+00
2.574416515105592662e+00 -2.643680488909931459e+00
2.654867031202642558e+00 -2.632227228603325031e+00
2.735317547299692009e+00 -2.598229754269316238e+00
2.815768063396741905e+00 -2.590171642806474051e+00
2.896218579493791356e+00 -2.634352259752564596e+00
2.976669095590841252e+00 -2.648290423913397973e+00
3.057119611687890703e+00 -2.630729763137096278e+00
3.137570127784940599e+00 -2.620786215468080105e+00
3.218020643881990495e+00 -2.638266938615589474e+00
3.298471159979039946e+00 -2.653027756036353324e+00
3.378921676076090286e+00 -2.656609811244478259e+00
3.459372192173139737e+00 -2.657782242461846689e+00
3.539822708270189189e+00 -2.651251044933941259e+00
3.620273224367239528e+00 -2.629903027763881518e+00
3.700723740464288980e+00 -2.629509356329163161e+00
3.781174256561339320e+00 -2.639910388688873066e+00
3.861624772658388771e+00 -2.606537681946052842e+00
3.942075288755438223e+00 -2.597672030173471924e+00
4.022525804852488562e+00 -2.631323278021060919e+00
4.102976320949538014e+00 -2.638378983434944924e+00
4.183426837046588354e+00 -2.613818395745783896e+00
4.263877353143637805e+00 -2.631197408696286821e+00
4.344327869240687257e+00 -2.653277401814407632e+00
4.424778385337737596e+00 -2.674220533153427670e+00
4.505228901434787048e+00 -2.666815114624239147e+00
4.585679417531836499e+00 -2.677552243666919463e+00
4.666129933628886839e+00 -2.657212615919038790e+00
4.746580449725936290e+00 -2.649301013415009010e+00
4.827030965822985742e+00 -2.667132417845774928e+00
4.907481481920036082e+00 -2.673640019807989709e+00
4.987931998017085533e+00 -2.667192095328880352e+00
5.068382514114135873e+00 -2.673972795950733783e+00
5.148833030211185324e+00 -2.691899221366843342e+00
5.229283546308234776e+00 -2.700329254750998498e+00
5.309734062405285115e+00 -2.691415673222574689e+00
5.390184578502334567e+00 -2.693036112334996179e+00
5.470635094599384018e+00 -2.709487385049930364e+00
5.551085610696433470e+00 -2.709421339442628085e+00
5.631536126793483810e+00 -2.703878574070022633e+00
5.711986642890533261e+00 -2.703181029954296211e+00
5.792437158987582713e+00 -2.668689683124347400e+00
5.872887675084633052e+00 -2.643155884308537651e+00
5.953338191181682504e+00 -2.657910135920046990e+00
6.033788707278731955e+00 -2.669763546511144892e+00
6.114239223375781407e+00 -2.673963841225234894e+00
6.194689739472831747e+00 -2.654032832096698602e+00
6.275140255569881198e+00 -2.642500253489558304e+00
6.355590771666931538e+00 -2.638122326819408503e+00
6.436041287763980989e+00 -2.655441583126115113e+00
6.516491803861030441e+00 -2.686325113641821805e+00
6.596942319958079892e+00 -2.693249099904540422e+00
6.677392836055131120e+00 -2.695695433251270590e+00
6.757843352152180572e+00 -2.684175197699077753e+00
6.838293868249230023e+00 -2.664351009608155518e+00
6.918744384346279475e+00 -2.659755680324972005e+00
6.999194900443328926e+00 -2.688406706682157754e+00
7.079645416540378378e+00 -2.711016479120902378e+00
7.160095932637429605e+00 -2.711650251775993503e+00
7.240546448734479057e+00 -2.715295049857489040e+00
7.320996964831528508e+00 -2.732765547120474370e+00
7.401447480928577960e+00 -2.737217138764893587e+00
7.481897997025627411e+00 -2.746378228807339283e+00
7.562348513122678639e+00 -2.750282465531260989e+00
7.642799029219728091e+00 -2.767702424877729772e+00
7.723249545316777542e+00 -2.769482376071932261e+00
7.803700061413826994e+00 -2.743393398886933454e+00
7.884150577510876445e+00 -2.719231051694954715e+00
7.964601093607927673e+00 -2.721457652114763981e+00
8.045051609704977125e+00 -2.744683005370653017e+00
8.125502125802025688e+00 -2.759382844260930057e+00
8.205952641899076028e+00 -2.774737921782641781e+00
8.286403157996124591e+00 -2.802590020249174696e+00
8.366853674093176707e+00 -2.810533142804550799e+00
8.447304190190225270e+00 -2.775803822432212353e+00
8.527754706287275610e+00 -2.750637289343438763e+00
8.608205222384324173e+00 -2.750082074999989690e+00
8.688655738481374513e+00 -2.728026709451715881e+00
8.769106254578423076e+00 -2.735272317440242240e+00
8.849556770675475192e+00 -2.778823905086389434e+00
8.930007286772523756e+00 -2.806574164604305199e+00
9.010457802869574095e+00 -2.801979884630255935e+00
9.090908318966622659e+00 -2.796259926320709521e+00
9.171358835063672998e+00 -2.787957554475704036e+00
9.251809351160723338e+00 -2.791146956479350294e+00
9.332259867257773678e+00 -2.800578844918960364e+00
9.412710383354822241e+00 -2.820633351650598364e+00
9.493160899451872581e+00 -2.803936700400884607e+00
9.573611415548921144e+00 -2.775865166667728534e+00
9.654061931645971484e+00 -2.768313702441064006e+00
9.734512447743021823e+00 -2.785982341867479395e+00
9.814962963840072163e+00 -2.798544360687988064e+00
9.895413479937120727e+00 -2.792346690787074870e+00
9.975863996034171066e+00 -2.799717241972508486e+00
1.005631451213121963e+01 -2.824059030751807420e+00
1.013676502822827175e+01 -2.851379815437173004e+00
1.021721554432532031e+01 -2.856664512505113773e+00
1.029766606042237065e+01 -2.842364054987078781e+00
