0.000000000000000000e+00 -1.549019599857431873e-01
8.045051609704977069e-02 -2.125791845216457865e-01
1.609010321940995414e-01 -6.562901532346252509e-01
2.413515482911492982e-01 -3.042603874347156623e+00
3.218020643881990828e-01 -4.322041743491396026e+00
4.022525804852488118e-01 -4.286834398093518850e+00
4.827030965822985964e-01 -4.208145559390960244e+00
5.631536126793483810e-01 -4.263489914743283649e+00
6.436041287763981655e-01 -4.266767076478068077e+00
7.240546448734478391e-01 -4.201096833398303865e+00
8.045051609704976237e-01 -4.215578690842320064e+00
8.849556770675472972e-01 -4.315467764908775372e+00
9.654061931645971928e-01 -4.347229442788019149e+00
1.045856709261647088e+00 -4.290043701219956596e+00
1.126307225358696762e+00 -4.198077407132088545e+00
1.206757741455746435e+00 -4.146109335025110809e+00
1.287208257552796331e+00 -4.072089308855702861e+00
1.367658773649846005e+00 -3.981113397318267744e+00
1.448109289746895678e+00 -3.880879827850260089e+00
1.528559805843945352e+00 -3.760497366512786321e+00
1.609010321940995247e+00 -3.572143914005287968e+00
1.689460838038045143e+00 -3.400784330438953340e+00
1.769911354135094594e+00 -3.302011118509765808e+00
1.850361870232144490e+00 -3.267349916622835693e+00
1.930812386329194386e+00 -3.269964737137324384e+00
2.011262902426244281e+00 -3.272672270228316638e+00
2.091713418523294177e+00 -3.252653545074565944e+00
2.172163934620343628e+00 -3.305159831966782757e+00
2.252614450717393524e+00 -3.418356821510803556e+00
2.333064966814443419e+00 -3.543489507150747286e+00
2.413515482911492871e+00 -3.612644879779176144e+00
2.493965999008542767e+00 -3.654649423799005703e+00
2.574416515105592662e+00 -3.688196486791988526e+00
2.654867031202642558e+00 -3.720518325834484497e+00
2.735317547299692009e+00 -3.718235699474855771e+00
2.815768063396741905e+00 -3.714953671191525419e+00
2.896218579493791356e+00 -3.779046429527444850e+00
2.976669095590841252e+00 -3.839448865128796573e+00
3.057119611687890703e+00 -3.819675327948155452e+00
3.137570127784940599e+00 -3.774933743135693298e+00
3.218020643881990495e+00 -3.762822411037108239e+00
3.298471159979039946e+00 -3.765523554498940939e+00
3.378921676076090286e+00 -3.760451404914109563e+00
3.459372192173139737e+00 -3.711900971612069000e+00
3.539822708270189189e+00 -3.671282895031174665e+00
3.620273224367239528e+00 -3.652449264424256103e+00
3.700723740464288980e+00 -3.627347328331429033e+00
3.781174256561339320e+00 -3.580444206971838739e+00
3.861624772658388771e+00 -3.547961140441237671e+00
3.942075288755438223e+00 -3.579511392959865645e+00
4.022525804852488562e+00 -3.626097358401956239e+00
4.102976320949538014e+00 -3.629323166036614090e+00
4.183426837046588354e+00 -3.645765272723865191e+00
4.263877353143637805e+00 -3.682836617323389738e+00
4.344327869240687257e+00 -3.694419807951528245e+00
4.424778385337737596e+00 -3.689923757266664772e+00
4.505228901434787048e+00 -3.690553577826545695e+00
4.585679417531836499e+00 -3.694048197345857432e+00
4.666129933628886839e+00 -3.683395138886581766e+00
4.746580449725936290e+00 -3.685152295973088243e+00
4.827030965822985742e+00 -3.681214554156033270e+00
4.907481481920036082e+00 -3.670906583116662958e+00
4.987931998017085533e+00 -3.684417788949476691e+00
5.068382514114135873e+00 -3.713508518404836423e+00
5.148833030211185324e+00 -3.689522104370210887e+00
5.229283546308234776e+00 -3.663244737792180850e+00
5.309734062405285115e+00 -3.659722740756586656e+00
5.390184578502334567e+00 -3.695806645403904689e+00
5.470635094599384018e+00 -3.720080605844167998e+00
5.551085610696433470e+00 -3.737183903968351206e+00
5.631536126793483810e+00 -3.748904335745186334e+00
5.711986642890533261e+00 -3.730366948905095903e+00
5.792437158987582713e+00 -3.689599311978548624e+00
5.872887675084633052e+00 -3.675254086477786064e+00
5.953338191181682504e+00 -3.662075498743573743e+00
6.033788707278731955e+00 -3.629502419204439612e+00
6.114239223375781407e+00 -3.610305314827739309e+00
6.194689739472831747e+00 -3.628528693563861651e+00
6.275140255569881198e+00 -3.660315208206807558e+00
6.355590771666931538e+00 -3.671415513278796006e+00
6.436041287763980989e+00 -3.676974154075843604e+00
6.516491803861030441e+00 -3.686671252626605444e+00
6.596942319958079892e+00 -3.678249911337926115e+00
6.677392836055131120e+00 -3.665636906510759463e+00
6.757843352152180572e+00 -3.666354080874556054e+00
6.838293868249230023e+00 -3.694367086109053844e+00
6.918744384346279475e+00 -3.695151291549203076e+00
6.999194900443328926e+00 -3.696019050021397412e+00
7.079645416540378378e+00 -3.711918215160530554e+00
7.160095932637429605e+00 -3.726198432348491352e+00
7.240546448734479057e+00 -3.709217217361838070e+00
7.320996964831528508e+00 -3.714657270108641551e+00
7.401447480928577960e+00 -3.739362334031246959e+00
7.481897997025627411e+00 -3.753320699449172348e+00
7.562348513122678639e+00 -3.757190130242709092e+00
7.642799029219728091e+00 -3.755469020719169215e+00
7.723249545316777542e+00 -3.764815591409458762e+00
7.803700061413826994e+00 -3.762774300382189629e+00
7.884150577510876445e+00 -3.747970598141813880e+00
7.964601093607927673e+00 -3.716483795949686364e+00
8.045051609704977125e+00 -3.696179808224488106e+00
8.125502125802025688e+00 -3.714677167426116533e+00
8.205952641899076028e+00 -3.758331599142572976e+00
8.286403157996124591e+00 -3.792597884605002356e+00
8.366853674093176707e+00 -3.781888137944011241e+00
8.447304190190225270e+00 -3.765406081808502226e+00
8.527754706287275610e+00 -3.761616426477115915e+00
8.608205222384324173e+00 -3.777170393351673816e+00
8.688655738481374513e+00 -3.783772039977342239e+00
8.769106254578423076e+00 -3.803515820288165816e+00
8.849556770675475192e+00 -3.815264806086172023e+00
8.930007286772523756e+00 -3.824538583241331224e+00
9.010457802869574095e+00 -3.820842058904853289e+00
9.090908318966622659e+00 -3.808468548492543349e+00
9.171358835063672998e+00 -3.796482793419766022e+00
9.251809351160723338e+00 -3.807989641267813141e+00
9.332259867257773678e+00 -3.818716571569233054e+00
9.412710383354822241e+00 -3.837398287056295043e+00
9.493160899451872581e+00 -3.844636378497683804e+00
9.573611415548921144e+00 -3.865749081591739689e+00
9.654061931645971484e+00 -3.840645485337681020e+00
9.734512447743021823e+00 -3.814718704793704340e+00
9.814962963840072163e+00 -3.830033898960279792e+00
9.895413479937120727e+00 -3.845943239839487937e+00
9.975863996034171066e+00 -3.829982866230575933e+00
1.005631451213121963e+01 -3.801433366539769043e+00
1.013676502822827175e+01 -3.797021286410536600e+00
1.021721554432532031e+01 -3.794295730254105603e+00
1.029766606042237065e+01 -3.788607368009287768e+00
