0.000000000000000000e+00 -1.549019599857431873e-01
8.045051609704977069e-02 -1.872563780777913578e-01
1.609010321940995414e-01 -5.074424870162306256e-01
2.413515482911492982e-01 -2.031035446913893150e+00
3.218020643881990828e-01 -3.361843980646719743e+00
4.022525804852488118e-01 -3.188633219408418373e+00
4.827030965822985964e-01 -3.077307822476779808e+00
5.631536126793483810e-01 -3.212439591594119737e+00
6.436041287763981655e-01 -3.464633172847500386e+00
7.240546448734478391e-01 -3.727496435294444854e+00
8.045051609704976237e-01 -3.955648931378479283e+00
8.849556770675472972e-01 -4.060785261150011927e+00
9.654061931645971928e-01 -4.114166313396945718e+00
1.045856709261647088e+00 -4.148928035934246417e+00
1.126307225358696762e+00 -4.119753878733841468e+00
1.206757741455746435e+00 -4.051117805905416702e+00
1.287208257552796331e+00 -3.989728592997924483e+00
1.367658773649846005e+00 -3.881814281423408897e+00
1.448109289746895678e+00 -3.772931916429616894e+00
1.528559805843945352e+00 -3.646905767357653261e+00
1.609010321940995247e+00 -3.499065333568182723e+00
1.689460838038045143e+00 -3.349435633016612179e+00
1.769911354135094594e+00 -3.207790751391020656e+00
1.850361870232144490e+00 -3.129552701938078219e+00
1.930812386329194386e+00 -3.083270474098512626e+00
2.011262902426244281e+00 -3.069673581533733486e+00
2.091713418523294177e+00 -3.095243559228194385e+00
2.172163934620343628e+00 -3.175782948736160183e+00
2.252614450717393524e+00 -3.281440010697614262e+00
2.333064966814443419e+00 -3.384107521325051771e+00
2.413515482911492871e+00 -3.464948736148466768e+00
2.493965999008542767e+00 -3.486173034857986242e+00
2.574416515105592662e+00 -3.519661318376422710e+00
2.654867031202642558e+00 -3.587502811262302416e+00
2.735317547299692009e+00 -3.645542554103301747e+00
2.815768063396741905e+00 -3.682345968626347332e+00
2.896218579493791356e+00 -3.669727071721681000e+00
2.976669095590841252e+00 -3.671222234762689940e+00
3.057119611687890703e+00 -3.680547802175454741e+00
3.137570127784940599e+00 -3.700493375284086728e+00
3.218020643881990495e+00 -3.647603410335635843e+00
3.298471159979039946e+00 -3.581806191724143495e+00
3.378921676076090286e+00 -3.567138095418884713e+00
3.459372192173139737e+00 -3.598533318887147114e+00
3.539822708270189189e+00 -3.598143453725580976e+00
3.620273224367239528e+00 -3.576332521581528923e+00
3.700723740464288980e+00 -3.592785984492898876e+00
3.781174256561339320e+00 -3.630082238467722711e+00
3.861624772658388771e+00 -3.663774142392530297e+00
3.942075288755438223e+00 -3.666296404439016499e+00
4.022525804852488562e+00 -3.679785322517644897e+00
4.102976320949538014e+00 -3.693898440152236340e+00
4.183426837046588354e+00 -3.719068228865689996e+00
4.263877353143637805e+00 -3.715087743588158187e+00
4.344327869240687257e+00 -3.680063986455249569e+00
4.424778385337737596e+00 -3.665842947515498107e+00
4.505228901434787048e+00 -3.672538448867292527e+00
4.585679417531836499e+00 -3.671842112791338320e+00
4.666129933628886839e+00 -3.666034179463800502e+00
4.746580449725936290e+00 -3.673830486053103250e+00
4.827030965822985742e+00 -3.679382993358968790e+00
4.907481481920036082e+00 -3.672411435409856484e+00
4.987931998017085533e+00 -3.676432116844166487e+00
5.068382514114135873e+00 -3.679608557518543321e+00
5.148833030211185324e+00 -3.655623544348676646e+00
5.229283546308234776e+00 -3.629863253610958740e+00
5.309734062405285115e+00 -3.610135582768815077e+00
5.390184578502334567e+00 -3.587445201601717315e+00
5.470635094599384018e+00 -3.573446952886369932e+00
5.551085610696433470e+00 -3.583626382355995510e+00
5.631536126793483810e+00 -3.611695462967668302e+00
5.711986642890533261e+00 -3.644064744361163122e+00
5.792437158987582713e+00 -3.655008013880344020e+00
5.872887675084633052e+00 -3.665231039600822083e+00
5.953338191181682504e+00 -3.652397345294497999e+00
6.033788707278731955e+00 -3.629055148908226336e+00
6.114239223375781407e+00 -3.622181417276024717e+00
6.194689739472831747e+00 -3.610125221967229958e+00
6.275140255569881198e+00 -3.584031584935569725e+00
6.355590771666931538e+00 -3.590049117013758728e+00
6.436041287763980989e+00 -3.622777504863549325e+00
6.516491803861030441e+00 -3.647762539611980159e+00
6.596942319958079892e+00 -3.665769885733624278e+00
6.677392836055131120e+00 -3.657808283423833906e+00
6.757843352152180572e+00 -3.672507771066292115e+00
6.838293868249230023e+00 -3.661654043567504679e+00
6.918744384346279475e+00 -3.630597601328389157e+00
6.999194900443328926e+00 -3.620245088522373589e+00
7.079645416540378378e+00 -3.628519267100577039e+00
7.160095932637429605e+00 -3.632442758986936582e+00
7.240546448734479057e+00 -3.640965469440877289e+00
7.320996964831528508e+00 -3.647793159507001892e+00
7.401447480928577960e+00 -3.644703214494692922e+00
7.481897997025627411e+00 -3.647141548781136056e+00
7.562348513122678639e+00 -3.664064844741880211e+00
7.642799029219728091e+00 -3.665360488944393147e+00
7.723249545316777542e+00 -3.658756472998267562e+00
7.803700061413826994e+00 -3.672214631018984043e+00
7.884150577510876445e+00 -3.692781906294464012e+00
7.964601093607927673e+00 -3.692248153636053409e+00
8.045051609704977125e+00 -3.665522687879181785e+00
8.125502125802025688e+00 -3.649391225082342149e+00
8.205952641899076028e+00 -3.623587521391590016e+00
8.286403157996124591e+00 -3.622584837110457645e+00
8.366853674093176707e+00 -3.641376826013199786e+00
8.447304190190225270e+00 -3.663434863262280849e+00
8.527754706287275610e+00 -3.673170603776422460e+00
8.608205222384324173e+00 -3.673386249073314236e+00
8.688655738481374513e+00 -3.663195498752444657e+00
8.769106254578423076e+00 -3.652802935318247179e+00
8.849556770675475192e+00 -3.629763433781798998e+00
8.930007286772523756e+00 -3.620650115548365022e+00
9.010457802869574095e+00 -3.646508843008267498e+00
9.090908318966622659e+00 -3.665950124844092883e+00
9.171358835063672998e+00 -3.698064923620474342e+00
9.251809351160723338e+00 -3.712554940037296802e+00
9.332259867257773678e+00 -3.719144974540858239e+00
9.412710383354822241e+00 -3.716496945688032572e+00
9.493160899451872581e+00 -3.733227489484981731e+00
9.573611415548921144e+00 -3.762196170951241481e+00
9.654061931645971484e+00 -3.763008898028605387e+00
9.734512447743021823e+00 -3.742856572991831055e+00
9.814962963840072163e+00 -3.739391373927170026e+00
9.895413479937120727e+00 -3.752422102893357980e+00
9.975863996034171066e+00 -3.744460584984453888e+00
1.005631451213121963e+01 -3.733528309770105302e+00
1.013676502822827175e+01 -3.730821327001260901e+00
1.021721554432532031e+01 -3.729166505661511977e+00
1.029766606042237065e+01 -3.720776564644641571e+00
