0.000000000000000000e+00 -1.549019599857431873e-01
8.045051609704977069e-02 -3.955754208014272133e-01
1.609010321940995414e-01 -1.415707533734684942e+00
2.413515482911492982e-01 -6.269678955470440407e+00
3.218020643881990828e-01 -8.893449306287042333e+00
4.022525804852488118e-01 -8.990367226071260376e+00
4.827030965822985964e-01 -8.736738168224977841e+00
5.631536126793483810e-01 -8.714345116280199477e+00
6.436041287763981655e-01 -8.581649337694839730e+00
7.240546448734478391e-01 -8.397808382299132290e+00
8.045051609704976237e-01 -8.313079850242877100e+00
8.849556770675472972e-01 -8.399320496402987501e+00
9.654061931645971928e-01 -8.515462391993654734e+00
1.045856709261647088e+00 -8.620148737568564812e+00
1.126307225358696762e+00 -8.612677292204287127e+00
1.206757741455746435e+00 -8.400753714926198157e+00
1.287208257552796331e+00 -8.299362242576489024e+00
1.367658773649846005e+00 -8.160543089532001915e+00
1.448109289746895678e+00 -7.783434295912986300e+00
1.528559805843945352e+00 -7.529976812698821576e+00
1.609010321940995247e+00 -7.390765979694293719e+00
1.689460838038045143e+00 -7.138178206003445325e+00
1.769911354135094594e+00 -6.841291293596454715e+00
1.850361870232144490e+00 -6.569841988088121809e+00
1.930812386329194386e+00 -6.399115356508538355e+00
2.011262902426244281e+00 -6.454692228392121756e+00
2.091713418523294177e+00 -6.536358937555466042e+00
2.172163934620343628e+00 -6.716719234845208497e+00
2.252614450717393524e+00 -6.961087299348831969e+00
2.333064966814443419e+00 -7.165784877149511622e+00
2.413515482911492871e+00 -7.169932274583650234e+00
2.493965999008542767e+00 -7.246915989713736295e+00
2.574416515105592662e+00 -7.394564879994963924e+00
2.654867031202642558e+00 -7.476191142788043642e+00
2.735317547299692009e+00 -7.511493695102672064e+00
2.815768063396741905e+00 -7.539125698999488812e+00
2.896218579493791356e+00 -7.411337308618721309e+00
2.976669095590841252e+00 -7.309873004999010604e+00
3.057119611687890703e+00 -7.396168676160714384e+00
3.137570127784940599e+00 -7.448797544327557141e+00
3.218020643881990495e+00 -7.399551540195121291e+00
3.298471159979039946e+00 -7.406448212606055570e+00
3.378921676076090286e+00 -7.515339004973647263e+00
3.459372192173139737e+00 -7.537909405440680999e+00
3.539822708270189189e+00 -7.342099033645805406e+00
3.620273224367239528e+00 -7.190511542623438501e+00
3.700723740464288980e+00 -7.136163384707027824e+00
3.781174256561339320e+00 -7.226616900579900360e+00
3.861624772658388771e+00 -7.361646314657619428e+00
3.942075288755438223e+00 -7.397102141895357974e+00
4.022525804852488562e+00 -7.345888402971456621e+00
4.102976320949538014e+00 -7.325654947293929631e+00
4.183426837046588354e+00 -7.338257494484929033e+00
4.263877353143637805e+00 -7.356189863318414623e+00
4.344327869240687257e+00 -7.337420955665113098e+00
4.424778385337737596e+00 -7.332356695576279115e+00
4.505228901434787048e+00 -7.328557015034062871e+00
4.585679417531836499e+00 -7.382844670085579430e+00
4.666129933628886839e+00 -7.475229449525692793e+00
4.746580449725936290e+00 -7.494305179165242414e+00
4.827030965822985742e+00 -7.429285279675308828e+00
4.907481481920036082e+00 -7.380386374037639641e+00
4.987931998017085533e+00 -7.356654785368325733e+00
5.068382514114135873e+00 -7.291514542198274107e+00
5.148833030211185324e+00 -7.231048784319814793e+00
5.229283546308234776e+00 -7.276573376668053150e+00
5.309734062405285115e+00 -7.317989724794273343e+00
5.390184578502334567e+00 -7.297793490237977743e+00
5.470635094599384018e+00 -7.295314348240505176e+00
5.551085610696433470e+00 -7.302814372249736508e+00
5.631536126793483810e+00 -7.292475683533242048e+00
5.711986642890533261e+00 -7.255775708899572685e+00
5.792437158987582713e+00 -7.247232287682573215e+00
5.872887675084633052e+00 -7.268151703651553497e+00
5.953338191181682504e+00 -7.309094554934155497e+00
6.033788707278731955e+00 -7.303507056250322371e+00
6.114239223375781407e+00 -7.257546414792151346e+00
6.194689739472831747e+00 -7.293916821995921396e+00
6.275140255569881198e+00 -7.319491606965359054e+00
6.355590771666931538e+00 -7.225603670068037943e+00
6.436041287763980989e+00 -7.173577444464260822e+00
6.516491803861030441e+00 -7.226859160761753387e+00
6.596942319958079892e+00 -7.315263642751713924e+00
6.677392836055131120e+00 -7.361953596816991130e+00
6.757843352152180572e+00 -7.373883347388785481e+00
6.838293868249230023e+00 -7.376049911520672353e+00
6.918744384346279475e+00 -7.380764239723421660e+00
6.999194900443328926e+00 -7.369932763312971424e+00
7.079645416540378378e+00 -7.322774446153385242e+00
7.160095932637429605e+00 -7.335767331216372256e+00
7.240546448734479057e+00 -7.352385166736862487e+00
7.320996964831528508e+00 -7.378651185220756581e+00
7.401447480928577960e+00 -7.401609665179520903e+00
7.481897997025627411e+00 -7.449786758166432321e+00
7.562348513122678639e+00 -7.463235808029621055e+00
7.642799029219728091e+00 -7.389338587049416596e+00
7.723249545316777542e+00 -7.342752141085303386e+00
7.803700061413826994e+00 -7.373180368171760257e+00
7.884150577510876445e+00 -7.445062974449188076e+00
7.964601093607927673e+00 -7.497941992259460342e+00
8.045051609704977125e+00 -7.480356031860345034e+00
8.125502125802025688e+00 -7.431963511696482172e+00
8.205952641899076028e+00 -7.418444795452868945e+00
8.286403157996124591e+00 -7.460352386730405350e+00
8.366853674093176707e+00 -7.526793945673048825e+00
8.447304190190225270e+00 -7.545205314655730078e+00
8.527754706287275610e+00 -7.475928261181859824e+00
8.608205222384324173e+00 -7.470626981952558587e+00
8.688655738481374513e+00 -7.512308439349118849e+00
8.769106254578423076e+00 -7.534057234875882081e+00
8.849556770675475192e+00 -7.534268079407897112e+00
8.930007286772523756e+00 -7.496137401249541199e+00
9.010457802869574095e+00 -7.490061789536818893e+00
9.090908318966622659e+00 -7.498410684739391208e+00
9.171358835063672998e+00 -7.512919758965286299e+00
9.251809351160723338e+00 -7.576106189944291636e+00
9.332259867257773678e+00 -7.638498365002828194e+00
9.412710383354822241e+00 -7.678435525049410515e+00
9.493160899451872581e+00 -7.686130710362612639e+00
9.573611415548921144e+00 -7.661023076209258598e+00
9.654061931645971484e+00 -7.685205894059824239e+00
9.734512447743021823e+00 -7.680388479990171824e+00
9.814962963840072163e+00 -7.637872327728129740e+00
9.895413479937120727e+00 -7.626911884165872735e+00
9.975863996034171066e+00 -7.632796542354248537e+00
1.005631451213121963e+01 -7.640122936718361402e+00
1.013676502822827175e+01 -7.635802081249275730e+00
1.021721554432532031e+01 -7.645992801887964596e+00
1.029766606042237065e+01 -7.650578514102889471e+00
