0.000000000000000000e+00 -1.549019599857431873e-01
8.045051609704977069e-02 -2.122989073632888524e-01
1.609010321940995414e-01 -6.093764990644026103e-01
2.413515482911492982e-01 -2.693824338590096179e+00
3.218020643881990828e-01 -3.480588492368210662e+00
4.022525804852488118e-01 -3.034067088884843777e+00
4.827030965822985964e-01 -3.051239154336669923e+00
5.631536126793483810e-01 -3.245515923984924722e+00
6.436041287763981655e-01 -3.571525623927497950e+00
7.240546448734478391e-01 -3.874721554616350261e+00
8.045051609704976237e-01 -4.039677141676019545e+00
8.849556770675472972e-01 -4.095634891934784250e+00
9.654061931645971928e-01 -4.111741962184423116e+00
1.045856709261647088e+00 -4.038154151077744558e+00
1.126307225358696762e+00 -3.934190961828768263e+00
1.206757741455746435e+00 -3.875868112090598672e+00
1.287208257552796331e+00 -3.820203119541043524e+00
1.367658773649846005e+00 -3.792522923266661738e+00
1.448109289746895678e+00 -3.777367027912528208e+00
1.528559805843945352e+00 -3.660580993222376289e+00
1.609010321940995247e+00 -3.492839764267117175e+00
1.689460838038045143e+00 -3.417198404880938956e+00
1.769911354135094594e+00 -3.372163360649480524e+00
1.850361870232144490e+00 -3.292125475349697794e+00
1.930812386329194386e+00 -3.218138367282991741e+00
2.011262902426244281e+00 -3.164096608191472537e+00
2.091713418523294177e+00 -3.160923977088585968e+00
2.172163934620343628e+00 -3.215423851155978063e+00
2.252614450717393524e+00 -3.286778223697999213e+00
2.333064966814443419e+00 -3.343322059877046115e+00
2.413515482911492871e+00 -3.390765061666972890e+00
2.493965999008542767e+00 -3.442621444508413564e+00
2.574416515105592662e+00 -3.531766122020240761e+00
2.654867031202642558e+00 -3.632196028675344746e+00
2.735317547299692009e+00 -3.654504975632588692e+00
2.815768063396741905e+00 -3.599998380847659440e+00
2.896218579493791356e+00 -3.617753981869158864e+00
2.976669095590841252e+00 -3.682765357182971488e+00
3.057119611687890703e+00 -3.731246273945399761e+00
3.137570127784940599e+00 -3.718295356820381592e+00
3.218020643881990495e+00 -3.672469860650477980e+00
3.298471159979039946e+00 -3.632664837704656868e+00
3.378921676076090286e+00 -3.592704070579244569e+00
3.459372192173139737e+00 -3.591345378502514230e+00
3.539822708270189189e+00 -3.604441371710366493e+00
3.620273224367239528e+00 -3.608154921213738930e+00
3.700723740464288980e+00 -3.598563279821895833e+00
3.781174256561339320e+00 -3.577989231246187618e+00
3.861624772658388771e+00 -3.565736599898998271e+00
3.942075288755438223e+00 -3.569059087048117362e+00
4.022525804852488562e+00 -3.592482520983750760e+00
4.102976320949538014e+00 -3.630343067814131075e+00
4.183426837046588354e+00 -3.656647785598513334e+00
4.263877353143637805e+00 -3.666159593369738179e+00
4.344327869240687257e+00 -3.652156825567448362e+00
4.424778385337737596e+00 -3.610880261425776450e+00
4.505228901434787048e+00 -3.616126307021310993e+00
4.585679417531836499e+00 -3.626923063070640829e+00
4.666129933628886839e+00 -3.611334251410584173e+00
4.746580449725936290e+00 -3.604650044592611291e+00
4.827030965822985742e+00 -3.649930317488261355e+00
4.907481481920036082e+00 -3.704107290826849308e+00
4.987931998017085533e+00 -3.706491310117303595e+00
5.068382514114135873e+00 -3.705445360760346141e+00
5.148833030211185324e+00 -3.683849885802029434e+00
5.229283546308234776e+00 -3.665640755448464461e+00
5.309734062405285115e+00 -3.654441377040819727e+00
5.390184578502334567e+00 -3.629653161949564222e+00
5.470635094599384018e+00 -3.613246387534009063e+00
5.551085610696433470e+00 -3.594664777707857972e+00
5.631536126793483810e+00 -3.565944543629039121e+00
5.711986642890533261e+00 -3.540910336093237465e+00
5.792437158987582713e+00 -3.541215782069179419e+00
5.872887675084633052e+00 -3.579598074399279017e+00
5.953338191181682504e+00 -3.616252796469396458e+00
6.033788707278731955e+00 -3.637551582899802849e+00
6.114239223375781407e+00 -3.635285862485325037e+00
6.194689739472831747e+00 -3.627463668091238436e+00
6.275140255569881198e+00 -3.597640805731042946e+00
6.355590771666931538e+00 -3.598821510247753874e+00
6.436041287763980989e+00 -3.637269257379919907e+00
6.516491803861030441e+00 -3.662202330055782884e+00
6.596942319958079892e+00 -3.663302162072006762e+00
6.677392836055131120e+00 -3.667080235633544127e+00
6.757843352152180572e+00 -3.662148368242682750e+00
6.838293868249230023e+00 -3.658020314061337874e+00
6.918744384346279475e+00 -3.647251652696045010e+00
6.999194900443328926e+00 -3.634698973332045391e+00
7.079645416540378378e+00 -3.646384673574917912e+00
7.160095932637429605e+00 -3.666545948433212576e+00
7.240546448734479057e+00 -3.678669489506147361e+00
7.320996964831528508e+00 -3.679565201655731421e+00
7.401447480928577960e+00 -3.685170916814145770e+00
7.481897997025627411e+00 -3.662123830269587987e+00
7.562348513122678639e+00 -3.640343452017790860e+00
7.642799029219728091e+00 -3.634234999646718922e+00
7.723249545316777542e+00 -3.646457923823160030e+00
7.803700061413826994e+00 -3.666161344512314901e+00
7.884150577510876445e+00 -3.673582608612920186e+00
7.964601093607927673e+00 -3.671360201949825708e+00
8.045051609704977125e+00 -3.661492503334538462e+00
8.125502125802025688e+00 -3.658269167303751956e+00
8.205952641899076028e+00 -3.666641218161851956e+00
8.286403157996124591e+00 -3.679054614500473885e+00
8.366853674093176707e+00 -3.712411849975221667e+00
8.447304190190225270e+00 -3.759110463449602868e+00
8.527754706287275610e+00 -3.797683074271732462e+00
8.608205222384324173e+00 -3.795242824232080814e+00
8.688655738481374513e+00 -3.759809729932088285e+00
8.769106254578423076e+00 -3.728379090290854236e+00
8.849556770675475192e+00 -3.721839388729715647e+00
8.930007286772523756e+00 -3.717902057921754988e+00
9.010457802869574095e+00 -3.728240598523133720e+00
9.090908318966622659e+00 -3.760510065158484405e+00
9.171358835063672998e+00 -3.781292429247252507e+00
9.251809351160723338e+00 -3.776676819703169485e+00
9.332259867257773678e+00 -3.775862683667956965e+00
9.412710383354822241e+00 -3.766757040490849029e+00
9.493160899451872581e+00 -3.759117380104133765e+00
9.573611415548921144e+00 -3.770471181439325914e+00
9.654061931645971484e+00 -3.796460172705783176e+00
9.734512447743021823e+00 -3.783291390446099633e+00
9.814962963840072163e+00 -3.757525420298883478e+00
9.895413479937120727e+00 -3.759275353592976376e+00
9.975863996034171066e+00 -3.801399492548759529e+00
1.005631451213121963e+01 -3.826215505477732037e+00
1.013676502822827175e+01 -3.835994935424118957e+00
1.021721554432532031e+01 -3.819008093983349728e+00
1.029766606042237065e+01 -3.814352066578084788e+00
