0.000000000000000000e+00 -1.549019599857431873e-01
8.045051609704977069e-02 -2.057192305183951353e-01
1.609010321940995414e-01 -5.469308671166228653e-01
2.413515482911492982e-01 -2.406223280621947680e+00
3.218020643881990828e-01 -3.916113789612150509e+00
4.022525804852488118e-01 -3.888217326696165266e+00
4.827030965822985964e-01 -3.584857319711753920e+00
5.631536126793483810e-01 -3.510643491504620517e+00
6.436041287763981655e-01 -3.498691363369993645e+00
7.240546448734478391e-01 -3.589315436254447267e+00
8.045051609704976237e-01 -3.721332041068603491e+00
8.849556770675472972e-01 -3.780461244321318581e+00
9.654061931645971928e-01 -3.852177144494866479e+00
1.045856709261647088e+00 -3.890165820085302428e+00
1.126307225358696762e+00 -3.855015161967887849e+00
1.206757741455746435e+00 -3.799765380917664359e+00
1.287208257552796331e+00 -3.769151331566554131e+00
1.367658773649846005e+00 -3.783922961295462795e+00
1.448109289746895678e+00 -3.780907905808494451e+00
1.528559805843945352e+00 -3.686247010643277644e+00
1.609010321940995247e+00 -3.566889388919108228e+00
1.689460838038045143e+00 -3.502656885976604961e+00
1.769911354135094594e+00 -3.426466323400442437e+00
1.850361870232144490e+00 -3.337980005379280524e+00
1.930812386329194386e+00 -3.241010829063227128e+00
2.011262902426244281e+00 -3.222549433631384908e+00
2.091713418523294177e+00 -3.260344460477331729e+00
2.172163934620343628e+00 -3.313788014110455205e+00
2.252614450717393524e+00 -3.374551534744802961e+00
2.333064966814443419e+00 -3.432848364436630551e+00
2.413515482911492871e+00 -3.527443777696080307e+00
2.493965999008542767e+00 -3.614837089175087836e+00
2.574416515105592662e+00 -3.686840558363178033e+00
2.654867031202642558e+00 -3.687969092669672655e+00
2.735317547299692009e+00 -3.663677810765394671e+00
2.815768063396741905e+00 -3.660464527399178269e+00
2.896218579493791356e+00 -3.701288852294613019e+00
2.976669095590841252e+00 -3.753966460908570557e+00
3.057119611687890703e+00 -3.752067846343360102e+00
3.137570127784940599e+00 -3.742570270216763362e+00
3.218020643881990495e+00 -3.760986072229765220e+00
3.298471159979039946e+00 -3.766032040733361619e+00
3.378921676076090286e+00 -3.740931305705935461e+00
3.459372192173139737e+00 -3.694374887225824633e+00
3.539822708270189189e+00 -3.663519146723631437e+00
3.620273224367239528e+00 -3.649916423634752771e+00
3.700723740464288980e+00 -3.653662450779172399e+00
3.781174256561339320e+00 -3.637433092667382351e+00
3.861624772658388771e+00 -3.606789801901712167e+00
3.942075288755438223e+00 -3.594137538956483802e+00
4.022525804852488562e+00 -3.626934112863513526e+00
4.102976320949538014e+00 -3.659978279218965458e+00
4.183426837046588354e+00 -3.682638948649866961e+00
4.263877353143637805e+00 -3.687509901514806732e+00
4.344327869240687257e+00 -3.666003387648315126e+00
4.424778385337737596e+00 -3.666356673566815161e+00
4.505228901434787048e+00 -3.683751981591361080e+00
4.585679417531836499e+00 -3.664062342182294429e+00
4.666129933628886839e+00 -3.631965088597869595e+00
4.746580449725936290e+00 -3.615356667553319969e+00
4.827030965822985742e+00 -3.620040503299831514e+00
4.907481481920036082e+00 -3.629298104430735528e+00
4.987931998017085533e+00 -3.643354262285223744e+00
5.068382514114135873e+00 -3.653906489739165320e+00
5.148833030211185324e+00 -3.653406372181524642e+00
5.229283546308234776e+00 -3.637146760629530462e+00
5.309734062405285115e+00 -3.655629631354884612e+00
5.390184578502334567e+00 -3.682329960046749839e+00
5.470635094599384018e+00 -3.669892126106658825e+00
5.551085610696433470e+00 -3.635602584028979845e+00
5.631536126793483810e+00 -3.593675095950534359e+00
5.711986642890533261e+00 -3.583376380471203326e+00
5.792437158987582713e+00 -3.618288514267813838e+00
5.872887675084633052e+00 -3.685420824648378613e+00
5.953338191181682504e+00 -3.689953482337247959e+00
6.033788707278731955e+00 -3.630732429439361475e+00
6.114239223375781407e+00 -3.589191969811351690e+00
6.194689739472831747e+00 -3.604962961409433841e+00
6.275140255569881198e+00 -3.634525405520945274e+00
6.355590771666931538e+00 -3.655425221737595098e+00
6.436041287763980989e+00 -3.664144448392595788e+00
6.516491803861030441e+00 -3.669999268816083404e+00
6.596942319958079892e+00 -3.662308537968668620e+00
6.677392836055131120e+00 -3.645191375966081893e+00
6.757843352152180572e+00 -3.655330582373685910e+00
6.838293868249230023e+00 -3.694918655808294261e+00
6.918744384346279475e+00 -3.714376052833514574e+00
6.999194900443328926e+00 -3.691498315812252073e+00
7.079645416540378378e+00 -3.650355772522503539e+00
7.160095932637429605e+00 -3.633265662262603612e+00
7.240546448734479057e+00 -3.632132885881359297e+00
7.320996964831528508e+00 -3.652382203890641499e+00
7.401447480928577960e+00 -3.675286558477226073e+00
7.481897997025627411e+00 -3.680461726155637159e+00
7.562348513122678639e+00 -3.686803457218648994e+00
7.642799029219728091e+00 -3.671728532208041962e+00
7.723249545316777542e+00 -3.653118129834159511e+00
7.803700061413826994e+00 -3.669808650611469769e+00
7.884150577510876445e+00 -3.703867231527984138e+00
7.964601093607927673e+00 -3.734638260480228844e+00
8.045051609704977125e+00 -3.720308085844621360e+00
8.125502125802025688e+00 -3.716613675756009982e+00
8.205952641899076028e+00 -3.745088173611463400e+00
8.286403157996124591e+00 -3.740499736499465655e+00
8.366853674093176707e+00 -3.707017477440317066e+00
8.447304190190225270e+00 -3.701930295225791756e+00
8.527754706287275610e+00 -3.722364801988053973e+00
8.608205222384324173e+00 -3.752938664878260777e+00
8.688655738481374513e+00 -3.766502573665471143e+00
8.769106254578423076e+00 -3.745670369033850644e+00
8.849556770675475192e+00 -3.720629673777275492e+00
8.930007286772523756e+00 -3.713137486770040407e+00
9.010457802869574095e+00 -3.734764846865253674e+00
9.090908318966622659e+00 -3.744080015291589181e+00
9.171358835063672998e+00 -3.718972495806001977e+00
9.251809351160723338e+00 -3.669516684310672794e+00
9.332259867257773678e+00 -3.651164174124657436e+00
9.412710383354822241e+00 -3.674474188725063595e+00
9.493160899451872581e+00 -3.697723512735067608e+00
9.573611415548921144e+00 -3.702441784952014370e+00
9.654061931645971484e+00 -3.688733055455670318e+00
9.734512447743021823e+00 -3.657872377233322592e+00
9.814962963840072163e+00 -3.651761951378663440e+00
9.895413479937120727e+00 -3.686141338452171290e+00
9.975863996034171066e+00 -3.742740212165879488e+00
1.005631451213121963e+01 -3.793880236621578916e+00
1.013676502822827175e+01 -3.806360254512111130e+00
1.021721554432532031e+01 -3.794297624141464542e+00
1.029766606042237065e+01 -3.790525051455174044e+00
