0.000000000000000000e+00 -1.549019599857431873e-01
8.045051609704977069e-02 -2.055874657364449021e-01
1.609010321940995414e-01 -6.408882679372993607e-01
2.413515482911492982e-01 -2.901720027108623423e+00
3.218020643881990828e-01 -4.025531300015302349e+00
4.022525804852488118e-01 -3.862144700282919896e+00
4.827030965822985964e-01 -3.657616714593749041e+00
5.631536126793483810e-01 -3.533481087831275680e+00
6.436041287763981655e-01 -3.516149750937966889e+00
7.240546448734478391e-01 -3.595757588102433289e+00
8.045051609704976237e-01 -3.676658155893658186e+00
8.849556770675472972e-01 -3.723980511386386194e+00
9.654061931645971928e-01 -3.812713300949418738e+00
1.045856709261647088e+00 -3.937409777527716148e+00
1.126307225358696762e+00 -3.958938777172939627e+00
1.206757741455746435e+00 -3.921938574037228786e+00
1.287208257552796331e+00 -3.891864969385687267e+00
1.367658773649846005e+00 -3.835246488111522467e+00
1.448109289746895678e+00 -3.728970649549185001e+00
1.528559805843945352e+00 -3.625844070735270819e+00
1.609010321940995247e+00 -3.547174278070066578e+00
1.689460838038045143e+00 -3.450962876494573894e+00
1.769911354135094594e+00 -3.324629488793996668e+00
1.850361870232144490e+00 -3.208775196689010123e+00
1.930812386329194386e+00 -3.127695472106660546e+00
2.011262902426244281e+00 -3.102907799353626483e+00
2.091713418523294177e+00 -3.181176312913800430e+00
2.172163934620343628e+00 -3.297655868986477223e+00
2.252614450717393524e+00 -3.395952399609762029e+00
2.333064966814443419e+00 -3.465608879409925347e+00
2.413515482911492871e+00 -3.512929767543882864e+00
2.493965999008542767e+00 -3.526374147405217485e+00
2.574416515105592662e+00 -3.536679259467323533e+00
2.654867031202642558e+00 -3.586641471400683567e+00
2.735317547299692009e+00 -3.639796018212031026e+00
2.815768063396741905e+00 -3.693099547782329406e+00
2.896218579493791356e+00 -3.724056345689335856e+00
2.976669095590841252e+00 -3.760190376709278137e+00
3.057119611687890703e+00 -3.793550098149064631e+00
3.137570127784940599e+00 -3.778704957286955768e+00
3.218020643881990495e+00 -3.716256021884031924e+00
3.298471159979039946e+00 -3.646683895576579015e+00
3.378921676076090286e+00 -3.630873301782900242e+00
3.459372192173139737e+00 -3.670552000127548897e+00
3.539822708270189189e+00 -3.682637782130529835e+00
3.620273224367239528e+00 -3.649184121033099082e+00
3.700723740464288980e+00 -3.642544107901137362e+00
3.781174256561339320e+00 -3.640904493981503620e+00
3.861624772658388771e+00 -3.610545547340722194e+00
3.942075288755438223e+00 -3.613313549570630556e+00
4.022525804852488562e+00 -3.636212944325319274e+00
4.102976320949538014e+00 -3.633648388422719755e+00
4.183426837046588354e+00 -3.630073844648798786e+00
4.263877353143637805e+00 -3.644478796551131161e+00
4.344327869240687257e+00 -3.651624611475252635e+00
4.424778385337737596e+00 -3.606187343956359204e+00
4.505228901434787048e+00 -3.574505637259592472e+00
4.585679417531836499e+00 -3.587504313226559827e+00
4.666129933628886839e+00 -3.597844248580159832e+00
4.746580449725936290e+00 -3.580488738603647914e+00
4.827030965822985742e+00 -3.571551516400616411e+00
4.907481481920036082e+00 -3.551498228966539106e+00
4.987931998017085533e+00 -3.556339002657417314e+00
5.068382514114135873e+00 -3.562188553213472275e+00
5.148833030211185324e+00 -3.552944984902814074e+00
5.229283546308234776e+00 -3.553931836154889279e+00
5.309734062405285115e+00 -3.593266322255766365e+00
5.390184578502334567e+00 -3.599534605954655575e+00
5.470635094599384018e+00 -3.570426170163416568e+00
5.551085610696433470e+00 -3.566428889403152169e+00
5.631536126793483810e+00 -3.593589000241024678e+00
5.711986642890533261e+00 -3.645833097283373458e+00
5.792437158987582713e+00 -3.643429918179287519e+00
5.872887675084633052e+00 -3.620351912144950113e+00
5.953338191181682504e+00 -3.629248366977636753e+00
6.033788707278731955e+00 -3.620547155189067112e+00
6.114239223375781407e+00 -3.612247265713083966e+00
6.194689739472831747e+00 -3.589453397048799399e+00
6.275140255569881198e+00 -3.575184452115839573e+00
6.355590771666931538e+00 -3.596990751901223859e+00
6.436041287763980989e+00 -3.636586458468975547e+00
6.516491803861030441e+00 -3.670062898432788767e+00
6.596942319958079892e+00 -3.663232445226082490e+00
6.677392836055131120e+00 -3.643062967964841192e+00
6.757843352152180572e+00 -3.618497907060883811e+00
6.838293868249230023e+00 -3.610910726717158514e+00
6.918744384346279475e+00 -3.635732810172875418e+00
6.999194900443328926e+00 -3.651787548942866390e+00
7.079645416540378378e+00 -3.635680911371963919e+00
7.160095932637429605e+00 -3.631250819888349746e+00
7.240546448734479057e+00 -3.646363211634166657e+00
7.320996964831528508e+00 -3.672029473196983140e+00
7.401447480928577960e+00 -3.687560764012082881e+00
7.481897997025627411e+00 -3.703789129397424329e+00
7.562348513122678639e+00 -3.716979414514485214e+00
7.642799029219728091e+00 -3.717958497189545852e+00
7.723249545316777542e+00 -3.719899575459587826e+00
7.803700061413826994e+00 -3.720035636310871752e+00
7.884150577510876445e+00 -3.699434058540425063e+00
7.964601093607927673e+00 -3.683706700938185197e+00
8.045051609704977125e+00 -3.670768831213084837e+00
8.125502125802025688e+00 -3.667288356979541586e+00
8.205952641899076028e+00 -3.673658428799041697e+00
8.286403157996124591e+00 -3.707000273298593829e+00
8.366853674093176707e+00 -3.736658913733262199e+00
8.447304190190225270e+00 -3.727934214751281505e+00
8.527754706287275610e+00 -3.725951522031336616e+00
8.608205222384324173e+00 -3.727585275917427055e+00
8.688655738481374513e+00 -3.734971484730801539e+00
8.769106254578423076e+00 -3.727371352306426466e+00
8.849556770675475192e+00 -3.700708504852729952e+00
8.930007286772523756e+00 -3.690314554131594704e+00
9.010457802869574095e+00 -3.698271191807740443e+00
9.090908318966622659e+00 -3.723119351699873292e+00
9.171358835063672998e+00 -3.755423538825557905e+00
9.251809351160723338e+00 -3.760185447872840925e+00
9.332259867257773678e+00 -3.756472386835015165e+00
9.412710383354822241e+00 -3.760810771072976344e+00
9.493160899451872581e+00 -3.778148763532307441e+00
9.573611415548921144e+00 -3.801436905092719254e+00
9.654061931645971484e+00 -3.807089557373807942e+00
9.734512447743021823e+00 -3.781504379723012566e+00
9.814962963840072163e+00 -3.759159275812770318e+00
9.895413479937120727e+00 -3.750798275050868824e+00
9.975863996034171066e+00 -3.764802763746167180e+00
1.005631451213121963e+01 -3.772539525557139228e+00
1.013676502822827175e+01 -3.770001754235966729e+00
1.021721554432532031e+01 -3.773331868118487087e+00
1.029766606042237065e+01 -3.774239408795835526e+00
