0.000000000000000000e+00 -1.549019599857431873e-01
8.045051609704977069e-02 -1.999527246366287203e-01
1.609010321940995414e-01 -5.768564520745439461e-01
2.413515482911492982e-01 -2.492841519524320759e+00
3.218020643881990828e-01 -3.950559410988149889e+00
4.022525804852488118e-01 -3.527148409875376256e+00
4.827030965822985964e-01 -3.315649656242124266e+00
5.631536126793483810e-01 -3.312062886564551167e+00
6.436041287763981655e-01 -3.419013026866848382e+00
7.240546448734478391e-01 -3.580084290314042850e+00
8.045051609704976237e-01 -3.673774251581864991e+00
8.849556770675472972e-01 -3.715032332862092002e+00
9.654061931645971928e-01 -3.832417970107032446e+00
1.045856709261647088e+00 -3.961100162072611841e+00
1.126307225358696762e+00 -4.014501450220814505e+00
1.206757741455746435e+00 -3.952772572380517158e+00
1.287208257552796331e+00 -3.833927122028985224e+00
1.367658773649846005e+00 -3.715386388369656956e+00
1.448109289746895678e+00 -3.620897458328654839e+00
1.528559805843945352e+00 -3.504834148723887655e+00
1.609010321940995247e+00 -3.427556380850603546e+00
1.689460838038045143e+00 -3.377445876719553652e+00
1.769911354135094594e+00 -3.327868343122019290e+00
1.850361870232144490e+00 -3.264325919006044074e+00
1.930812386329194386e+00 -3.181084278620640582e+00
2.011262902426244281e+00 -3.154223963599708913e+00
2.091713418523294177e+00 -3.207011375851025470e+00
2.172163934620343628e+00 -3.286895516489954705e+00
2.252614450717393524e+00 -3.318633180734967603e+00
2.333064966814443419e+00 -3.334900264413161786e+00
2.413515482911492871e+00 -3.407823668156893415e+00
2.493965999008542767e+00 -3.515572647514991100e+00
2.574416515105592662e+00 -3.561301206643311179e+00
2.654867031202642558e+00 -3.569210535780395155e+00
2.735317547299692009e+00 -3.636170204957527297e+00
2.815768063396741905e+00 -3.722736821453148437e+00
2.896218579493791356e+00 -3.776167383545470102e+00
2.976669095590841252e+00 -3.768704633632999457e+00
3.057119611687890703e+00 -3.752935576012852881e+00
3.137570127784940599e+00 -3.717313909229698954e+00
3.218020643881990495e+00 -3.659397760880091610e+00
3.298471159979039946e+00 -3.607887844699714464e+00
3.378921676076090286e+00 -3.662854209962136842e+00
3.459372192173139737e+00 -3.733168188489651040e+00
3.539822708270189189e+00 -3.739556625035001414e+00
3.620273224367239528e+00 -3.644270736642881481e+00
3.700723740464288980e+00 -3.582828528410482161e+00
3.781174256561339320e+00 -3.581683197965381815e+00
3.861624772658388771e+00 -3.605533997917433009e+00
3.942075288755438223e+00 -3.610630500901098827e+00
4.022525804852488562e+00 -3.593552365052091080e+00
4.102976320949538014e+00 -3.610320535784542262e+00
4.183426837046588354e+00 -3.634191015803988734e+00
4.263877353143637805e+00 -3.622731651055159929e+00
4.344327869240687257e+00 -3.603912171666824538e+00
4.424778385337737596e+00 -3.648563166059867857e+00
4.505228901434787048e+00 -3.683300476385546585e+00
4.585679417531836499e+00 -3.703716104132326770e+00
4.666129933628886839e+00 -3.651841958707692459e+00
4.746580449725936290e+00 -3.596751676419671195e+00
4.827030965822985742e+00 -3.601376221392333932e+00
4.907481481920036082e+00 -3.617381470213399730e+00
4.987931998017085533e+00 -3.639605772999770394e+00
5.068382514114135873e+00 -3.668376234375524181e+00
5.148833030211185324e+00 -3.671181650946914843e+00
5.229283546308234776e+00 -3.644045325774357913e+00
5.309734062405285115e+00 -3.622198861331427100e+00
5.390184578502334567e+00 -3.595844811928377904e+00
5.470635094599384018e+00 -3.554953635061581352e+00
5.551085610696433470e+00 -3.540401549617470778e+00
5.631536126793483810e+00 -3.578631201926294025e+00
5.711986642890533261e+00 -3.625639472735939339e+00
5.792437158987582713e+00 -3.651660819980977024e+00
5.872887675084633052e+00 -3.649543526807739191e+00
5.953338191181682504e+00 -3.644759038185037436e+00
6.033788707278731955e+00 -3.629730373323268644e+00
6.114239223375781407e+00 -3.629221990664840636e+00
6.194689739472831747e+00 -3.608909421371155890e+00
6.275140255569881198e+00 -3.571364918889008422e+00
6.355590771666931538e+00 -3.546514868847792545e+00
6.436041287763980989e+00 -3.557065159851416247e+00
6.516491803861030441e+00 -3.579758758037160593e+00
6.596942319958079892e+00 -3.598720510873898437e+00
6.677392836055131120e+00 -3.640673275510006857e+00
6.757843352152180572e+00 -3.669928088686855272e+00
6.838293868249230023e+00 -3.675823804267538630e+00
6.918744384346279475e+00 -3.646412714358324703e+00
6.999194900443328926e+00 -3.641276369680508385e+00
7.079645416540378378e+00 -3.647590179502971708e+00
7.160095932637429605e+00 -3.647247469124692554e+00
7.240546448734479057e+00 -3.638841675640597906e+00
7.320996964831528508e+00 -3.632999869058688880e+00
7.401447480928577960e+00 -3.659569247680213078e+00
7.481897997025627411e+00 -3.676747457878953629e+00
7.562348513122678639e+00 -3.689946418039124154e+00
7.642799029219728091e+00 -3.689996177825230372e+00
7.723249545316777542e+00 -3.681301910119390008e+00
7.803700061413826994e+00 -3.644532772506384966e+00
7.884150577510876445e+00 -3.631450088686400068e+00
7.964601093607927673e+00 -3.645053236649439032e+00
8.045051609704977125e+00 -3.659794137364803301e+00
8.125502125802025688e+00 -3.664200805854640031e+00
8.205952641899076028e+00 -3.668167077068081205e+00
8.286403157996124591e+00 -3.665537923281153354e+00
8.366853674093176707e+00 -3.670411294124312107e+00
8.447304190190225270e+00 -3.692417361680480070e+00
8.527754706287275610e+00 -3.693343937488756890e+00
8.608205222384324173e+00 -3.675482822955421280e+00
8.688655738481374513e+00 -3.676664918571384444e+00
8.769106254578423076e+00 -3.693480723539859678e+00
8.849556770675475192e+00 -3.708763018710985904e+00
8.930007286772523756e+00 -3.705088693512772924e+00
9.010457802869574095e+00 -3.696555959592079166e+00
9.090908318966622659e+00 -3.698030435943006289e+00
9.171358835063672998e+00 -3.733188662809710401e+00
9.251809351160723338e+00 -3.770373618336793076e+00
9.332259867257773678e+00 -3.774269539390159522e+00
9.412710383354822241e+00 -3.744296359607523605e+00
9.493160899451872581e+00 -3.712548411196769482e+00
9.573611415548921144e+00 -3.691176971789126515e+00
9.654061931645971484e+00 -3.698700944118128664e+00
9.734512447743021823e+00 -3.743717569617690533e+00
9.814962963840072163e+00 -3.796386485267005728e+00
9.895413479937120727e+00 -3.769980266252320078e+00
9.975863996034171066e+00 -3.720744858147162049e+00
1.005631451213121963e+01 -3.728914132331169640e+00
1.013676502822827175e+01 -3.765367623149712628e+00
1.021721554432532031e+01 -3.765453200279805568e+00
1.029766606042237065e+01 -3.764437907906822645e+00
