0.000000000000000000e+00 -1.549019599857431873e-01
8.045051609704977069e-02 -2.125709067491410587e-01
1.609010321940995414e-01 -6.561221014341409585e-01
2.413515482911492982e-01 -3.000817359590680855e+00
3.218020643881990828e-01 -3.696322781670767998e+00
4.022525804852488118e-01 -3.368389683534859458e+00
4.827030965822985964e-01 -3.505382826888125525e+00
5.631536126793483810e-01 -3.630853110780331239e+00
6.436041287763981655e-01 -3.725113084860290247e+00
7.240546448734478391e-01 -3.835455930005170266e+00
8.045051609704976237e-01 -3.886445974749179744e+00
8.849556770675472972e-01 -4.008655212421098568e+00
9.654061931645971928e-01 -4.089718094713223451e+00
1.045856709261647088e+00 -4.073650055345754417e+00
1.126307225358696762e+00 -4.015393212029809256e+00
1.206757741455746435e+00 -3.999882117614145915e+00
1.287208257552796331e+00 -3.994157233359278081e+00
1.367658773649846005e+00 -3.899079793249252468e+00
1.448109289746895678e+00 -3.752340989249685510e+00
1.528559805843945352e+00 -3.636018722036604256e+00
1.609010321940995247e+00 -3.601505977144391579e+00
1.689460838038045143e+00 -3.526371702001859454e+00
1.769911354135094594e+00 -3.376224794597340484e+00
1.850361870232144490e+00 -3.230255590181726255e+00
1.930812386329194386e+00 -3.216016576851134623e+00
2.011262902426244281e+00 -3.291923120117183910e+00
2.091713418523294177e+00 -3.351958265968652206e+00
2.172163934620343628e+00 -3.385204894954683574e+00
2.252614450717393524e+00 -3.434198780370934401e+00
2.333064966814443419e+00 -3.491000995393917172e+00
2.413515482911492871e+00 -3.574477845379078644e+00
2.493965999008542767e+00 -3.640848581857567545e+00
2.574416515105592662e+00 -3.654778725096401448e+00
2.654867031202642558e+00 -3.644768824828985565e+00
2.735317547299692009e+00 -3.641647786635688000e+00
2.815768063396741905e+00 -3.666403745113292700e+00
2.896218579493791356e+00 -3.684188453175782474e+00
2.976669095590841252e+00 -3.687063465595591616e+00
3.057119611687890703e+00 -3.652578829136410743e+00
3.137570127784940599e+00 -3.644982312885779230e+00
3.218020643881990495e+00 -3.645376251510160426e+00
3.298471159979039946e+00 -3.604024295373828402e+00
3.378921676076090286e+00 -3.560559662799785752e+00
3.459372192173139737e+00 -3.581162204166520091e+00
3.539822708270189189e+00 -3.637333594132283299e+00
3.620273224367239528e+00 -3.629682188446900604e+00
3.700723740464288980e+00 -3.585927404275454311e+00
3.781174256561339320e+00 -3.551323330325809380e+00
3.861624772658388771e+00 -3.598082134970535417e+00
3.942075288755438223e+00 -3.664210084045572913e+00
4.022525804852488562e+00 -3.643371879780041844e+00
4.102976320949538014e+00 -3.604881292467417619e+00
4.183426837046588354e+00 -3.557234529482803609e+00
4.263877353143637805e+00 -3.557176908967144779e+00
4.344327869240687257e+00 -3.586339728335727006e+00
4.424778385337737596e+00 -3.608029160530859869e+00
4.505228901434787048e+00 -3.593473388860501050e+00
4.585679417531836499e+00 -3.593588926196554123e+00
4.666129933628886839e+00 -3.605931318970286181e+00
4.746580449725936290e+00 -3.610976871461767157e+00
4.827030965822985742e+00 -3.627378699205875634e+00
4.907481481920036082e+00 -3.643064313235475637e+00
4.987931998017085533e+00 -3.668511007571586546e+00
5.068382514114135873e+00 -3.698786010151413173e+00
5.148833030211185324e+00 -3.710539453187550851e+00
5.229283546308234776e+00 -3.695648788554925179e+00
5.309734062405285115e+00 -3.673169696593837408e+00
5.390184578502334567e+00 -3.641732224333062540e+00
5.470635094599384018e+00 -3.638274592220303472e+00
5.551085610696433470e+00 -3.624284149919245746e+00
5.631536126793483810e+00 -3.620965739160294294e+00
5.711986642890533261e+00 -3.625294257760247163e+00
5.792437158987582713e+00 -3.631366293905948339e+00
5.872887675084633052e+00 -3.647898325248285278e+00
5.953338191181682504e+00 -3.620055391094222141e+00
6.033788707278731955e+00 -3.589476978618046488e+00
6.114239223375781407e+00 -3.585639748269020988e+00
6.194689739472831747e+00 -3.610808538969018322e+00
6.275140255569881198e+00 -3.658867024126569500e+00
6.355590771666931538e+00 -3.688038244963470547e+00
6.436041287763980989e+00 -3.685270737349231940e+00
6.516491803861030441e+00 -3.647809959588832029e+00
6.596942319958079892e+00 -3.610213231080024787e+00
6.677392836055131120e+00 -3.609227944562205526e+00
6.757843352152180572e+00 -3.621691664637845420e+00
6.838293868249230023e+00 -3.641673199953912921e+00
6.918744384346279475e+00 -3.659704446605811956e+00
6.999194900443328926e+00 -3.692076346379398188e+00
7.079645416540378378e+00 -3.697136420391819556e+00
7.160095932637429605e+00 -3.715791669282979992e+00
7.240546448734479057e+00 -3.720638206873299492e+00
7.320996964831528508e+00 -3.753850360951000997e+00
7.401447480928577960e+00 -3.761696696135764295e+00
7.481897997025627411e+00 -3.762358626115100968e+00
7.562348513122678639e+00 -3.743002258980133945e+00
7.642799029219728091e+00 -3.707876248943562381e+00
7.723249545316777542e+00 -3.694087491892072528e+00
7.803700061413826994e+00 -3.698077771256928159e+00
7.884150577510876445e+00 -3.705554003704526256e+00
7.964601093607927673e+00 -3.715256016726560695e+00
8.045051609704977125e+00 -3.733197452413011597e+00
8.125502125802025688e+00 -3.747759316157921017e+00
8.205952641899076028e+00 -3.734486107563265822e+00
8.286403157996124591e+00 -3.727063362517862632e+00
8.366853674093176707e+00 -3.769524020029646483e+00
8.447304190190225270e+00 -3.769580339295212745e+00
8.527754706287275610e+00 -3.749912775938265330e+00
8.608205222384324173e+00 -3.742405416045814004e+00
8.688655738481374513e+00 -3.730381603797268131e+00
8.769106254578423076e+00 -3.730506660240627159e+00
8.849556770675475192e+00 -3.755260040378495479e+00
8.930007286772523756e+00 -3.766650852954171125e+00
9.010457802869574095e+00 -3.776252480423999192e+00
9.090908318966622659e+00 -3.795236907244892599e+00
9.171358835063672998e+00 -3.785010711611851875e+00
9.251809351160723338e+00 -3.774193832320989817e+00
9.332259867257773678e+00 -3.778174564839237526e+00
9.412710383354822241e+00 -3.794397671585343801e+00
9.493160899451872581e+00 -3.809953021427344488e+00
9.573611415548921144e+00 -3.831784296830788694e+00
9.654061931645971484e+00 -3.850547902023689684e+00
9.734512447743021823e+00 -3.855633388394029470e+00
9.814962963840072163e+00 -3.827602864133922367e+00
9.895413479937120727e+00 -3.814204672729905710e+00
9.975863996034171066e+00 -3.806856358803360596e+00
1.005631451213121963e+01 -3.779870510793197358e+00
1.013676502822827175e+01 -3.773828610992858490e+00
1.021721554432532031e+01 -3.752831745575887279e+00
1.029766606042237065e+01 -3.747860903452499226e+00
