0.000000000000000000e+00 -1.549019599857431873e-01
8.045051609704977069e-02 -3.936610974585149081e-01
1.609010321940995414e-01 -1.252131026868386066e+00
2.413515482911492982e-01 -3.760360687887268849e+00
3.218020643881990828e-01 -4.629531150300372211e+00
4.022525804852488118e-01 -5.290424364865276452e+00
4.827030965822985964e-01 -5.957495572037413645e+00
5.631536126793483810e-01 -6.544254976328869766e+00
6.436041287763981655e-01 -7.193007339120464749e+00
7.240546448734478391e-01 -7.591653134067136932e+00
8.045051609704976237e-01 -7.627000298211357610e+00
8.849556770675472972e-01 -7.567039431396436200e+00
9.654061931645971928e-01 -7.673010345058200343e+00
1.045856709261647088e+00 -7.827245367794620101e+00
1.126307225358696762e+00 -7.896251526173700519e+00
1.206757741455746435e+00 -7.784615244170649540e+00
1.287208257552796331e+00 -7.660610673576745633e+00
1.367658773649846005e+00 -7.574087119328098971e+00
1.448109289746895678e+00 -7.430779995476878952e+00
1.528559805843945352e+00 -7.322184996690758396e+00
1.609010321940995247e+00 -7.218074402621653007e+00
1.689460838038045143e+00 -7.063782932330010311e+00
1.769911354135094594e+00 -6.883635610405070437e+00
1.850361870232144490e+00 -6.756226767146837453e+00
1.930812386329194386e+00 -6.682285619813395527e+00
2.011262902426244281e+00 -6.644906527003075603e+00
2.091713418523294177e+00 -6.425764451899167007e+00
2.172163934620343628e+00 -6.282721875352673457e+00
2.252614450717393524e+00 -6.312330329326568013e+00
2.333064966814443419e+00 -6.355526766571089503e+00
2.413515482911492871e+00 -6.247257317389452780e+00
2.493965999008542767e+00 -6.222387659883227506e+00
2.574416515105592662e+00 -6.318715904688912310e+00
2.654867031202642558e+00 -6.408665843910350546e+00
2.735317547299692009e+00 -6.551804355075459441e+00
2.815768063396741905e+00 -6.649129680702006162e+00
2.896218579493791356e+00 -6.588108150412556263e+00
2.976669095590841252e+00 -6.536770636091060460e+00
3.057119611687890703e+00 -6.555624800591981938e+00
3.137570127784940599e+00 -6.561740517904929071e+00
3.218020643881990495e+00 -6.534053494677404039e+00
3.298471159979039946e+00 -6.420058019254807569e+00
3.378921676076090286e+00 -6.358426491857301244e+00
3.459372192173139737e+00 -6.359312421248509928e+00
3.539822708270189189e+00 -6.361116984502401372e+00
3.620273224367239528e+00 -6.402818359921373492e+00
3.700723740464288980e+00 -6.449886958444767338e+00
3.781174256561339320e+00 -6.445524923586959609e+00
3.861624772658388771e+00 -6.427323318911050798e+00
3.942075288755438223e+00 -6.392362309079827831e+00
4.022525804852488562e+00 -6.394676709698253525e+00
4.102976320949538014e+00 -6.407287705658239574e+00
4.183426837046588354e+00 -6.404552462847111549e+00
4.263877353143637805e+00 -6.426461182299143537e+00
4.344327869240687257e+00 -6.487652574053786481e+00
4.424778385337737596e+00 -6.462691971495206467e+00
4.505228901434787048e+00 -6.419710938114024046e+00
4.585679417531836499e+00 -6.395169181236692424e+00
4.666129933628886839e+00 -6.402819163381615830e+00
4.746580449725936290e+00 -6.433310132076532462e+00
4.827030965822985742e+00 -6.422336828797350350e+00
4.907481481920036082e+00 -6.418272618929956153e+00
4.987931998017085533e+00 -6.434978272565373913e+00
5.068382514114135873e+00 -6.452577207264421411e+00
5.148833030211185324e+00 -6.470372598497150740e+00
5.229283546308234776e+00 -6.489298882721612927e+00
5.309734062405285115e+00 -6.470463557906378504e+00
5.390184578502334567e+00 -6.508295010984677553e+00
5.470635094599384018e+00 -6.548005172578289290e+00
5.551085610696433470e+00 -6.553807168495444202e+00
5.631536126793483810e+00 -6.528039041123155251e+00
5.711986642890533261e+00 -6.515460809218197369e+00
5.792437158987582713e+00 -6.478573445893045069e+00
5.872887675084633052e+00 -6.497773287717540924e+00
5.953338191181682504e+00 -6.588788816967952044e+00
6.033788707278731955e+00 -6.605506631590509770e+00
6.114239223375781407e+00 -6.597799251611515814e+00
6.194689739472831747e+00 -6.592621785534287682e+00
6.275140255569881198e+00 -6.557549265031411778e+00
6.355590771666931538e+00 -6.497080285909628827e+00
6.436041287763980989e+00 -6.479222751322699203e+00
6.516491803861030441e+00 -6.491306670462475559e+00
6.596942319958079892e+00 -6.548828844377975855e+00
6.677392836055131120e+00 -6.646703791015480256e+00
6.757843352152180572e+00 -6.653280346180465266e+00
6.838293868249230023e+00 -6.591046552756789190e+00
6.918744384346279475e+00 -6.585457720851936259e+00
6.999194900443328926e+00 -6.625766849878592879e+00
7.079645416540378378e+00 -6.631104450450927779e+00
7.160095932637429605e+00 -6.636172818467424683e+00
7.240546448734479057e+00 -6.654589621042900305e+00
7.320996964831528508e+00 -6.655664198342392091e+00
7.401447480928577960e+00 -6.643003767738115073e+00
7.481897997025627411e+00 -6.667548040768572548e+00
7.562348513122678639e+00 -6.717174249661987950e+00
7.642799029219728091e+00 -6.775292346498710039e+00
7.723249545316777542e+00 -6.778380711880563680e+00
7.803700061413826994e+00 -6.768984625694573154e+00
7.884150577510876445e+00 -6.748604427276770679e+00
7.964601093607927673e+00 -6.736089298310834472e+00
8.045051609704977125e+00 -6.728069376389914424e+00
8.125502125802025688e+00 -6.699615572804379582e+00
8.205952641899076028e+00 -6.655289950946534638e+00
8.286403157996124591e+00 -6.614938913178566970e+00
8.366853674093176707e+00 -6.581556209249565192e+00
8.447304190190225270e+00 -6.611399972900469102e+00
8.527754706287275610e+00 -6.616536637925266362e+00
8.608205222384324173e+00 -6.681308048311403347e+00
8.688655738481374513e+00 -6.771300509873932505e+00
8.769106254578423076e+00 -6.839232973619233213e+00
8.849556770675475192e+00 -6.813211791250849636e+00
8.930007286772523756e+00 -6.759860061674182852e+00
9.010457802869574095e+00 -6.758055911959901962e+00
9.090908318966622659e+00 -6.800339968667054258e+00
9.171358835063672998e+00 -6.820752558395586362e+00
9.251809351160723338e+00 -6.815199829764423178e+00
9.332259867257773678e+00 -6.805201321996626973e+00
9.412710383354822241e+00 -6.815229520432841248e+00
9.493160899451872581e+00 -6.820721943707305002e+00
9.573611415548921144e+00 -6.793638179014220846e+00
9.654061931645971484e+00 -6.843592009612002869e+00
9.734512447743021823e+00 -6.937844419792690509e+00
9.814962963840072163e+00 -6.909460319994236599e+00
9.895413479937120727e+00 -6.833139614140585572e+00
9.975863996034171066e+00 -6.818475241486519955e+00
1.005631451213121963e+01 -6.853832329354480279e+00
1.013676502822827175e+01 -6.851057524150258260e+00
1.021721554432532031e+01 -6.853963574243522316e+00
1.029766606042237065e+01 -6.872072214567276127e+00
