0.000000000000000000e+00 -1.549019599857431873e-01
8.045051609704977069e-02 -2.070473127229439658e-01
1.609010321940995414e-01 -5.820712424545249064e-01
2.413515482911492982e-01 -1.296455998812090948e+00
3.218020643881990828e-01 -1.658742260165040561e+00
4.022525804852488118e-01 -2.348128936501805430e+00
4.827030965822985964e-01 -3.024491150573773712e+00
5.631536126793483810e-01 -3.190111253074148667e+00
6.436041287763981655e-01 -3.340029250868926880e+00
7.240546448734478391e-01 -3.505425494402816256e+00
8.045051609704976237e-01 -3.590913615026550154e+00
8.849556770675472972e-01 -3.589845637644557996e+00
9.654061931645971928e-01 -3.593871639999956624e+00
1.045856709261647088e+00 -3.638811472839004857e+00
1.126307225358696762e+00 -3.657053315439547259e+00
1.206757741455746435e+00 -3.684226801322972200e+00
1.287208257552796331e+00 -3.703822244787730256e+00
1.367658773649846005e+00 -3.710881416249575349e+00
1.448109289746895678e+00 -3.690321702805070991e+00
1.528559805843945352e+00 -3.644980416173680293e+00
1.609010321940995247e+00 -3.558227494650072487e+00
1.689460838038045143e+00 -3.474166596917391825e+00
1.769911354135094594e+00 -3.396160107575889153e+00
1.850361870232144490e+00 -3.319281906175709729e+00
1.930812386329194386e+00 -3.274112882874098407e+00
2.011262902426244281e+00 -3.260131013629268715e+00
2.091713418523294177e+00 -3.216411725010849043e+00
2.172163934620343628e+00 -3.188221721884794579e+00
2.252614450717393524e+00 -3.206240611957754005e+00
2.333064966814443419e+00 -3.238699332373624618e+00
2.413515482911492871e+00 -3.213216032408738432e+00
2.493965999008542767e+00 -3.191045003349985087e+00
2.574416515105592662e+00 -3.191629387127240758e+00
2.654867031202642558e+00 -3.224860828444088501e+00
2.735317547299692009e+00 -3.295407847547065838e+00
2.815768063396741905e+00 -3.358367621530419012e+00
2.896218579493791356e+00 -3.331716741691254757e+00
2.976669095590841252e+00 -3.285680432773556259e+00
3.057119611687890703e+00 -3.234125402517240122e+00
3.137570127784940599e+00 -3.207010825023474343e+00
3.218020643881990495e+00 -3.201016307280255546e+00
3.298471159979039946e+00 -3.187112294245761035e+00
3.378921676076090286e+00 -3.191801948728376193e+00
3.459372192173139737e+00 -3.200749258261667674e+00
3.539822708270189189e+00 -3.226342012957814642e+00
3.620273224367239528e+00 -3.247855569839512402e+00
3.700723740464288980e+00 -3.258595998737902288e+00
3.781174256561339320e+00 -3.271637109568667157e+00
3.861624772658388771e+00 -3.293082655321254659e+00
3.942075288755438223e+00 -3.284503743353891725e+00
4.022525804852488562e+00 -3.259306355247131748e+00
4.102976320949538014e+00 -3.261454582247557799e+00
4.183426837046588354e+00 -3.238062022058797229e+00
4.263877353143637805e+00 -3.206673346623707399e+00
4.344327869240687257e+00 -3.182879683695297501e+00
4.424778385337737596e+00 -3.192463049255794161e+00
4.505228901434787048e+00 -3.222526245971530479e+00
4.585679417531836499e+00 -3.258895064105368444e+00
4.666129933628886839e+00 -3.275078167884321712e+00
4.746580449725936290e+00 -3.292818591132599781e+00
4.827030965822985742e+00 -3.297721209215888738e+00
4.907481481920036082e+00 -3.318660321848168060e+00
4.987931998017085533e+00 -3.303704295004666669e+00
5.068382514114135873e+00 -3.248939912697973220e+00
5.148833030211185324e+00 -3.230006596511084016e+00
5.229283546308234776e+00 -3.227151442038207030e+00
5.309734062405285115e+00 -3.218053396118103482e+00
5.390184578502334567e+00 -3.218934911282825606e+00
5.470635094599384018e+00 -3.236838845450284108e+00
5.551085610696433470e+00 -3.293390867476616801e+00
5.631536126793483810e+00 -3.326530406108461513e+00
5.711986642890533261e+00 -3.308041500478367869e+00
5.792437158987582713e+00 -3.283264969936253941e+00
5.872887675084633052e+00 -3.301085827186100108e+00
5.953338191181682504e+00 -3.323534861643341998e+00
6.033788707278731955e+00 -3.307813362889050701e+00
6.114239223375781407e+00 -3.264124548521790459e+00
6.194689739472831747e+00 -3.249337517914584250e+00
6.275140255569881198e+00 -3.236342591392602053e+00
6.355590771666931538e+00 -3.225843929859543380e+00
6.436041287763980989e+00 -3.243079891284991412e+00
6.516491803861030441e+00 -3.273315292380308161e+00
6.596942319958079892e+00 -3.285410313910171798e+00
6.677392836055131120e+00 -3.306951268612944972e+00
6.757843352152180572e+00 -3.300332584875816710e+00
6.838293868249230023e+00 -3.281473402055462785e+00
6.918744384346279475e+00 -3.280019187018768267e+00
6.999194900443328926e+00 -3.297207643715166725e+00
7.079645416540378378e+00 -3.321469728558414047e+00
7.160095932637429605e+00 -3.329337403354528213e+00
7.240546448734479057e+00 -3.324909419043582393e+00
7.320996964831528508e+00 -3.344723956940549137e+00
7.401447480928577960e+00 -3.368785023402692147e+00
7.481897997025627411e+00 -3.415400943769565600e+00
7.562348513122678639e+00 -3.435121143870316640e+00
7.642799029219728091e+00 -3.445865000708159709e+00
7.723249545316777542e+00 -3.424321760096123768e+00
7.803700061413826994e+00 -3.385567383657799745e+00
7.884150577510876445e+00 -3.345485343077640117e+00
7.964601093607927673e+00 -3.343470454576316531e+00
8.045051609704977125e+00 -3.341352676567916014e+00
8.125502125802025688e+00 -3.337240813646446203e+00
8.205952641899076028e+00 -3.348677891062120437e+00
8.286403157996124591e+00 -3.369374626735563538e+00
8.366853674093176707e+00 -3.370927621683470932e+00
8.447304190190225270e+00 -3.372874108004829896e+00
8.527754706287275610e+00 -3.385323414156043764e+00
8.608205222384324173e+00 -3.387216598037313897e+00
8.688655738481374513e+00 -3.382496632726919028e+00
8.769106254578423076e+00 -3.388516757158163806e+00
8.849556770675475192e+00 -3.401329305598360886e+00
8.930007286772523756e+00 -3.410201638262143398e+00
9.010457802869574095e+00 -3.418895892858942798e+00
9.090908318966622659e+00 -3.433622983112175397e+00
9.171358835063672998e+00 -3.430766265513317759e+00
9.251809351160723338e+00 -3.425105875516697651e+00
9.332259867257773678e+00 -3.418329738097594994e+00
9.412710383354822241e+00 -3.403678416019281894e+00
9.493160899451872581e+00 -3.381453232839545464e+00
9.573611415548921144e+00 -3.378272849662143251e+00
9.654061931645971484e+00 -3.403351324473620210e+00
9.734512447743021823e+00 -3.423738172518376643e+00
9.814962963840072163e+00 -3.409826025781597991e+00
9.895413479937120727e+00 -3.422095119988493028e+00
9.975863996034171066e+00 -3.451738092397302005e+00
1.005631451213121963e+01 -3.454100470243703924e+00
1.013676502822827175e+01 -3.452816211907846711e+00
1.021721554432532031e+01 -3.435377331685247171e+00
1.029766606042237065e+01 -3.418729345370293160e+00
