0.000000000000000000e+00 -1.549019599857431873e-01
8.045051609704977069e-02 -1.893143729704119538e-01
1.609010321940995414e-01 -5.074363224445951337e-01
2.413515482911492982e-01 -1.318011084163935198e+00
3.218020643881990828e-01 -1.877692239340700064e+00
4.022525804852488118e-01 -2.242618642890415792e+00
4.827030965822985964e-01 -2.696063712317402050e+00
5.631536126793483810e-01 -3.307818537659654723e+00
6.436041287763981655e-01 -3.453820890654392795e+00
7.240546448734478391e-01 -3.442745412766494262e+00
8.045051609704976237e-01 -3.453693010625309423e+00
8.849556770675472972e-01 -3.542618949857295085e+00
9.654061931645971928e-01 -3.608056076744567076e+00
1.045856709261647088e+00 -3.684513981776113223e+00
1.126307225358696762e+00 -3.780937089475765234e+00
1.206757741455746435e+00 -3.830732446078148001e+00
1.287208257552796331e+00 -3.829559749046823391e+00
1.367658773649846005e+00 -3.824119899316057225e+00
1.448109289746895678e+00 -3.760802238574465939e+00
1.528559805843945352e+00 -3.670877294483081865e+00
1.609010321940995247e+00 -3.560861644382111280e+00
1.689460838038045143e+00 -3.500874515723509717e+00
1.769911354135094594e+00 -3.457982489195761566e+00
1.850361870232144490e+00 -3.381758261872044979e+00
1.930812386329194386e+00 -3.335221170928011070e+00
2.011262902426244281e+00 -3.337955727089190194e+00
2.091713418523294177e+00 -3.298974561022663732e+00
2.172163934620343628e+00 -3.226837867556662687e+00
2.252614450717393524e+00 -3.189760228667967379e+00
2.333064966814443419e+00 -3.184149826691108576e+00
2.413515482911492871e+00 -3.173542991740601060e+00
2.493965999008542767e+00 -3.161548226282122620e+00
2.574416515105592662e+00 -3.148740415567083062e+00
2.654867031202642558e+00 -3.182977008683235631e+00
2.735317547299692009e+00 -3.274861509447585028e+00
2.815768063396741905e+00 -3.341966111983021737e+00
2.896218579493791356e+00 -3.311639762037088541e+00
2.976669095590841252e+00 -3.247896239044304245e+00
3.057119611687890703e+00 -3.215200260264364562e+00
3.137570127784940599e+00 -3.194372040906976018e+00
3.218020643881990495e+00 -3.192050441974824349e+00
3.298471159979039946e+00 -3.226619502451649080e+00
3.378921676076090286e+00 -3.292216319217124543e+00
3.459372192173139737e+00 -3.351965102109974559e+00
3.539822708270189189e+00 -3.341940730883203869e+00
3.620273224367239528e+00 -3.294392955027703351e+00
3.700723740464288980e+00 -3.284549371780823623e+00
3.781174256561339320e+00 -3.288028064301968811e+00
3.861624772658388771e+00 -3.269386306307650258e+00
3.942075288755438223e+00 -3.239002393757127507e+00
4.022525804852488562e+00 -3.223329469114392332e+00
4.102976320949538014e+00 -3.224882583893937671e+00
4.183426837046588354e+00 -3.212952892717057640e+00
4.263877353143637805e+00 -3.219990693437817963e+00
4.344327869240687257e+00 -3.215092734876163760e+00
4.424778385337737596e+00 -3.220827207929837677e+00
4.505228901434787048e+00 -3.226845088102418213e+00
4.585679417531836499e+00 -3.228492197900406868e+00
4.666129933628886839e+00 -3.226124419065636850e+00
4.746580449725936290e+00 -3.246288346974334882e+00
4.827030965822985742e+00 -3.280347812692739229e+00
4.907481481920036082e+00 -3.291143408798860026e+00
4.987931998017085533e+00 -3.290362057367450355e+00
5.068382514114135873e+00 -3.320760849793049641e+00
5.148833030211185324e+00 -3.332960840423655036e+00
5.229283546308234776e+00 -3.327775496545796852e+00
5.309734062405285115e+00 -3.309278278091423608e+00
5.390184578502334567e+00 -3.287029783129976845e+00
5.470635094599384018e+00 -3.264950010514474421e+00
5.551085610696433470e+00 -3.250364984220136755e+00
5.631536126793483810e+00 -3.246542957287002817e+00
5.711986642890533261e+00 -3.255140154544344355e+00
5.792437158987582713e+00 -3.242120091300779716e+00
5.872887675084633052e+00 -3.225309661264465610e+00
5.953338191181682504e+00 -3.217380854632266640e+00
6.033788707278731955e+00 -3.243866246029678546e+00
6.114239223375781407e+00 -3.267255935428889480e+00
6.194689739472831747e+00 -3.286768754888750532e+00
6.275140255569881198e+00 -3.308376342729847153e+00
6.355590771666931538e+00 -3.329280302425290827e+00
6.436041287763980989e+00 -3.355204877806167385e+00
6.516491803861030441e+00 -3.380411110389912821e+00
6.596942319958079892e+00 -3.369727501995791297e+00
6.677392836055131120e+00 -3.357006790993182221e+00
6.757843352152180572e+00 -3.332423216743377825e+00
6.838293868249230023e+00 -3.294752474006660936e+00
6.918744384346279475e+00 -3.279972616339672520e+00
6.999194900443328926e+00 -3.278748775382231972e+00
7.079645416540378378e+00 -3.308254681340282222e+00
7.160095932637429605e+00 -3.330258763947826495e+00
7.240546448734479057e+00 -3.312002295186213807e+00
7.320996964831528508e+00 -3.269037332540628338e+00
7.401447480928577960e+00 -3.239065053356893653e+00
7.481897997025627411e+00 -3.245685208277769185e+00
7.562348513122678639e+00 -3.292622169923107300e+00
7.642799029219728091e+00 -3.298038678646079802e+00
7.723249545316777542e+00 -3.287541858621588986e+00
7.803700061413826994e+00 -3.312297088882515617e+00
7.884150577510876445e+00 -3.334430555194737522e+00
7.964601093607927673e+00 -3.362524041686472565e+00
8.045051609704977125e+00 -3.386085239119024148e+00
8.125502125802025688e+00 -3.379995558387959509e+00
8.205952641899076028e+00 -3.331860706795499727e+00
8.286403157996124591e+00 -3.316683637600075230e+00
8.366853674093176707e+00 -3.345243351093790896e+00
8.447304190190225270e+00 -3.384039238697294394e+00
8.527754706287275610e+00 -3.366604188452710922e+00
8.608205222384324173e+00 -3.351597914231157382e+00
8.688655738481374513e+00 -3.351267609503335798e+00
8.769106254578423076e+00 -3.360636827341032529e+00
8.849556770675475192e+00 -3.394319837933736039e+00
8.930007286772523756e+00 -3.409677964970054820e+00
9.010457802869574095e+00 -3.385463083873466505e+00
9.090908318966622659e+00 -3.360830176071001318e+00
9.171358835063672998e+00 -3.366595054225943962e+00
9.251809351160723338e+00 -3.377943388362632859e+00
9.332259867257773678e+00 -3.374624833032163984e+00
9.412710383354822241e+00 -3.357323508910927679e+00
9.493160899451872581e+00 -3.336785123723554847e+00
9.573611415548921144e+00 -3.352638695797918178e+00
9.654061931645971484e+00 -3.396569743034896671e+00
9.734512447743021823e+00 -3.440672333413940187e+00
9.814962963840072163e+00 -3.441674672117670308e+00
9.895413479937120727e+00 -3.425854702336645019e+00
9.975863996034171066e+00 -3.399454550199928260e+00
1.005631451213121963e+01 -3.372573501506218818e+00
1.013676502822827175e+01 -3.363060665594817422e+00
1.021721554432532031e+01 -3.396898665849049426e+00
1.029766606042237065e+01 -3.429341263740320223e+00
