0.000000000000000000e+00 -1.549019599857431873e-01
8.045051609704977069e-02 -2.122533699514390637e-01
1.609010321940995414e-01 -6.087604074683996558e-01
2.413515482911492982e-01 -2.450093519763607119e+00
3.218020643881990828e-01 -2.535972197268094863e+00
4.022525804852488118e-01 -2.154333326133336168e+00
4.827030965822985964e-01 -2.234787568627167875e+00
5.631536126793483810e-01 -2.560493879219906788e+00
6.436041287763981655e-01 -2.970209526509804743e+00
7.240546448734478391e-01 -3.226912834849411826e+00
8.045051609704976237e-01 -3.411182604669332541e+00
8.849556770675472972e-01 -3.519740109620878687e+00
9.654061931645971928e-01 -3.620549474083098573e+00
1.045856709261647088e+00 -3.691991295907702586e+00
1.126307225358696762e+00 -3.688087669116653533e+00
1.206757741455746435e+00 -3.599957048626500455e+00
1.287208257552796331e+00 -3.517988137129526294e+00
1.367658773649846005e+00 -3.426827255687617146e+00
1.448109289746895678e+00 -3.355908680410720990e+00
1.528559805843945352e+00 -3.256234324669157409e+00
1.609010321940995247e+00 -3.128494843437536588e+00
1.689460838038045143e+00 -3.055987119893652348e+00
1.769911354135094594e+00 -2.998378220574219544e+00
1.850361870232144490e+00 -2.960499534852575998e+00
1.930812386329194386e+00 -2.896237448497311906e+00
2.011262902426244281e+00 -2.853602459283345549e+00
2.091713418523294177e+00 -2.822430872260624835e+00
2.172163934620343628e+00 -2.820689262315586365e+00
2.252614450717393524e+00 -2.877598236160062939e+00
2.333064966814443419e+00 -3.024247891083862605e+00
2.413515482911492871e+00 -3.117182222418884319e+00
2.493965999008542767e+00 -3.120049686694577940e+00
2.574416515105592662e+00 -3.123095255584597219e+00
2.654867031202642558e+00 -3.169089324365613969e+00
2.735317547299692009e+00 -3.216301481147717301e+00
2.815768063396741905e+00 -3.195488144015206977e+00
2.896218579493791356e+00 -3.185514074151763353e+00
2.976669095590841252e+00 -3.242725334326090003e+00
3.057119611687890703e+00 -3.332618340598410889e+00
3.137570127784940599e+00 -3.365949316917059786e+00
3.218020643881990495e+00 -3.345593306253372923e+00
3.298471159979039946e+00 -3.330316951950568427e+00
3.378921676076090286e+00 -3.327637087688457562e+00
3.459372192173139737e+00 -3.347017986558473712e+00
3.539822708270189189e+00 -3.334288204953398171e+00
3.620273224367239528e+00 -3.315213643725006598e+00
3.700723740464288980e+00 -3.284515356781360307e+00
3.781174256561339320e+00 -3.268648259904090914e+00
3.861624772658388771e+00 -3.235708554246940594e+00
3.942075288755438223e+00 -3.214051364223923457e+00
4.022525804852488562e+00 -3.231445457412768896e+00
4.102976320949538014e+00 -3.253933378748173233e+00
4.183426837046588354e+00 -3.261304120123178496e+00
4.263877353143637805e+00 -3.249457123253083335e+00
4.344327869240687257e+00 -3.232554099004696813e+00
4.424778385337737596e+00 -3.242033071990268578e+00
4.505228901434787048e+00 -3.265287564018736877e+00
4.585679417531836499e+00 -3.270096892718011627e+00
4.666129933628886839e+00 -3.264269892975829368e+00
4.746580449725936290e+00 -3.287634214925994058e+00
4.827030965822985742e+00 -3.309790614628179029e+00
4.907481481920036082e+00 -3.258632103094925903e+00
4.987931998017085533e+00 -3.227333217161215906e+00
5.068382514114135873e+00 -3.230341939388521322e+00
5.148833030211185324e+00 -3.229393367435370976e+00
5.229283546308234776e+00 -3.241051495170362173e+00
5.309734062405285115e+00 -3.252870514047041084e+00
5.390184578502334567e+00 -3.287625160896199272e+00
5.470635094599384018e+00 -3.313935637428214509e+00
5.551085610696433470e+00 -3.311062619360986670e+00
5.631536126793483810e+00 -3.328070486009676809e+00
5.711986642890533261e+00 -3.357142853211641853e+00
5.792437158987582713e+00 -3.372357568958201934e+00
5.872887675084633052e+00 -3.381437666037793832e+00
5.953338191181682504e+00 -3.371732569598671958e+00
6.033788707278731955e+00 -3.317810202034439548e+00
6.114239223375781407e+00 -3.272589734028835018e+00
6.194689739472831747e+00 -3.251479633285630388e+00
6.275140255569881198e+00 -3.244105847852626123e+00
6.355590771666931538e+00 -3.234694594987227667e+00
6.436041287763980989e+00 -3.246339673238549217e+00
6.516491803861030441e+00 -3.241969150552202361e+00
6.596942319958079892e+00 -3.272718354530014473e+00
6.677392836055131120e+00 -3.282730678762925347e+00
6.757843352152180572e+00 -3.260668740282023137e+00
6.838293868249230023e+00 -3.262105727590664639e+00
6.918744384346279475e+00 -3.294694265415703427e+00
6.999194900443328926e+00 -3.337562404196186439e+00
7.079645416540378378e+00 -3.334465227102264784e+00
7.160095932637429605e+00 -3.320841691631490011e+00
7.240546448734479057e+00 -3.320480200244400493e+00
7.320996964831528508e+00 -3.301706371391296635e+00
7.401447480928577960e+00 -3.292020611091511118e+00
7.481897997025627411e+00 -3.319116451554167568e+00
7.562348513122678639e+00 -3.337800985310976909e+00
7.642799029219728091e+00 -3.333190230192972781e+00
7.723249545316777542e+00 -3.317663023231952835e+00
7.803700061413826994e+00 -3.308159626491823158e+00
7.884150577510876445e+00 -3.329165181013794328e+00
7.964601093607927673e+00 -3.370369399913765829e+00
8.045051609704977125e+00 -3.379242483400073382e+00
8.125502125802025688e+00 -3.370055802735093753e+00
8.205952641899076028e+00 -3.372873738128451482e+00
8.286403157996124591e+00 -3.372410529170928761e+00
8.366853674093176707e+00 -3.381072852941887419e+00
8.447304190190225270e+00 -3.408822583265914918e+00
8.527754706287275610e+00 -3.419663904887786821e+00
8.608205222384324173e+00 -3.418823369153940472e+00
8.688655738481374513e+00 -3.400621330484048244e+00
8.769106254578423076e+00 -3.401576122623663601e+00
8.849556770675475192e+00 -3.420124359135295222e+00
8.930007286772523756e+00 -3.415240792125708857e+00
9.010457802869574095e+00 -3.369640591156438436e+00
9.090908318966622659e+00 -3.340890220854225490e+00
9.171358835063672998e+00 -3.346176299509501462e+00
9.251809351160723338e+00 -3.382899609336281976e+00
9.332259867257773678e+00 -3.425238699009059751e+00
9.412710383354822241e+00 -3.438566341273773030e+00
9.493160899451872581e+00 -3.426505962209339895e+00
9.573611415548921144e+00 -3.410513764281162263e+00
9.654061931645971484e+00 -3.428494469611087503e+00
9.734512447743021823e+00 -3.452561242092410332e+00
9.814962963840072163e+00 -3.466054446910261433e+00
9.895413479937120727e+00 -3.466767759968622631e+00
9.975863996034171066e+00 -3.438937087541683812e+00
1.005631451213121963e+01 -3.401456788191337122e+00
1.013676502822827175e+01 -3.407785574646356785e+00
1.021721554432532031e+01 -3.436127833737319559e+00
1.029766606042237065e+01 -3.451541992326242259e+00
