0.000000000000000000e+00 -1.549019599857431873e-01
8.045051609704977069e-02 -2.052660994598243249e-01
1.609010321940995414e-01 -6.327297047080828740e-01
2.413515482911492982e-01 -1.937404347209133793e+00
3.218020643881990828e-01 -2.003327316278615822e+00
4.022525804852488118e-01 -1.847032043122240452e+00
4.827030965822985964e-01 -2.008620471001467234e+00
5.631536126793483810e-01 -2.481438102485925778e+00
6.436041287763981655e-01 -3.023029003555799843e+00
7.240546448734478391e-01 -3.186169629300262152e+00
8.045051609704976237e-01 -3.313222976158028299e+00
8.849556770675472972e-01 -3.330397245565906772e+00
9.654061931645971928e-01 -3.290107865214981775e+00
1.045856709261647088e+00 -3.339281373414265452e+00
1.126307225358696762e+00 -3.385980311567499790e+00
1.206757741455746435e+00 -3.328241253069983863e+00
1.287208257552796331e+00 -3.309779079518114120e+00
1.367658773649846005e+00 -3.292655104168908498e+00
1.448109289746895678e+00 -3.257656596696310913e+00
1.528559805843945352e+00 -3.249810937891755458e+00
1.609010321940995247e+00 -3.182176058740520119e+00
1.689460838038045143e+00 -3.137789316357812108e+00
1.769911354135094594e+00 -3.084578888003603581e+00
1.850361870232144490e+00 -2.986123828942061742e+00
1.930812386329194386e+00 -2.930733028585471356e+00
2.011262902426244281e+00 -2.903984256592956559e+00
2.091713418523294177e+00 -2.894305899430344109e+00
2.172163934620343628e+00 -2.912440424838425468e+00
2.252614450717393524e+00 -2.917135890504183315e+00
2.333064966814443419e+00 -2.957873472754072974e+00
2.413515482911492871e+00 -3.019763114034071272e+00
2.493965999008542767e+00 -3.116775635916331222e+00
2.574416515105592662e+00 -3.205210949881030835e+00
2.654867031202642558e+00 -3.261658465007668539e+00
2.735317547299692009e+00 -3.280290043041243386e+00
2.815768063396741905e+00 -3.290642268957660654e+00
2.896218579493791356e+00 -3.288265806611117892e+00
2.976669095590841252e+00 -3.241423807855349892e+00
3.057119611687890703e+00 -3.201507609130461063e+00
3.137570127784940599e+00 -3.190773789611769384e+00
3.218020643881990495e+00 -3.204715954463317029e+00
3.298471159979039946e+00 -3.258454139990128340e+00
3.378921676076090286e+00 -3.278023737992720399e+00
3.459372192173139737e+00 -3.259079113891219848e+00
3.539822708270189189e+00 -3.216588332216649526e+00
3.620273224367239528e+00 -3.199554276258627095e+00
3.700723740464288980e+00 -3.219285317877815356e+00
3.781174256561339320e+00 -3.254199341121795985e+00
3.861624772658388771e+00 -3.278041207437745630e+00
3.942075288755438223e+00 -3.288889881934629500e+00
4.022525804852488562e+00 -3.282970592617679539e+00
4.102976320949538014e+00 -3.270710153871559722e+00
4.183426837046588354e+00 -3.265249721307365682e+00
4.263877353143637805e+00 -3.286554249983152154e+00
4.344327869240687257e+00 -3.284605708297246629e+00
4.424778385337737596e+00 -3.276195584622454415e+00
4.505228901434787048e+00 -3.278037657681332817e+00
4.585679417531836499e+00 -3.286062831152490205e+00
4.666129933628886839e+00 -3.297877223432331473e+00
4.746580449725936290e+00 -3.293006233655223713e+00
4.827030965822985742e+00 -3.260141695511908466e+00
4.907481481920036082e+00 -3.242167140093384248e+00
4.987931998017085533e+00 -3.239338143113516200e+00
5.068382514114135873e+00 -3.215121100140225785e+00
5.148833030211185324e+00 -3.208520511920923912e+00
5.229283546308234776e+00 -3.226683084897835396e+00
5.309734062405285115e+00 -3.230776046086482278e+00
5.390184578502334567e+00 -3.242428903337599255e+00
5.470635094599384018e+00 -3.274151073214193186e+00
5.551085610696433470e+00 -3.299528713456968632e+00
5.631536126793483810e+00 -3.301332688574036833e+00
5.711986642890533261e+00 -3.293837981359100553e+00
5.792437158987582713e+00 -3.299238382763751698e+00
5.872887675084633052e+00 -3.303076217312474139e+00
5.953338191181682504e+00 -3.304139705474077982e+00
6.033788707278731955e+00 -3.272253574925634290e+00
6.114239223375781407e+00 -3.239193326568449383e+00
6.194689739472831747e+00 -3.256808624692858256e+00
6.275140255569881198e+00 -3.271698995633976370e+00
6.355590771666931538e+00 -3.276550252515845862e+00
6.436041287763980989e+00 -3.292929090176533347e+00
6.516491803861030441e+00 -3.308820932630014422e+00
6.596942319958079892e+00 -3.326546708956808374e+00
6.677392836055131120e+00 -3.319515467947168563e+00
6.757843352152180572e+00 -3.289757548940142051e+00
6.838293868249230023e+00 -3.286782587244153397e+00
6.918744384346279475e+00 -3.301603002259653419e+00
6.999194900443328926e+00 -3.287631299489272685e+00
7.079645416540378378e+00 -3.282509378007444578e+00
7.160095932637429605e+00 -3.300955763961534561e+00
7.240546448734479057e+00 -3.317714772738746820e+00
7.320996964831528508e+00 -3.324607270498975087e+00
7.401447480928577960e+00 -3.337480966120705883e+00
7.481897997025627411e+00 -3.356578215834538526e+00
7.562348513122678639e+00 -3.347775146659246914e+00
7.642799029219728091e+00 -3.319200611735227291e+00
7.723249545316777542e+00 -3.303856588679228157e+00
7.803700061413826994e+00 -3.312072666154730616e+00
7.884150577510876445e+00 -3.339232406636663875e+00
7.964601093607927673e+00 -3.340619406350274101e+00
8.045051609704977125e+00 -3.338853905345834150e+00
8.125502125802025688e+00 -3.359653564955368044e+00
8.205952641899076028e+00 -3.402536051445249843e+00
8.286403157996124591e+00 -3.402135694649362829e+00
8.366853674093176707e+00 -3.372416579023655103e+00
8.447304190190225270e+00 -3.357562349845048200e+00
8.527754706287275610e+00 -3.359004321098686408e+00
8.608205222384324173e+00 -3.372761820529741605e+00
8.688655738481374513e+00 -3.386343081818564915e+00
8.769106254578423076e+00 -3.405101708667496840e+00
8.849556770675475192e+00 -3.410156972133737252e+00
8.930007286772523756e+00 -3.391866698960410265e+00
9.010457802869574095e+00 -3.383717663082451477e+00
9.090908318966622659e+00 -3.397517800962861934e+00
9.171358835063672998e+00 -3.425396314399022035e+00
9.251809351160723338e+00 -3.439883516563754018e+00
9.332259867257773678e+00 -3.420334129612466523e+00
9.412710383354822241e+00 -3.405336572491844294e+00
9.493160899451872581e+00 -3.414975531265498798e+00
9.573611415548921144e+00 -3.416051099090529064e+00
9.654061931645971484e+00 -3.388034779991745182e+00
9.734512447743021823e+00 -3.405055354466692830e+00
9.814962963840072163e+00 -3.435941993832394736e+00
9.895413479937120727e+00 -3.421363897685499644e+00
9.975863996034171066e+00 -3.402148050049724315e+00
1.005631451213121963e+01 -3.402572653585353102e+00
1.013676502822827175e+01 -3.417490025377481810e+00
1.021721554432532031e+01 -3.431196750244663196e+00
1.029766606042237065e+01 -3.437713503729082021e+00
