0.000000000000000000e+00 -1.549019599857431873e-01
8.045051609704977069e-02 -1.992420768635862205e-01
1.609010321940995414e-01 -5.625125394852685812e-01
2.413515482911492982e-01 -1.582384702884009675e+00
3.218020643881990828e-01 -1.950893171298972772e+00
4.022525804852488118e-01 -2.052337201203323858e+00
4.827030965822985964e-01 -2.315656173251961825e+00
5.631536126793483810e-01 -2.646872870397728672e+00
6.436041287763981655e-01 -2.946177739304886245e+00
7.240546448734478391e-01 -3.197088577558646172e+00
8.045051609704976237e-01 -3.403576409626607013e+00
8.849556770675472972e-01 -3.473487249152832579e+00
9.654061931645971928e-01 -3.488285342858071125e+00
1.045856709261647088e+00 -3.485212263462383220e+00
1.126307225358696762e+00 -3.501809282687023739e+00
1.206757741455746435e+00 -3.514585754820940267e+00
1.287208257552796331e+00 -3.498842658936952343e+00
1.367658773649846005e+00 -3.384010119334168287e+00
1.448109289746895678e+00 -3.255521773288441167e+00
1.528559805843945352e+00 -3.191713133125390289e+00
1.609010321940995247e+00 -3.155833558416759388e+00
1.689460838038045143e+00 -3.073990621174885529e+00
1.769911354135094594e+00 -2.954298594204473272e+00
1.850361870232144490e+00 -2.870824388770787383e+00
1.930812386329194386e+00 -2.858786909111282970e+00
2.011262902426244281e+00 -2.900116411010895678e+00
2.091713418523294177e+00 -2.959969953612792359e+00
2.172163934620343628e+00 -3.038225716226676365e+00
2.252614450717393524e+00 -3.068304413041145651e+00
2.333064966814443419e+00 -3.081288336977767717e+00
2.413515482911492871e+00 -3.094057525611693560e+00
2.493965999008542767e+00 -3.100879734544677468e+00
2.574416515105592662e+00 -3.117415179765866906e+00
2.654867031202642558e+00 -3.162314748075413018e+00
2.735317547299692009e+00 -3.215949047233143787e+00
2.815768063396741905e+00 -3.260201720963899596e+00
2.896218579493791356e+00 -3.290811177898324225e+00
2.976669095590841252e+00 -3.295053401534200344e+00
3.057119611687890703e+00 -3.299674840744069915e+00
3.137570127784940599e+00 -3.269838765856429852e+00
3.218020643881990495e+00 -3.251736835478368448e+00
3.298471159979039946e+00 -3.226982270399921582e+00
3.378921676076090286e+00 -3.212753143647783638e+00
3.459372192173139737e+00 -3.231123941993108595e+00
3.539822708270189189e+00 -3.265482564568104262e+00
3.620273224367239528e+00 -3.302708037127658258e+00
3.700723740464288980e+00 -3.282934427792549403e+00
3.781174256561339320e+00 -3.234495822102868789e+00
3.861624772658388771e+00 -3.235316900977372789e+00
3.942075288755438223e+00 -3.242219444401102546e+00
4.022525804852488562e+00 -3.265015352183567643e+00
4.102976320949538014e+00 -3.297684470314160787e+00
4.183426837046588354e+00 -3.300457297163588155e+00
4.263877353143637805e+00 -3.279311460916994658e+00
4.344327869240687257e+00 -3.256471974660673840e+00
4.424778385337737596e+00 -3.265814019885827424e+00
4.505228901434787048e+00 -3.279708242481460090e+00
4.585679417531836499e+00 -3.287897335860385795e+00
4.666129933628886839e+00 -3.275554328635665868e+00
4.746580449725936290e+00 -3.263586631144532735e+00
4.827030965822985742e+00 -3.284406727167175966e+00
4.907481481920036082e+00 -3.300342966867882311e+00
4.987931998017085533e+00 -3.299588197848123627e+00
5.068382514114135873e+00 -3.314349392509663872e+00
5.148833030211185324e+00 -3.328294763405493129e+00
5.229283546308234776e+00 -3.335188730731837303e+00
5.309734062405285115e+00 -3.306266562352578653e+00
5.390184578502334567e+00 -3.251790469365563485e+00
5.470635094599384018e+00 -3.231629185201359444e+00
5.551085610696433470e+00 -3.260319961845191905e+00
5.631536126793483810e+00 -3.297446203800494136e+00
5.711986642890533261e+00 -3.322541201496245655e+00
5.792437158987582713e+00 -3.331312264135424694e+00
5.872887675084633052e+00 -3.328163433239202718e+00
5.953338191181682504e+00 -3.313235886028333077e+00
6.033788707278731955e+00 -3.277591243309397218e+00
6.114239223375781407e+00 -3.280997108753027636e+00
6.194689739472831747e+00 -3.282499294451055150e+00
6.275140255569881198e+00 -3.256538772065489251e+00
6.355590771666931538e+00 -3.245165348233881808e+00
6.436041287763980989e+00 -3.263985827894888558e+00
6.516491803861030441e+00 -3.291927405861678757e+00
6.596942319958079892e+00 -3.316278720065043206e+00
6.677392836055131120e+00 -3.327080531830808319e+00
6.757843352152180572e+00 -3.329517028779217735e+00
6.838293868249230023e+00 -3.333992643247872145e+00
6.918744384346279475e+00 -3.346849440420456290e+00
6.999194900443328926e+00 -3.349776479585554245e+00
7.079645416540378378e+00 -3.343762898779075954e+00
7.160095932637429605e+00 -3.327309118590612069e+00
7.240546448734479057e+00 -3.307116871953662329e+00
7.320996964831528508e+00 -3.296195836720046568e+00
7.401447480928577960e+00 -3.305380917069731694e+00
7.481897997025627411e+00 -3.291466466906450172e+00
7.562348513122678639e+00 -3.293977097965026690e+00
7.642799029219728091e+00 -3.317947648880264389e+00
7.723249545316777542e+00 -3.325834887697595832e+00
7.803700061413826994e+00 -3.313388575405138425e+00
7.884150577510876445e+00 -3.290174538603807264e+00
7.964601093607927673e+00 -3.298997385864972820e+00
8.045051609704977125e+00 -3.335138384968267200e+00
8.125502125802025688e+00 -3.343871404993815855e+00
8.205952641899076028e+00 -3.309077804812050161e+00
8.286403157996124591e+00 -3.306260924858863248e+00
8.366853674093176707e+00 -3.320454209308827398e+00
8.447304190190225270e+00 -3.321497345300152393e+00
8.527754706287275610e+00 -3.302901114622954548e+00
8.608205222384324173e+00 -3.307903010164491064e+00
8.688655738481374513e+00 -3.325296768810290349e+00
8.769106254578423076e+00 -3.344896638687998358e+00
8.849556770675475192e+00 -3.351005225378172803e+00
8.930007286772523756e+00 -3.370004178755648727e+00
9.010457802869574095e+00 -3.380821715068938804e+00
9.090908318966622659e+00 -3.373629312375783673e+00
9.171358835063672998e+00 -3.375264767753915596e+00
9.251809351160723338e+00 -3.377043274171117826e+00
9.332259867257773678e+00 -3.389054994941869570e+00
9.412710383354822241e+00 -3.396531658971603473e+00
9.493160899451872581e+00 -3.385332527919751477e+00
9.573611415548921144e+00 -3.383825576339810848e+00
9.654061931645971484e+00 -3.397154735557740057e+00
9.734512447743021823e+00 -3.427840111072073093e+00
9.814962963840072163e+00 -3.438651155058271680e+00
9.895413479937120727e+00 -3.419178449629055372e+00
9.975863996034171066e+00 -3.409444381644410882e+00
1.005631451213121963e+01 -3.413929414585678224e+00
1.013676502822827175e+01 -3.412744001392141069e+00
1.021721554432532031e+01 -3.421586075669517335e+00
1.029766606042237065e+01 -3.441767292149414015e+00
