0.000000000000000000e+00 -1.549019599857431873e-01
8.045051609704977069e-02 -2.122710741135059587e-01
1.609010321940995414e-01 -6.502387177451534050e-01
2.413515482911492982e-01 -2.156763575936115007e+00
3.218020643881990828e-01 -1.998401762230471279e+00
4.022525804852488118e-01 -1.837890239870184850e+00
4.827030965822985964e-01 -2.163419359853028023e+00
5.631536126793483810e-01 -2.849191274018824327e+00
6.436041287763981655e-01 -3.118736382405895569e+00
7.240546448734478391e-01 -3.123287312893562540e+00
8.045051609704976237e-01 -3.229178727742466393e+00
8.849556770675472972e-01 -3.391146551210375559e+00
9.654061931645971928e-01 -3.377416328608090268e+00
1.045856709261647088e+00 -3.324354135763639473e+00
1.126307225358696762e+00 -3.307968976828620900e+00
1.206757741455746435e+00 -3.284405895763916838e+00
1.287208257552796331e+00 -3.267751655475581440e+00
1.367658773649846005e+00 -3.236556790847080478e+00
1.448109289746895678e+00 -3.227892803398721533e+00
1.528559805843945352e+00 -3.212219721683500673e+00
1.609010321940995247e+00 -3.152106202178622141e+00
1.689460838038045143e+00 -3.079926138461320129e+00
1.769911354135094594e+00 -3.012532671517610616e+00
1.850361870232144490e+00 -2.943336293857306440e+00
1.930812386329194386e+00 -2.902462947137433247e+00
2.011262902426244281e+00 -2.858710649142912175e+00
2.091713418523294177e+00 -2.827824706613615735e+00
2.172163934620343628e+00 -2.847837389969462674e+00
2.252614450717393524e+00 -2.920942002289656170e+00
2.333064966814443419e+00 -3.003393715950500198e+00
2.413515482911492871e+00 -3.063933192789779714e+00
2.493965999008542767e+00 -3.103116079773364788e+00
2.574416515105592662e+00 -3.104639340290635818e+00
2.654867031202642558e+00 -3.119182301700227367e+00
2.735317547299692009e+00 -3.155895780810598072e+00
2.815768063396741905e+00 -3.229550848544240349e+00
2.896218579493791356e+00 -3.267776121988503757e+00
2.976669095590841252e+00 -3.275503519985708767e+00
3.057119611687890703e+00 -3.268372562317646945e+00
3.137570127784940599e+00 -3.276096593933222501e+00
3.218020643881990495e+00 -3.285797173070502009e+00
3.298471159979039946e+00 -3.274239127586342502e+00
3.378921676076090286e+00 -3.288466377317314393e+00
3.459372192173139737e+00 -3.291708229027501709e+00
3.539822708270189189e+00 -3.288359973098077482e+00
3.620273224367239528e+00 -3.294331186197889227e+00
3.700723740464288980e+00 -3.310930419739491093e+00
3.781174256561339320e+00 -3.296741724393994488e+00
3.861624772658388771e+00 -3.248207218594408641e+00
3.942075288755438223e+00 -3.204176801684675890e+00
4.022525804852488562e+00 -3.186525711330423949e+00
4.102976320949538014e+00 -3.229292841698697014e+00
4.183426837046588354e+00 -3.265979005294837645e+00
4.263877353143637805e+00 -3.264379232286209298e+00
4.344327869240687257e+00 -3.254601737563975750e+00
4.424778385337737596e+00 -3.286201530566522866e+00
4.505228901434787048e+00 -3.325778161976517655e+00
4.585679417531836499e+00 -3.314553632162152930e+00
4.666129933628886839e+00 -3.286701097505932090e+00
4.746580449725936290e+00 -3.309971738059140467e+00
4.827030965822985742e+00 -3.350747013531666152e+00
4.907481481920036082e+00 -3.354358836544966582e+00
4.987931998017085533e+00 -3.326958511592861267e+00
5.068382514114135873e+00 -3.316716435570784771e+00
5.148833030211185324e+00 -3.322415088853416076e+00
5.229283546308234776e+00 -3.320647647041247374e+00
5.309734062405285115e+00 -3.283983130307719378e+00
5.390184578502334567e+00 -3.280770466318605028e+00
5.470635094599384018e+00 -3.302092100361108340e+00
5.551085610696433470e+00 -3.316618738342476114e+00
5.631536126793483810e+00 -3.316788003995728040e+00
5.711986642890533261e+00 -3.307786735811057532e+00
5.792437158987582713e+00 -3.302153779659015242e+00
5.872887675084633052e+00 -3.277709920565579083e+00
5.953338191181682504e+00 -3.238719825625258508e+00
6.033788707278731955e+00 -3.228448556907494105e+00
6.114239223375781407e+00 -3.232516247136049348e+00
6.194689739472831747e+00 -3.221395371446606593e+00
6.275140255569881198e+00 -3.227643875578543486e+00
6.355590771666931538e+00 -3.252334436527187567e+00
6.436041287763980989e+00 -3.259783267292052145e+00
6.516491803861030441e+00 -3.268610111273057228e+00
6.596942319958079892e+00 -3.271658467074970655e+00
6.677392836055131120e+00 -3.293381425245464733e+00
6.757843352152180572e+00 -3.301705793435374847e+00
6.838293868249230023e+00 -3.304656926074830636e+00
6.918744384346279475e+00 -3.294957822857711882e+00
6.999194900443328926e+00 -3.308950098786779481e+00
7.079645416540378378e+00 -3.315127606656500525e+00
7.160095932637429605e+00 -3.314697309589399676e+00
7.240546448734479057e+00 -3.310467733198830143e+00
7.320996964831528508e+00 -3.324927071627234998e+00
7.401447480928577960e+00 -3.352459695709176568e+00
7.481897997025627411e+00 -3.387672804743991239e+00
7.562348513122678639e+00 -3.391325106899667041e+00
7.642799029219728091e+00 -3.397786890568830209e+00
7.723249545316777542e+00 -3.424388273467925181e+00
7.803700061413826994e+00 -3.431643100099742938e+00
7.884150577510876445e+00 -3.396985768516082693e+00
7.964601093607927673e+00 -3.370671849009108101e+00
8.045051609704977125e+00 -3.341380529614399908e+00
8.125502125802025688e+00 -3.302092913365624050e+00
8.205952641899076028e+00 -3.289423645662602258e+00
8.286403157996124591e+00 -3.296848732353433675e+00
8.366853674093176707e+00 -3.316691679957414873e+00
8.447304190190225270e+00 -3.323186237787278952e+00
8.527754706287275610e+00 -3.334511380445949857e+00
8.608205222384324173e+00 -3.383368020475256532e+00
8.688655738481374513e+00 -3.415602221917902970e+00
8.769106254578423076e+00 -3.428575162061782144e+00
8.849556770675475192e+00 -3.449344507644818147e+00
8.930007286772523756e+00 -3.446754712806683774e+00
9.010457802869574095e+00 -3.428734135116290549e+00
9.090908318966622659e+00 -3.420618808322446025e+00
9.171358835063672998e+00 -3.403745100551768488e+00
9.251809351160723338e+00 -3.382793819621039422e+00
9.332259867257773678e+00 -3.366791234125586563e+00
9.412710383354822241e+00 -3.357711233960239294e+00
9.493160899451872581e+00 -3.368873528043227594e+00
9.573611415548921144e+00 -3.409874534928871714e+00
9.654061931645971484e+00 -3.426525885716515063e+00
9.734512447743021823e+00 -3.428402378621819846e+00
9.814962963840072163e+00 -3.446751299540011804e+00
9.895413479937120727e+00 -3.452002447804137120e+00
9.975863996034171066e+00 -3.435165762839072823e+00
1.005631451213121963e+01 -3.440315047452838559e+00
1.013676502822827175e+01 -3.439462683727013914e+00
1.021721554432532031e+01 -3.424861039138592300e+00
1.029766606042237065e+01 -3.426706772254812794e+00
