0.000000000000000000e+00 -1.549019599857431873e-01
8.045051609704977069e-02 -2.100895932119424547e-01
1.609010321940995414e-01 -6.482443577560565995e-01
2.413515482911492982e-01 -1.846703201287134055e+00
3.218020643881990828e-01 -1.724043329002175273e+00
4.022525804852488118e-01 -1.580827524907955750e+00
4.827030965822985964e-01 -1.844635543621529594e+00
5.631536126793483810e-01 -2.580929392480574514e+00
6.436041287763981655e-01 -2.913478180431591902e+00
7.240546448734478391e-01 -2.992860057080843905e+00
8.045051609704976237e-01 -3.141081281671020964e+00
8.849556770675472972e-01 -3.308300789554872612e+00
9.654061931645971928e-01 -3.301975495062703825e+00
1.045856709261647088e+00 -3.256306677683532769e+00
1.126307225358696762e+00 -3.299554244726260244e+00
1.206757741455746435e+00 -3.327717153287047314e+00
1.287208257552796331e+00 -3.265396679920848921e+00
1.367658773649846005e+00 -3.172800508827864352e+00
1.448109289746895678e+00 -3.159924734366490018e+00
1.528559805843945352e+00 -3.223745793454054542e+00
1.609010321940995247e+00 -3.194548501032823395e+00
1.689460838038045143e+00 -3.078011928152511345e+00
1.769911354135094594e+00 -2.946156512043895948e+00
1.850361870232144490e+00 -2.880831231059997055e+00
1.930812386329194386e+00 -2.889792320049179519e+00
2.011262902426244281e+00 -2.931227997058774459e+00
2.091713418523294177e+00 -2.938073157370840960e+00
2.172163934620343628e+00 -2.929065280656647730e+00
2.252614450717393524e+00 -2.970564909840114787e+00
2.333064966814443419e+00 -3.064006817090787926e+00
2.413515482911492871e+00 -3.170453228111721256e+00
2.493965999008542767e+00 -3.207382280969122146e+00
2.574416515105592662e+00 -3.191381021093593784e+00
2.654867031202642558e+00 -3.221885528038209934e+00
2.735317547299692009e+00 -3.279379568306310055e+00
2.815768063396741905e+00 -3.291766347578634289e+00
2.896218579493791356e+00 -3.255882064188575509e+00
2.976669095590841252e+00 -3.251926737879536677e+00
3.057119611687890703e+00 -3.305458787179398339e+00
3.137570127784940599e+00 -3.363207089533029048e+00
3.218020643881990495e+00 -3.322429704550566854e+00
3.298471159979039946e+00 -3.277423525920947434e+00
3.378921676076090286e+00 -3.267649227995954586e+00
3.459372192173139737e+00 -3.238062467119330545e+00
3.539822708270189189e+00 -3.225849376001980406e+00
3.620273224367239528e+00 -3.233104984885685873e+00
3.700723740464288980e+00 -3.203733812184652585e+00
3.781174256561339320e+00 -3.173225557244941708e+00
3.861624772658388771e+00 -3.190973963076060294e+00
3.942075288755438223e+00 -3.277550471112980368e+00
4.022525804852488562e+00 -3.336573010398484751e+00
4.102976320949538014e+00 -3.330791338634851328e+00
4.183426837046588354e+00 -3.331082087514825929e+00
4.263877353143637805e+00 -3.351144386935795527e+00
4.344327869240687257e+00 -3.356994917783113763e+00
4.424778385337737596e+00 -3.351783978776701645e+00
4.505228901434787048e+00 -3.348632832235920898e+00
4.585679417531836499e+00 -3.309788177682843724e+00
4.666129933628886839e+00 -3.265950666569788829e+00
4.746580449725936290e+00 -3.284550706277645116e+00
4.827030965822985742e+00 -3.310558769309566607e+00
4.907481481920036082e+00 -3.313539823632777548e+00
4.987931998017085533e+00 -3.322667968217102974e+00
5.068382514114135873e+00 -3.309825188575389987e+00
5.148833030211185324e+00 -3.280146162775313456e+00
5.229283546308234776e+00 -3.264642086286609679e+00
5.309734062405285115e+00 -3.287078486090748708e+00
5.390184578502334567e+00 -3.311725756418159250e+00
5.470635094599384018e+00 -3.313725250848650106e+00
5.551085610696433470e+00 -3.307923970830138227e+00
5.631536126793483810e+00 -3.301197824874800180e+00
5.711986642890533261e+00 -3.281174294231089306e+00
5.792437158987582713e+00 -3.268570394738010698e+00
5.872887675084633052e+00 -3.276393413751912842e+00
5.953338191181682504e+00 -3.295595409660673880e+00
6.033788707278731955e+00 -3.298745613286072853e+00
6.114239223375781407e+00 -3.297949178590777741e+00
6.194689739472831747e+00 -3.304017955848447041e+00
6.275140255569881198e+00 -3.301806411993533530e+00
6.355590771666931538e+00 -3.296604934235948470e+00
6.436041287763980989e+00 -3.302756949788844487e+00
6.516491803861030441e+00 -3.294289998044398260e+00
6.596942319958079892e+00 -3.292477504230012286e+00
6.677392836055131120e+00 -3.277782815283976969e+00
6.757843352152180572e+00 -3.286453828615182982e+00
6.838293868249230023e+00 -3.322029833389544606e+00
6.918744384346279475e+00 -3.363482989823083358e+00
6.999194900443328926e+00 -3.367431116210701347e+00
7.079645416540378378e+00 -3.352957357557003526e+00
7.160095932637429605e+00 -3.331642579273768501e+00
7.240546448734479057e+00 -3.310403584998725446e+00
7.320996964831528508e+00 -3.282298398972814724e+00
7.401447480928577960e+00 -3.257392956851492993e+00
7.481897997025627411e+00 -3.274115450546230655e+00
7.562348513122678639e+00 -3.319290849583921954e+00
7.642799029219728091e+00 -3.332882248697372152e+00
7.723249545316777542e+00 -3.353336636459270270e+00
7.803700061413826994e+00 -3.368936844543321651e+00
7.884150577510876445e+00 -3.353847357914355953e+00
7.964601093607927673e+00 -3.336072283117617499e+00
8.045051609704977125e+00 -3.337118758365754889e+00
8.125502125802025688e+00 -3.330268767845525169e+00
8.205952641899076028e+00 -3.349421886625803868e+00
8.286403157996124591e+00 -3.388434550690202052e+00
8.366853674093176707e+00 -3.387604828731986650e+00
8.447304190190225270e+00 -3.352696987117113281e+00
8.527754706287275610e+00 -3.347463543566785660e+00
8.608205222384324173e+00 -3.370214445625758781e+00
8.688655738481374513e+00 -3.367728179743702199e+00
8.769106254578423076e+00 -3.370639380553099418e+00
8.849556770675475192e+00 -3.363078476426240027e+00
8.930007286772523756e+00 -3.356978329861174171e+00
9.010457802869574095e+00 -3.353556235280942044e+00
9.090908318966622659e+00 -3.357227196326466601e+00
9.171358835063672998e+00 -3.373268170823419787e+00
9.251809351160723338e+00 -3.404903298924492283e+00
9.332259867257773678e+00 -3.433152362639674937e+00
9.412710383354822241e+00 -3.443274137246648436e+00
9.493160899451872581e+00 -3.449651479476747440e+00
9.573611415548921144e+00 -3.457081848332080209e+00
9.654061931645971484e+00 -3.446093276965695562e+00
9.734512447743021823e+00 -3.426509191220882933e+00
9.814962963840072163e+00 -3.442787227290803997e+00
9.895413479937120727e+00 -3.469024198195362008e+00
9.975863996034171066e+00 -3.466546039545793434e+00
1.005631451213121963e+01 -3.450161854057292921e+00
1.013676502822827175e+01 -3.441941453117790761e+00
1.021721554432532031e+01 -3.435082490751924844e+00
1.029766606042237065e+01 -3.436106373454801410e+00
