0.000000000000000000e+00 -1.549019599857431873e-01
8.045051609704977069e-02 -2.050159718993580515e-01
1.609010321940995414e-01 -5.374047270639750185e-01
2.413515482911492982e-01 -1.505029503407605551e+00
3.218020643881990828e-01 -1.846172864857569040e+00
4.022525804852488118e-01 -1.793752376822987937e+00
4.827030965822985964e-01 -2.057753420584099491e+00
5.631536126793483810e-01 -2.600908206249748389e+00
6.436041287763981655e-01 -3.180527822977537777e+00
7.240546448734478391e-01 -3.221278100769259911e+00
8.045051609704976237e-01 -3.174383480610343256e+00
8.849556770675472972e-01 -3.241279397820398422e+00
9.654061931645971928e-01 -3.383487992882118878e+00
1.045856709261647088e+00 -3.455958624136503676e+00
1.126307225358696762e+00 -3.504825793477255313e+00
1.206757741455746435e+00 -3.503077564832469903e+00
1.287208257552796331e+00 -3.427850629036443220e+00
1.367658773649846005e+00 -3.372061941031583743e+00
1.448109289746895678e+00 -3.343255347383393694e+00
1.528559805843945352e+00 -3.335062070201709528e+00
1.609010321940995247e+00 -3.333972570362760734e+00
1.689460838038045143e+00 -3.232144199890663039e+00
1.769911354135094594e+00 -3.085216130748521746e+00
1.850361870232144490e+00 -2.975998087041500817e+00
1.930812386329194386e+00 -2.912675002939451474e+00
2.011262902426244281e+00 -2.848873250229776666e+00
2.091713418523294177e+00 -2.830598660190777327e+00
2.172163934620343628e+00 -2.858788554431836992e+00
2.252614450717393524e+00 -2.922926301517187131e+00
2.333064966814443419e+00 -2.989375517499845536e+00
2.413515482911492871e+00 -3.060022804854762413e+00
2.493965999008542767e+00 -3.122389812001618914e+00
2.574416515105592662e+00 -3.184822682489327761e+00
2.654867031202642558e+00 -3.212356074251963456e+00
2.735317547299692009e+00 -3.230247045304132758e+00
2.815768063396741905e+00 -3.272404930440438342e+00
2.896218579493791356e+00 -3.319252537940602821e+00
2.976669095590841252e+00 -3.345022279359328721e+00
3.057119611687890703e+00 -3.301855170541015738e+00
3.137570127784940599e+00 -3.253721403473496920e+00
3.218020643881990495e+00 -3.228019437025113181e+00
3.298471159979039946e+00 -3.239065388367003528e+00
3.378921676076090286e+00 -3.283579707214488330e+00
3.459372192173139737e+00 -3.299922414988293529e+00
3.539822708270189189e+00 -3.278522602549776455e+00
3.620273224367239528e+00 -3.247956179404901000e+00
3.700723740464288980e+00 -3.241316702399269278e+00
3.781174256561339320e+00 -3.226068623066645102e+00
3.861624772658388771e+00 -3.220218597367157098e+00
3.942075288755438223e+00 -3.234501931501382543e+00
4.022525804852488562e+00 -3.266168334298529707e+00
4.102976320949538014e+00 -3.285972607840080606e+00
4.183426837046588354e+00 -3.291067323737264072e+00
4.263877353143637805e+00 -3.304365563497092317e+00
4.344327869240687257e+00 -3.342348045070042684e+00
4.424778385337737596e+00 -3.361655148735971821e+00
4.505228901434787048e+00 -3.311974339509698773e+00
4.585679417531836499e+00 -3.256601016398469994e+00
4.666129933628886839e+00 -3.231472125332965906e+00
4.746580449725936290e+00 -3.235465290777061576e+00
4.827030965822985742e+00 -3.257807867749010544e+00
4.907481481920036082e+00 -3.261641327516147548e+00
4.987931998017085533e+00 -3.253306573161694804e+00
5.068382514114135873e+00 -3.254767878158824068e+00
5.148833030211185324e+00 -3.283555539985917981e+00
5.229283546308234776e+00 -3.283227317775486931e+00
5.309734062405285115e+00 -3.282987654910690445e+00
5.390184578502334567e+00 -3.264676465172397180e+00
5.470635094599384018e+00 -3.262324671213770344e+00
5.551085610696433470e+00 -3.255942417624369867e+00
5.631536126793483810e+00 -3.244317886788844696e+00
5.711986642890533261e+00 -3.239214043875649374e+00
5.792437158987582713e+00 -3.243244455751934208e+00
5.872887675084633052e+00 -3.247589018462851307e+00
5.953338191181682504e+00 -3.269657254478591124e+00
6.033788707278731955e+00 -3.274954571775418710e+00
6.114239223375781407e+00 -3.259447144631228532e+00
6.194689739472831747e+00 -3.242072319377911516e+00
6.275140255569881198e+00 -3.255606132298608735e+00
6.355590771666931538e+00 -3.260225888328182275e+00
6.436041287763980989e+00 -3.247641635050435571e+00
6.516491803861030441e+00 -3.223885885304278887e+00
6.596942319958079892e+00 -3.238904085807631894e+00
6.677392836055131120e+00 -3.260283395358769098e+00
6.757843352152180572e+00 -3.272087375412682242e+00
6.838293868249230023e+00 -3.258886159684101891e+00
6.918744384346279475e+00 -3.247436448382585272e+00
6.999194900443328926e+00 -3.246060423626869085e+00
7.079645416540378378e+00 -3.270961171211573149e+00
7.160095932637429605e+00 -3.280576129823745912e+00
7.240546448734479057e+00 -3.274492604813067143e+00
7.320996964831528508e+00 -3.288164772225917520e+00
7.401447480928577960e+00 -3.321685990585125481e+00
7.481897997025627411e+00 -3.350405301588540219e+00
7.562348513122678639e+00 -3.363499569170553816e+00
7.642799029219728091e+00 -3.377092597677798569e+00
7.723249545316777542e+00 -3.359322767575809277e+00
7.803700061413826994e+00 -3.323454586348529194e+00
7.884150577510876445e+00 -3.312936999936507032e+00
7.964601093607927673e+00 -3.352548994953230110e+00
8.045051609704977125e+00 -3.363068507455491574e+00
8.125502125802025688e+00 -3.358139447627959573e+00
8.205952641899076028e+00 -3.368014996345805923e+00
8.286403157996124591e+00 -3.404052310826233274e+00
8.366853674093176707e+00 -3.435826056647783844e+00
8.447304190190225270e+00 -3.429990441982857963e+00
8.527754706287275610e+00 -3.404114611850459937e+00
8.608205222384324173e+00 -3.372113872270140256e+00
8.688655738481374513e+00 -3.323882607624895957e+00
8.769106254578423076e+00 -3.291424175214039849e+00
8.849556770675475192e+00 -3.294936425876837660e+00
8.930007286772523756e+00 -3.316151254187466257e+00
9.010457802869574095e+00 -3.332359276206313670e+00
9.090908318966622659e+00 -3.339540061213575939e+00
9.171358835063672998e+00 -3.342268580800687783e+00
9.251809351160723338e+00 -3.341004018624590621e+00
9.332259867257773678e+00 -3.349251705311930838e+00
9.412710383354822241e+00 -3.362405581283423039e+00
9.493160899451872581e+00 -3.393150282199409062e+00
9.573611415548921144e+00 -3.402432277025620788e+00
9.654061931645971484e+00 -3.384971577870942383e+00
9.734512447743021823e+00 -3.384011892317815740e+00
9.814962963840072163e+00 -3.402369552278573295e+00
9.895413479937120727e+00 -3.395616576427591848e+00
9.975863996034171066e+00 -3.383318295012414989e+00
1.005631451213121963e+01 -3.379117908609976517e+00
1.013676502822827175e+01 -3.383742417600040131e+00
1.021721554432532031e+01 -3.411894996373314726e+00
1.029766606042237065e+01 -3.439928643258999941e+00
