0.000000000000000000e+00 -1.549019599857431873e-01
8.045051609704977069e-02 -1.933497608288736735e-01
1.609010321940995414e-01 -5.502484342526062777e-01
2.413515482911492982e-01 -1.525408434701369664e+00
3.218020643881990828e-01 -1.961919542472113642e+00
4.022525804852488118e-01 -1.918711205200675396e+00
4.827030965822985964e-01 -2.103212779793191434e+00
5.631536126793483810e-01 -2.382358518595777408e+00
6.436041287763981655e-01 -2.709891681776030126e+00
7.240546448734478391e-01 -3.039344012515028393e+00
8.045051609704976237e-01 -3.225828472731234076e+00
8.849556770675472972e-01 -3.305798687093070232e+00
9.654061931645971928e-01 -3.311943618111867771e+00
1.045856709261647088e+00 -3.288818963174751531e+00
1.126307225358696762e+00 -3.256393283221086676e+00
1.206757741455746435e+00 -3.290859705740867724e+00
1.287208257552796331e+00 -3.250099602807658972e+00
1.367658773649846005e+00 -3.182284704142777976e+00
1.448109289746895678e+00 -3.134401031744154853e+00
1.528559805843945352e+00 -3.091989544302807147e+00
1.609010321940995247e+00 -3.079272220765979284e+00
1.689460838038045143e+00 -3.025133183274523407e+00
1.769911354135094594e+00 -2.952683895962091576e+00
1.850361870232144490e+00 -2.905346189838396320e+00
1.930812386329194386e+00 -2.878055570140971131e+00
2.011262902426244281e+00 -2.830957639373836265e+00
2.091713418523294177e+00 -2.763903411797495657e+00
2.172163934620343628e+00 -2.736858501984280156e+00
2.252614450717393524e+00 -2.729794234994702418e+00
2.333064966814443419e+00 -2.736321634383350521e+00
2.413515482911492871e+00 -2.819359417740893381e+00
2.493965999008542767e+00 -2.923769700990230369e+00
2.574416515105592662e+00 -2.997680073470659234e+00
2.654867031202642558e+00 -3.071751266912853051e+00
2.735317547299692009e+00 -3.168724681959159906e+00
2.815768063396741905e+00 -3.224451565681934362e+00
2.896218579493791356e+00 -3.178154492593082026e+00
2.976669095590841252e+00 -3.109487280414351851e+00
3.057119611687890703e+00 -3.107188822325604782e+00
3.137570127784940599e+00 -3.151169657624147025e+00
3.218020643881990495e+00 -3.150785130254913469e+00
3.298471159979039946e+00 -3.130975097868277324e+00
3.378921676076090286e+00 -3.130341857250183324e+00
3.459372192173139737e+00 -3.138933507141237644e+00
3.539822708270189189e+00 -3.126427582532043115e+00
3.620273224367239528e+00 -3.091468212808543559e+00
3.700723740464288980e+00 -3.063288840730391538e+00
3.781174256561339320e+00 -3.066006457141341013e+00
3.861624772658388771e+00 -3.071406344355036566e+00
3.942075288755438223e+00 -3.092667764582523571e+00
4.022525804852488562e+00 -3.120947050426857050e+00
4.102976320949538014e+00 -3.135431786843490887e+00
4.183426837046588354e+00 -3.118963941608518198e+00
4.263877353143637805e+00 -3.144978873146117682e+00
4.344327869240687257e+00 -3.183512096790486190e+00
4.424778385337737596e+00 -3.207550819868575598e+00
4.505228901434787048e+00 -3.179822123913088383e+00
4.585679417531836499e+00 -3.142279265267355903e+00
4.666129933628886839e+00 -3.102567999747921412e+00
4.746580449725936290e+00 -3.099457792984051441e+00
4.827030965822985742e+00 -3.149514012107839100e+00
4.907481481920036082e+00 -3.181134961157748631e+00
4.987931998017085533e+00 -3.156356520263940091e+00
5.068382514114135873e+00 -3.153925611016819008e+00
5.148833030211185324e+00 -3.184262172545956560e+00
5.229283546308234776e+00 -3.201304172757700073e+00
5.309734062405285115e+00 -3.182634907565623728e+00
5.390184578502334567e+00 -3.165032695170873822e+00
5.470635094599384018e+00 -3.167723134738187341e+00
5.551085610696433470e+00 -3.206943925551302588e+00
5.631536126793483810e+00 -3.221125179873931987e+00
5.711986642890533261e+00 -3.195016251915018035e+00
5.792437158987582713e+00 -3.192872146194873917e+00
5.872887675084633052e+00 -3.163644503521858109e+00
5.953338191181682504e+00 -3.121346543540674201e+00
6.033788707278731955e+00 -3.108828137034765238e+00
6.114239223375781407e+00 -3.119285866720035383e+00
6.194689739472831747e+00 -3.162306071565715193e+00
6.275140255569881198e+00 -3.202881972165163127e+00
6.355590771666931538e+00 -3.213565918569415203e+00
6.436041287763980989e+00 -3.191294424803833518e+00
6.516491803861030441e+00 -3.185301722474102259e+00
6.596942319958079892e+00 -3.171479177691090001e+00
6.677392836055131120e+00 -3.152743226036145430e+00
6.757843352152180572e+00 -3.130971166405975392e+00
6.838293868249230023e+00 -3.134662622342864857e+00
6.918744384346279475e+00 -3.145313945260972410e+00
6.999194900443328926e+00 -3.172020025333919691e+00
7.079645416540378378e+00 -3.190977021852997364e+00
7.160095932637429605e+00 -3.196326156713821032e+00
7.240546448734479057e+00 -3.178670212414691054e+00
7.320996964831528508e+00 -3.155231570717948131e+00
7.401447480928577960e+00 -3.144036268623581876e+00
7.481897997025627411e+00 -3.125803903363002512e+00
7.562348513122678639e+00 -3.123472146670677407e+00
7.642799029219728091e+00 -3.138022285258082800e+00
7.723249545316777542e+00 -3.170523750861109935e+00
7.803700061413826994e+00 -3.207676280432894433e+00
7.884150577510876445e+00 -3.224155157623964207e+00
7.964601093607927673e+00 -3.246803676132401062e+00
8.045051609704977125e+00 -3.254155520303648519e+00
8.125502125802025688e+00 -3.239121389523275329e+00
8.205952641899076028e+00 -3.226130149370262323e+00
8.286403157996124591e+00 -3.234458916065082068e+00
8.366853674093176707e+00 -3.232477791758547880e+00
8.447304190190225270e+00 -3.191274980381521686e+00
8.527754706287275610e+00 -3.153153489964521494e+00
8.608205222384324173e+00 -3.160379476966886259e+00
8.688655738481374513e+00 -3.212655105935321664e+00
8.769106254578423076e+00 -3.270616738414932723e+00
8.849556770675475192e+00 -3.278760573472045969e+00
8.930007286772523756e+00 -3.264211102578874257e+00
9.010457802869574095e+00 -3.240342747277388913e+00
9.090908318966622659e+00 -3.232920595568276045e+00
9.171358835063672998e+00 -3.228976123888461114e+00
9.251809351160723338e+00 -3.231281439876487749e+00
9.332259867257773678e+00 -3.239943821541801050e+00
9.412710383354822241e+00 -3.257355563513133045e+00
9.493160899451872581e+00 -3.257846507091579635e+00
9.573611415548921144e+00 -3.249470082872806920e+00
9.654061931645971484e+00 -3.252598674866041151e+00
9.734512447743021823e+00 -3.260868029115762123e+00
9.814962963840072163e+00 -3.241166367919158020e+00
9.895413479937120727e+00 -3.219792692682609037e+00
9.975863996034171066e+00 -3.229676689477273932e+00
1.005631451213121963e+01 -3.252095474310831236e+00
1.013676502822827175e+01 -3.263002606467967581e+00
1.021721554432532031e+01 -3.268710827925540574e+00
1.029766606042237065e+01 -3.257924395582714627e+00
