0.000000000000000000e+00 -1.549019599857431873e-01
8.045051609704977069e-02 -2.043615231575499624e-01
1.609010321940995414e-01 -5.332698314325727829e-01
2.413515482911492982e-01 -1.403984498540496118e+00
3.218020643881990828e-01 -1.701376003296299455e+00
4.022525804852488118e-01 -1.641679022122140230e+00
4.827030965822985964e-01 -1.853361906299100692e+00
5.631536126793483810e-01 -2.312169123009424343e+00
6.436041287763981655e-01 -2.769961825322765137e+00
7.240546448734478391e-01 -2.980959321977735943e+00
8.045051609704976237e-01 -3.165808158466203004e+00
8.849556770675472972e-01 -3.259064532881008613e+00
9.654061931645971928e-01 -3.332275006149729268e+00
1.045856709261647088e+00 -3.415658570676971539e+00
1.126307225358696762e+00 -3.491560757737017351e+00
1.206757741455746435e+00 -3.446187183995636172e+00
1.287208257552796331e+00 -3.352525374988315487e+00
1.367658773649846005e+00 -3.280491384270305844e+00
1.448109289746895678e+00 -3.233221435155211765e+00
1.528559805843945352e+00 -3.193216304581413922e+00
1.609010321940995247e+00 -3.142838355658952310e+00
1.689460838038045143e+00 -3.068804049494148867e+00
1.769911354135094594e+00 -2.986837673771715718e+00
1.850361870232144490e+00 -2.905653020016465859e+00
1.930812386329194386e+00 -2.812160050404686640e+00
2.011262902426244281e+00 -2.735247284501014953e+00
2.091713418523294177e+00 -2.682769010871872695e+00
2.172163934620343628e+00 -2.673148507353098502e+00
2.252614450717393524e+00 -2.712337651465033250e+00
2.333064966814443419e+00 -2.802971544451987373e+00
2.413515482911492871e+00 -2.849677514187627825e+00
2.493965999008542767e+00 -2.832748815607557979e+00
2.574416515105592662e+00 -2.848784008580575122e+00
2.654867031202642558e+00 -2.931295313858581331e+00
2.735317547299692009e+00 -3.031147370956292608e+00
2.815768063396741905e+00 -3.107960989526885598e+00
2.896218579493791356e+00 -3.136090450012731790e+00
2.976669095590841252e+00 -3.153649313200119320e+00
3.057119611687890703e+00 -3.158798535796480955e+00
3.137570127784940599e+00 -3.149681822049794633e+00
3.218020643881990495e+00 -3.090946516508909170e+00
3.298471159979039946e+00 -3.034924410907707149e+00
3.378921676076090286e+00 -3.004045892789683592e+00
3.459372192173139737e+00 -3.005829838554930689e+00
3.539822708270189189e+00 -3.030763507373871679e+00
3.620273224367239528e+00 -3.035335152817488780e+00
3.700723740464288980e+00 -3.053195017429477076e+00
3.781174256561339320e+00 -3.084574954323294094e+00
3.861624772658388771e+00 -3.113973125234429595e+00
3.942075288755438223e+00 -3.118778988975298816e+00
4.022525804852488562e+00 -3.139616781053125916e+00
4.102976320949538014e+00 -3.188688382273332511e+00
4.183426837046588354e+00 -3.233609131714697771e+00
4.263877353143637805e+00 -3.233702067737172836e+00
4.344327869240687257e+00 -3.209439180540186065e+00
4.424778385337737596e+00 -3.208847721967959643e+00
4.505228901434787048e+00 -3.221099515782282374e+00
4.585679417531836499e+00 -3.220993587808041791e+00
4.666129933628886839e+00 -3.192509112275936811e+00
4.746580449725936290e+00 -3.143945842097370047e+00
4.827030965822985742e+00 -3.125650198382481815e+00
4.907481481920036082e+00 -3.143402864364547078e+00
4.987931998017085533e+00 -3.160015535358301708e+00
5.068382514114135873e+00 -3.146628247937154121e+00
5.148833030211185324e+00 -3.143560624434697193e+00
5.229283546308234776e+00 -3.131590355136457227e+00
5.309734062405285115e+00 -3.111643861303968972e+00
5.390184578502334567e+00 -3.125855839805062875e+00
5.470635094599384018e+00 -3.162095170879838602e+00
5.551085610696433470e+00 -3.148935371163318120e+00
5.631536126793483810e+00 -3.108001940009990527e+00
5.711986642890533261e+00 -3.103011327468561120e+00
5.792437158987582713e+00 -3.122866065110915468e+00
5.872887675084633052e+00 -3.176911862091229111e+00
5.953338191181682504e+00 -3.209397101157186682e+00
6.033788707278731955e+00 -3.200427850943152741e+00
6.114239223375781407e+00 -3.170370509342138821e+00
6.194689739472831747e+00 -3.129367113673924283e+00
6.275140255569881198e+00 -3.118286207481586025e+00
6.355590771666931538e+00 -3.142683431156823026e+00
6.436041287763980989e+00 -3.167192135757520788e+00
6.516491803861030441e+00 -3.185787775168335667e+00
6.596942319958079892e+00 -3.184579340160267780e+00
6.677392836055131120e+00 -3.160948937634914468e+00
6.757843352152180572e+00 -3.153326331788068426e+00
6.838293868249230023e+00 -3.164872143211598043e+00
6.918744384346279475e+00 -3.180673680085986721e+00
6.999194900443328926e+00 -3.165865168080167713e+00
7.079645416540378378e+00 -3.136749326611560473e+00
7.160095932637429605e+00 -3.131887034470166586e+00
7.240546448734479057e+00 -3.155252232869811824e+00
7.320996964831528508e+00 -3.197251181431302047e+00
7.401447480928577960e+00 -3.216549877873883911e+00
7.481897997025627411e+00 -3.226653246747344106e+00
7.562348513122678639e+00 -3.221688661001469445e+00
7.642799029219728091e+00 -3.205819881601250199e+00
7.723249545316777542e+00 -3.180379081736388169e+00
7.803700061413826994e+00 -3.159901912362185872e+00
7.884150577510876445e+00 -3.159153395833445455e+00
7.964601093607927673e+00 -3.200500276520884757e+00
8.045051609704977125e+00 -3.218184693641316318e+00
8.125502125802025688e+00 -3.203049511519822978e+00
8.205952641899076028e+00 -3.196089076870399559e+00
8.286403157996124591e+00 -3.208439669760653423e+00
8.366853674093176707e+00 -3.210546741045448904e+00
8.447304190190225270e+00 -3.225729818083040268e+00
8.527754706287275610e+00 -3.234601247443290806e+00
8.608205222384324173e+00 -3.214774572981195178e+00
8.688655738481374513e+00 -3.205931162977893489e+00
8.769106254578423076e+00 -3.221630683970238884e+00
8.849556770675475192e+00 -3.220317745341109372e+00
8.930007286772523756e+00 -3.218844053603096445e+00
9.010457802869574095e+00 -3.242417282707107606e+00
9.090908318966622659e+00 -3.283748534158536625e+00
9.171358835063672998e+00 -3.302671712012724026e+00
9.251809351160723338e+00 -3.312978980631765324e+00
9.332259867257773678e+00 -3.311663661048662277e+00
9.412710383354822241e+00 -3.295218421876735970e+00
9.493160899451872581e+00 -3.300100213206467181e+00
9.573611415548921144e+00 -3.293910044056711506e+00
9.654061931645971484e+00 -3.267610753445441496e+00
9.734512447743021823e+00 -3.256070321935651712e+00
9.814962963840072163e+00 -3.241272077145072483e+00
9.895413479937120727e+00 -3.226603107584685493e+00
9.975863996034171066e+00 -3.242587793402008423e+00
1.005631451213121963e+01 -3.275609341208014058e+00
1.013676502822827175e+01 -3.280899967593492228e+00
1.021721554432532031e+01 -3.267092114717633056e+00
1.029766606042237065e+01 -3.265610407383700675e+00
