0.000000000000000000e+00 -1.549019599857431873e-01
8.045051609704977069e-02 -2.100725987813907569e-01
1.609010321940995414e-01 -5.813153104478697708e-01
2.413515482911492982e-01 -1.509904904341825560e+00
3.218020643881990828e-01 -1.719911564645860480e+00
4.022525804852488118e-01 -1.834603015799920911e+00
4.827030965822985964e-01 -2.060036577830470783e+00
5.631536126793483810e-01 -2.369643000615272665e+00
6.436041287763981655e-01 -2.790358177736525391e+00
7.240546448734478391e-01 -3.037572823173706471e+00
8.045051609704976237e-01 -3.200645223978151765e+00
8.849556770675472972e-01 -3.366985485981273563e+00
9.654061931645971928e-01 -3.392072300888675507e+00
1.045856709261647088e+00 -3.333234405770534536e+00
1.126307225358696762e+00 -3.349259089520473687e+00
1.206757741455746435e+00 -3.392918304853995259e+00
1.287208257552796331e+00 -3.403205333228072060e+00
1.367658773649846005e+00 -3.328529462603381450e+00
1.448109289746895678e+00 -3.233243174522107299e+00
1.528559805843945352e+00 -3.137454178790049841e+00
1.609010321940995247e+00 -3.085517862539788325e+00
1.689460838038045143e+00 -3.066650940572588357e+00
1.769911354135094594e+00 -3.040928407566746206e+00
1.850361870232144490e+00 -3.002266281410539417e+00
1.930812386329194386e+00 -2.915577184687951018e+00
2.011262902426244281e+00 -2.808678455153019282e+00
2.091713418523294177e+00 -2.745276777169940896e+00
2.172163934620343628e+00 -2.778109639035813316e+00
2.252614450717393524e+00 -2.818641768200218944e+00
2.333064966814443419e+00 -2.851846399394090792e+00
2.413515482911492871e+00 -2.886199687519315660e+00
2.493965999008542767e+00 -2.881429511113009045e+00
2.574416515105592662e+00 -2.879565970717788304e+00
2.654867031202642558e+00 -2.913351949698645971e+00
2.735317547299692009e+00 -2.955885244937165091e+00
2.815768063396741905e+00 -2.984461486092932603e+00
2.896218579493791356e+00 -3.048032237280402512e+00
2.976669095590841252e+00 -3.110000227404622564e+00
3.057119611687890703e+00 -3.142919089237350416e+00
3.137570127784940599e+00 -3.179247814699077246e+00
3.218020643881990495e+00 -3.216188191084776715e+00
3.298471159979039946e+00 -3.239103569623515533e+00
3.378921676076090286e+00 -3.174444709614264504e+00
3.459372192173139737e+00 -3.101795158875115366e+00
3.539822708270189189e+00 -3.075806979792091944e+00
3.620273224367239528e+00 -3.106513432483674730e+00
3.700723740464288980e+00 -3.112822748097135328e+00
3.781174256561339320e+00 -3.085229983624462324e+00
3.861624772658388771e+00 -3.066715003906302695e+00
3.942075288755438223e+00 -3.053539819247002018e+00
4.022525804852488562e+00 -3.043708174177352621e+00
4.102976320949538014e+00 -3.056062281209166454e+00
4.183426837046588354e+00 -3.099505293220831348e+00
4.263877353143637805e+00 -3.136356705733828409e+00
4.344327869240687257e+00 -3.174053781409437391e+00
4.424778385337737596e+00 -3.202093793972021096e+00
4.505228901434787048e+00 -3.183234966473423189e+00
4.585679417531836499e+00 -3.141736714693726285e+00
4.666129933628886839e+00 -3.137993319455102625e+00
4.746580449725936290e+00 -3.177887590723947664e+00
4.827030965822985742e+00 -3.184368098151918680e+00
4.907481481920036082e+00 -3.163649957317516748e+00
4.987931998017085533e+00 -3.138625538182346908e+00
5.068382514114135873e+00 -3.152767685269086240e+00
5.148833030211185324e+00 -3.169691848594593075e+00
5.229283546308234776e+00 -3.186177519829610283e+00
5.309734062405285115e+00 -3.170754121373530410e+00
5.390184578502334567e+00 -3.171360557174759176e+00
5.470635094599384018e+00 -3.181197130065876344e+00
5.551085610696433470e+00 -3.188120579346081396e+00
5.631536126793483810e+00 -3.201428374609347483e+00
5.711986642890533261e+00 -3.254450425657203994e+00
5.792437158987582713e+00 -3.288887380456066101e+00
5.872887675084633052e+00 -3.265083607127319709e+00
5.953338191181682504e+00 -3.250484806579390096e+00
6.033788707278731955e+00 -3.215691391033904445e+00
6.114239223375781407e+00 -3.173847881714321417e+00
6.194689739472831747e+00 -3.121189867198939094e+00
6.275140255569881198e+00 -3.147674492036768523e+00
6.355590771666931538e+00 -3.177486031347827922e+00
6.436041287763980989e+00 -3.172089555976548958e+00
6.516491803861030441e+00 -3.155871777699022385e+00
6.596942319958079892e+00 -3.166655971351517884e+00
6.677392836055131120e+00 -3.183685283682449185e+00
6.757843352152180572e+00 -3.209159985242407753e+00
6.838293868249230023e+00 -3.212876120984835104e+00
6.918744384346279475e+00 -3.212210186242129950e+00
6.999194900443328926e+00 -3.209679176503294151e+00
7.079645416540378378e+00 -3.209462973082180870e+00
7.160095932637429605e+00 -3.218039525729627925e+00
7.240546448734479057e+00 -3.234818189131395183e+00
7.320996964831528508e+00 -3.239252759021453265e+00
7.401447480928577960e+00 -3.246482045246235959e+00
7.481897997025627411e+00 -3.240356764837261760e+00
7.562348513122678639e+00 -3.233752579393900373e+00
7.642799029219728091e+00 -3.211278272363341291e+00
7.723249545316777542e+00 -3.215291210909835939e+00
7.803700061413826994e+00 -3.239017433803263568e+00
7.884150577510876445e+00 -3.244512459986691244e+00
7.964601093607927673e+00 -3.246682775573840551e+00
8.045051609704977125e+00 -3.244698300811185820e+00
8.125502125802025688e+00 -3.226001278803237948e+00
8.205952641899076028e+00 -3.229609347844073497e+00
8.286403157996124591e+00 -3.262977494802524525e+00
8.366853674093176707e+00 -3.250079651923962309e+00
8.447304190190225270e+00 -3.199101020908851289e+00
8.527754706287275610e+00 -3.192934391900561941e+00
8.608205222384324173e+00 -3.229103992305823123e+00
8.688655738481374513e+00 -3.244993109742132731e+00
8.769106254578423076e+00 -3.250244744381670881e+00
8.849556770675475192e+00 -3.272919878991742415e+00
8.930007286772523756e+00 -3.294169386607287198e+00
9.010457802869574095e+00 -3.298973832738433476e+00
9.090908318966622659e+00 -3.280491476886487234e+00
9.171358835063672998e+00 -3.262674937542086706e+00
9.251809351160723338e+00 -3.277157178569116702e+00
9.332259867257773678e+00 -3.321102783709238171e+00
9.412710383354822241e+00 -3.321874084554850892e+00
9.493160899451872581e+00 -3.282011195779538149e+00
9.573611415548921144e+00 -3.271674652914914549e+00
9.654061931645971484e+00 -3.285121239927488723e+00
9.734512447743021823e+00 -3.275566727310000648e+00
9.814962963840072163e+00 -3.285927396986406901e+00
9.895413479937120727e+00 -3.308502150754988769e+00
9.975863996034171066e+00 -3.307429680065776534e+00
1.005631451213121963e+01 -3.307117652217349324e+00
1.013676502822827175e+01 -3.328879926103891496e+00
1.021721554432532031e+01 -3.323016069617442891e+00
1.029766606042237065e+01 -3.310089720829937576e+00
