0.000000000000000000e+00 -1.549019599857431873e-01
8.045051609704977069e-02 -2.047802388703790777e-01
1.609010321940995414e-01 -6.211407641346398112e-01
2.413515482911492982e-01 -1.631210952279319226e+00
3.218020643881990828e-01 -1.786546367847305028e+00
4.022525804852488118e-01 -1.819775637944148539e+00
4.827030965822985964e-01 -2.064212563479646434e+00
5.631536126793483810e-01 -2.543128855383034459e+00
6.436041287763981655e-01 -2.869613903969295610e+00
7.240546448734478391e-01 -2.936335957229276428e+00
8.045051609704976237e-01 -3.087856447910731550e+00
8.849556770675472972e-01 -3.337420061535111060e+00
9.654061931645971928e-01 -3.417581072026488531e+00
1.045856709261647088e+00 -3.462051456064034749e+00
1.126307225358696762e+00 -3.522296741169387069e+00
1.206757741455746435e+00 -3.487618237918760133e+00
1.287208257552796331e+00 -3.376990675044762913e+00
1.367658773649846005e+00 -3.264498575118435664e+00
1.448109289746895678e+00 -3.165098266391655812e+00
1.528559805843945352e+00 -3.074119999625849253e+00
1.609010321940995247e+00 -2.989430221318713166e+00
1.689460838038045143e+00 -2.868165796090906827e+00
1.769911354135094594e+00 -2.752769025129799818e+00
1.850361870232144490e+00 -2.664836713128352130e+00
1.930812386329194386e+00 -2.630108492420564659e+00
2.011262902426244281e+00 -2.615809115381638073e+00
2.091713418523294177e+00 -2.601435974066784951e+00
2.172163934620343628e+00 -2.658171503407714020e+00
2.252614450717393524e+00 -2.765796300667508589e+00
2.333064966814443419e+00 -2.800751938828878629e+00
2.413515482911492871e+00 -2.801287330618972948e+00
2.493965999008542767e+00 -2.858718625303057426e+00
2.574416515105592662e+00 -2.917170741295911363e+00
2.654867031202642558e+00 -2.949803884833809509e+00
2.735317547299692009e+00 -2.986644420417353452e+00
2.815768063396741905e+00 -3.057067990636149535e+00
2.896218579493791356e+00 -3.122139242128226133e+00
2.976669095590841252e+00 -3.140451398956627838e+00
3.057119611687890703e+00 -3.141562538433855245e+00
3.137570127784940599e+00 -3.155438366920898741e+00
3.218020643881990495e+00 -3.115206900132305279e+00
3.298471159979039946e+00 -3.035419428829003952e+00
3.378921676076090286e+00 -3.013710494768534698e+00
3.459372192173139737e+00 -3.068481235511376415e+00
3.539822708270189189e+00 -3.110240710932135055e+00
3.620273224367239528e+00 -3.100621012468057103e+00
3.700723740464288980e+00 -3.086769683127061459e+00
3.781174256561339320e+00 -3.064465121513840540e+00
3.861624772658388771e+00 -3.071458584124569402e+00
3.942075288755438223e+00 -3.091470965008431548e+00
4.022525804852488562e+00 -3.112427505191234456e+00
4.102976320949538014e+00 -3.151169533014995583e+00
4.183426837046588354e+00 -3.173767380093531099e+00
4.263877353143637805e+00 -3.155822110677505954e+00
4.344327869240687257e+00 -3.128434825099323024e+00
4.424778385337737596e+00 -3.150099931488061333e+00
4.505228901434787048e+00 -3.211422808370054227e+00
4.585679417531836499e+00 -3.207132128305751451e+00
4.666129933628886839e+00 -3.173234178507775116e+00
4.746580449725936290e+00 -3.169552317243179651e+00
4.827030965822985742e+00 -3.175973379032710486e+00
4.907481481920036082e+00 -3.138048883603660411e+00
4.987931998017085533e+00 -3.107161637857817738e+00
5.068382514114135873e+00 -3.116811663713638492e+00
5.148833030211185324e+00 -3.148388865956285532e+00
5.229283546308234776e+00 -3.160089508356929144e+00
5.309734062405285115e+00 -3.162859308695386673e+00
5.390184578502334567e+00 -3.190519011762971591e+00
5.470635094599384018e+00 -3.197050685194419817e+00
5.551085610696433470e+00 -3.177814127562470059e+00
5.631536126793483810e+00 -3.174782576427827685e+00
5.711986642890533261e+00 -3.185907471095954513e+00
5.792437158987582713e+00 -3.213680233509693895e+00
5.872887675084633052e+00 -3.214286687262223108e+00
5.953338191181682504e+00 -3.183483459726538900e+00
6.033788707278731955e+00 -3.148767191527776621e+00
6.114239223375781407e+00 -3.148386054081078189e+00
6.194689739472831747e+00 -3.185577897418795157e+00
6.275140255569881198e+00 -3.205714014897889985e+00
6.355590771666931538e+00 -3.186959421235251888e+00
6.436041287763980989e+00 -3.206350764807537335e+00
6.516491803861030441e+00 -3.222658563254253039e+00
6.596942319958079892e+00 -3.241758416902077666e+00
6.677392836055131120e+00 -3.235453624973837705e+00
6.757843352152180572e+00 -3.188695339390545502e+00
6.838293868249230023e+00 -3.166311220271442739e+00
6.918744384346279475e+00 -3.177973370665719166e+00
6.999194900443328926e+00 -3.212611408095630505e+00
7.079645416540378378e+00 -3.221402434321038122e+00
7.160095932637429605e+00 -3.209296217943723661e+00
7.240546448734479057e+00 -3.205377101416402752e+00
7.320996964831528508e+00 -3.221229593417941128e+00
7.401447480928577960e+00 -3.223058801137160145e+00
7.481897997025627411e+00 -3.222114602752676582e+00
7.562348513122678639e+00 -3.206105224703944767e+00
7.642799029219728091e+00 -3.196859775746998089e+00
7.723249545316777542e+00 -3.198379410908299469e+00
7.803700061413826994e+00 -3.205428201155092527e+00
7.884150577510876445e+00 -3.218053029616792848e+00
7.964601093607927673e+00 -3.215847773942625665e+00
8.045051609704977125e+00 -3.206691299015737684e+00
8.125502125802025688e+00 -3.193402297941491330e+00
8.205952641899076028e+00 -3.203113691334400936e+00
8.286403157996124591e+00 -3.209026009285354863e+00
8.366853674093176707e+00 -3.204280243069729028e+00
8.447304190190225270e+00 -3.217431688974763837e+00
8.527754706287275610e+00 -3.227754677606780032e+00
8.608205222384324173e+00 -3.214543438460811142e+00
8.688655738481374513e+00 -3.201573362807641043e+00
8.769106254578423076e+00 -3.208193636014926131e+00
8.849556770675475192e+00 -3.216673154019844993e+00
8.930007286772523756e+00 -3.236611431886935453e+00
9.010457802869574095e+00 -3.257281446295687388e+00
9.090908318966622659e+00 -3.268179511807383530e+00
9.171358835063672998e+00 -3.275219017343764527e+00
9.251809351160723338e+00 -3.259175214777328300e+00
9.332259867257773678e+00 -3.262348001710185130e+00
9.412710383354822241e+00 -3.272442731631703960e+00
9.493160899451872581e+00 -3.258018514122485332e+00
9.573611415548921144e+00 -3.257638708553481255e+00
9.654061931645971484e+00 -3.299722269234047101e+00
9.734512447743021823e+00 -3.340386651615349312e+00
9.814962963840072163e+00 -3.351797619943748252e+00
9.895413479937120727e+00 -3.340111342841325381e+00
9.975863996034171066e+00 -3.312360625380920798e+00
1.005631451213121963e+01 -3.297333393885248487e+00
1.013676502822827175e+01 -3.314018743659217670e+00
1.021721554432532031e+01 -3.303292329419019069e+00
1.029766606042237065e+01 -3.291361463770088758e+00
