0.000000000000000000e+00 -1.549019599857431873e-01
8.045051609704977069e-02 -1.985545516005882416e-01
1.609010321940995414e-01 -5.551110047923679680e-01
2.413515482911492982e-01 -1.463034622925474704e+00
3.218020643881990828e-01 -1.762571452504915204e+00
4.022525804852488118e-01 -1.754709796877045314e+00
4.827030965822985964e-01 -1.945871893902950900e+00
5.631536126793483810e-01 -2.278380059833072568e+00
6.436041287763981655e-01 -2.596269088890205357e+00
7.240546448734478391e-01 -2.807525653723576653e+00
8.045051609704976237e-01 -3.046509648555919103e+00
8.849556770675472972e-01 -3.263302908889190501e+00
9.654061931645971928e-01 -3.410023859364519350e+00
1.045856709261647088e+00 -3.418753919311673162e+00
1.126307225358696762e+00 -3.427663794991796742e+00
1.206757741455746435e+00 -3.406212269489366840e+00
1.287208257552796331e+00 -3.299211148195518195e+00
1.367658773649846005e+00 -3.158526799272517671e+00
1.448109289746895678e+00 -3.072968798194719575e+00
1.528559805843945352e+00 -2.974762194264206627e+00
1.609010321940995247e+00 -2.876957916962187056e+00
1.689460838038045143e+00 -2.853177345432155398e+00
1.769911354135094594e+00 -2.860366462246632935e+00
1.850361870232144490e+00 -2.809374824731027953e+00
1.930812386329194386e+00 -2.673187737242484818e+00
2.011262902426244281e+00 -2.581617660162649042e+00
2.091713418523294177e+00 -2.582843877524757303e+00
2.172163934620343628e+00 -2.694398654971348339e+00
2.252614450717393524e+00 -2.799503968779281315e+00
2.333064966814443419e+00 -2.876191590995659464e+00
2.413515482911492871e+00 -2.946216316698001325e+00
2.493965999008542767e+00 -2.983073608356884066e+00
2.574416515105592662e+00 -3.015732459159474743e+00
2.654867031202642558e+00 -3.022112661144859658e+00
2.735317547299692009e+00 -3.026967009804838238e+00
2.815768063396741905e+00 -3.040228225145842789e+00
2.896218579493791356e+00 -3.054450021640401580e+00
2.976669095590841252e+00 -3.059481591371143949e+00
3.057119611687890703e+00 -3.080369733573882218e+00
3.137570127784940599e+00 -3.124010187530666727e+00
3.218020643881990495e+00 -3.129471208776424707e+00
3.298471159979039946e+00 -3.086809846863687756e+00
3.378921676076090286e+00 -3.024217183498234984e+00
3.459372192173139737e+00 -3.013196649117336978e+00
3.539822708270189189e+00 -3.073212225663513930e+00
3.620273224367239528e+00 -3.152866394967991592e+00
3.700723740464288980e+00 -3.174672560610062089e+00
3.781174256561339320e+00 -3.132922444636997650e+00
3.861624772658388771e+00 -3.120956407758009199e+00
3.942075288755438223e+00 -3.128226761199041750e+00
4.022525804852488562e+00 -3.125802665999328767e+00
4.102976320949538014e+00 -3.119638754960196714e+00
4.183426837046588354e+00 -3.127576839614703896e+00
4.263877353143637805e+00 -3.165325483288786934e+00
4.344327869240687257e+00 -3.181203766763578411e+00
4.424778385337737596e+00 -3.165633097764820825e+00
4.505228901434787048e+00 -3.137864354293529612e+00
4.585679417531836499e+00 -3.107159558571907620e+00
4.666129933628886839e+00 -3.110584482295982500e+00
4.746580449725936290e+00 -3.139443585748688204e+00
4.827030965822985742e+00 -3.155591848899281349e+00
4.907481481920036082e+00 -3.146593449732487446e+00
4.987931998017085533e+00 -3.137412091402974834e+00
5.068382514114135873e+00 -3.166660442430423661e+00
5.148833030211185324e+00 -3.206433029803478441e+00
5.229283546308234776e+00 -3.208958872717347255e+00
5.309734062405285115e+00 -3.212185192248119048e+00
5.390184578502334567e+00 -3.202366863386951756e+00
5.470635094599384018e+00 -3.195531116500653912e+00
5.551085610696433470e+00 -3.206887202894715738e+00
5.631536126793483810e+00 -3.217785451370197336e+00
5.711986642890533261e+00 -3.199470383112294147e+00
5.792437158987582713e+00 -3.194804278556997001e+00
5.872887675084633052e+00 -3.219972050881974912e+00
5.953338191181682504e+00 -3.237907010205390623e+00
6.033788707278731955e+00 -3.230208317136921359e+00
6.114239223375781407e+00 -3.200415778079591433e+00
6.194689739472831747e+00 -3.187565321120436668e+00
6.275140255569881198e+00 -3.178616867046032635e+00
6.355590771666931538e+00 -3.179176269056177784e+00
6.436041287763980989e+00 -3.163596779761892908e+00
6.516491803861030441e+00 -3.163235152415455609e+00
6.596942319958079892e+00 -3.185575529724039345e+00
6.677392836055131120e+00 -3.165043253350822372e+00
6.757843352152180572e+00 -3.136461102167666493e+00
6.838293868249230023e+00 -3.140987232393945838e+00
6.918744384346279475e+00 -3.168301269299845568e+00
6.999194900443328926e+00 -3.188444154726112423e+00
7.079645416540378378e+00 -3.201239945089370931e+00
7.160095932637429605e+00 -3.209961860400845080e+00
7.240546448734479057e+00 -3.214668922238459903e+00
7.320996964831528508e+00 -3.209568420864199467e+00
7.401447480928577960e+00 -3.187921572203253895e+00
7.481897997025627411e+00 -3.180816782893586048e+00
7.562348513122678639e+00 -3.159980872613827430e+00
7.642799029219728091e+00 -3.155505796041886413e+00
7.723249545316777542e+00 -3.188598550684507149e+00
7.803700061413826994e+00 -3.225045786559061600e+00
7.884150577510876445e+00 -3.229441396981389545e+00
7.964601093607927673e+00 -3.227813588933601707e+00
8.045051609704977125e+00 -3.214112491498820390e+00
8.125502125802025688e+00 -3.210299234575174854e+00
8.205952641899076028e+00 -3.213152241182131608e+00
8.286403157996124591e+00 -3.230932169758544248e+00
8.366853674093176707e+00 -3.239677494036678151e+00
8.447304190190225270e+00 -3.245399978489911241e+00
8.527754706287275610e+00 -3.267267751899225026e+00
8.608205222384324173e+00 -3.295271520855161285e+00
8.688655738481374513e+00 -3.305181175270028859e+00
8.769106254578423076e+00 -3.294650608503905342e+00
8.849556770675475192e+00 -3.262499102399099016e+00
8.930007286772523756e+00 -3.245483739601729756e+00
9.010457802869574095e+00 -3.239781596280969289e+00
9.090908318966622659e+00 -3.238278048297299261e+00
9.171358835063672998e+00 -3.219481254688282945e+00
9.251809351160723338e+00 -3.202690019190686410e+00
9.332259867257773678e+00 -3.201139794207304323e+00
9.412710383354822241e+00 -3.209615709441298481e+00
9.493160899451872581e+00 -3.224365257064693679e+00
9.573611415548921144e+00 -3.226596129488477516e+00
9.654061931645971484e+00 -3.243168503697462679e+00
9.734512447743021823e+00 -3.262232810037660968e+00
9.814962963840072163e+00 -3.288496902641507180e+00
9.895413479937120727e+00 -3.309634703037437120e+00
9.975863996034171066e+00 -3.308082407745460252e+00
1.005631451213121963e+01 -3.289233120608583416e+00
1.013676502822827175e+01 -3.268811093188476402e+00
1.021721554432532031e+01 -3.263697669256740319e+00
1.029766606042237065e+01 -3.271159304726079853e+00
