0.000000000000000000e+00 -1.549019599857431873e-01
8.045051609704977069e-02 -1.861223877324975351e-01
1.609010321940995414e-01 -4.963473695549903697e-01
2.413515482911492982e-01 -1.347073170016589883e+00
3.218020643881990828e-01 -1.932463141485756264e+00
4.022525804852488118e-01 -1.958453745572451554e+00
4.827030965822985964e-01 -1.990523345111913978e+00
5.631536126793483810e-01 -2.302822522618659828e+00
6.436041287763981655e-01 -2.502603831303760185e+00
7.240546448734478391e-01 -2.647387016387851233e+00
8.045051609704976237e-01 -2.821591786319173067e+00
8.849556770675472972e-01 -3.067858373817398565e+00
9.654061931645971928e-01 -3.251646433354446586e+00
1.045856709261647088e+00 -3.315286870031663558e+00
1.126307225358696762e+00 -3.337506184441694668e+00
1.206757741455746435e+00 -3.324696659323024051e+00
1.287208257552796331e+00 -3.312367108849565422e+00
1.367658773649846005e+00 -3.270477286052517751e+00
1.448109289746895678e+00 -3.198579253326362171e+00
1.528559805843945352e+00 -3.062077826345079412e+00
1.609010321940995247e+00 -2.929189333200472589e+00
1.689460838038045143e+00 -2.830826423268328451e+00
1.769911354135094594e+00 -2.805450393896054440e+00
1.850361870232144490e+00 -2.799298162704991544e+00
1.930812386329194386e+00 -2.741945346684006246e+00
2.011262902426244281e+00 -2.672403868392618342e+00
2.091713418523294177e+00 -2.643174281497918443e+00
2.172163934620343628e+00 -2.667448786094711366e+00
2.252614450717393524e+00 -2.720804947140085250e+00
2.333064966814443419e+00 -2.805517273188440353e+00
2.413515482911492871e+00 -2.830126694176299473e+00
2.493965999008542767e+00 -2.867238342806356144e+00
2.574416515105592662e+00 -2.931639572407505501e+00
2.654867031202642558e+00 -2.999788818549043334e+00
2.735317547299692009e+00 -3.052479573591277973e+00
2.815768063396741905e+00 -3.091013498301490525e+00
2.896218579493791356e+00 -3.093438200916445169e+00
2.976669095590841252e+00 -3.077236847026975752e+00
3.057119611687890703e+00 -3.053499856067218410e+00
3.137570127784940599e+00 -3.067351609559476167e+00
3.218020643881990495e+00 -3.104446417428866400e+00
3.298471159979039946e+00 -3.172155020016361959e+00
3.378921676076090286e+00 -3.186320143991673959e+00
3.459372192173139737e+00 -3.190378370363954552e+00
3.539822708270189189e+00 -3.172074915835207065e+00
3.620273224367239528e+00 -3.167523226806661540e+00
3.700723740464288980e+00 -3.181525468251714006e+00
3.781174256561339320e+00 -3.137378969635048698e+00
3.861624772658388771e+00 -3.062643355937852085e+00
3.942075288755438223e+00 -3.018803195408568119e+00
4.022525804852488562e+00 -3.013816889495030793e+00
4.102976320949538014e+00 -3.035351307468369786e+00
4.183426837046588354e+00 -3.084932487561644177e+00
4.263877353143637805e+00 -3.131489013255185583e+00
4.344327869240687257e+00 -3.157095282512208723e+00
4.424778385337737596e+00 -3.162367338217414225e+00
4.505228901434787048e+00 -3.179150927701671847e+00
4.585679417531836499e+00 -3.211931722848861082e+00
4.666129933628886839e+00 -3.241761925757907115e+00
4.746580449725936290e+00 -3.216775680895454848e+00
4.827030965822985742e+00 -3.195878186398334986e+00
4.907481481920036082e+00 -3.182057926166117046e+00
4.987931998017085533e+00 -3.174739164882009579e+00
5.068382514114135873e+00 -3.162419646575887366e+00
5.148833030211185324e+00 -3.149418184271725263e+00
5.229283546308234776e+00 -3.120213277154753495e+00
5.309734062405285115e+00 -3.125847065427739935e+00
5.390184578502334567e+00 -3.164851924310476683e+00
5.470635094599384018e+00 -3.191742060970229833e+00
5.551085610696433470e+00 -3.186516291181141547e+00
5.631536126793483810e+00 -3.189475121182826278e+00
5.711986642890533261e+00 -3.198409747615097221e+00
5.792437158987582713e+00 -3.186482185965307412e+00
5.872887675084633052e+00 -3.169674517336010577e+00
5.953338191181682504e+00 -3.168853425688112235e+00
6.033788707278731955e+00 -3.186701886264851069e+00
6.114239223375781407e+00 -3.218634632418866826e+00
6.194689739472831747e+00 -3.238763544532566652e+00
6.275140255569881198e+00 -3.223518653224382913e+00
6.355590771666931538e+00 -3.204644503227656482e+00
6.436041287763980989e+00 -3.195781428985163597e+00
6.516491803861030441e+00 -3.177350422497456250e+00
6.596942319958079892e+00 -3.156132335741377748e+00
6.677392836055131120e+00 -3.141172659675552037e+00
6.757843352152180572e+00 -3.108277147563637932e+00
6.838293868249230023e+00 -3.085229437564998012e+00
6.918744384346279475e+00 -3.104176120153061991e+00
6.999194900443328926e+00 -3.152624043041980517e+00
7.079645416540378378e+00 -3.163843090291382776e+00
7.160095932637429605e+00 -3.157160513072610364e+00
7.240546448734479057e+00 -3.162989467092690354e+00
7.320996964831528508e+00 -3.176117187646666729e+00
7.401447480928577960e+00 -3.188283800272436075e+00
7.481897997025627411e+00 -3.198483783131600422e+00
7.562348513122678639e+00 -3.217471546488881895e+00
7.642799029219728091e+00 -3.257779527622126192e+00
7.723249545316777542e+00 -3.267420342347901574e+00
7.803700061413826994e+00 -3.260392878777565784e+00
7.884150577510876445e+00 -3.246405936121322000e+00
7.964601093607927673e+00 -3.244079704465772096e+00
8.045051609704977125e+00 -3.244544258212152421e+00
8.125502125802025688e+00 -3.244541179891321292e+00
8.205952641899076028e+00 -3.224405800514959619e+00
8.286403157996124591e+00 -3.207305571466459782e+00
8.366853674093176707e+00 -3.194592848288362319e+00
8.447304190190225270e+00 -3.199871696828547663e+00
8.527754706287275610e+00 -3.202329725798839011e+00
8.608205222384324173e+00 -3.201181520867954600e+00
8.688655738481374513e+00 -3.217470090045072340e+00
8.769106254578423076e+00 -3.251677057471390686e+00
8.849556770675475192e+00 -3.257362649972205482e+00
8.930007286772523756e+00 -3.248278380083020611e+00
9.010457802869574095e+00 -3.249288740192577851e+00
9.090908318966622659e+00 -3.252892842956986108e+00
9.171358835063672998e+00 -3.264920625938239951e+00
9.251809351160723338e+00 -3.267963874518457157e+00
9.332259867257773678e+00 -3.263813512269112316e+00
9.412710383354822241e+00 -3.261851736195851892e+00
9.493160899451872581e+00 -3.263079378387673923e+00
9.573611415548921144e+00 -3.271130458399521324e+00
9.654061931645971484e+00 -3.261276503818409278e+00
9.734512447743021823e+00 -3.256291062429593097e+00
9.814962963840072163e+00 -3.268892957020937740e+00
9.895413479937120727e+00 -3.270677054063637179e+00
9.975863996034171066e+00 -3.252718676476443083e+00
1.005631451213121963e+01 -3.256710401990139392e+00
1.013676502822827175e+01 -3.270510485512874599e+00
1.021721554432532031e+01 -3.295448076776651636e+00
1.029766606042237065e+01 -3.319840945730037074e+00
