0.000000000000000000e+00 -1.549019599857431873e-01
8.045051609704977069e-02 -3.935273116556661233e-01
1.609010321940995414e-01 -1.223130511459867842e+00
2.413515482911492982e-01 -2.861265674427851291e+00
3.218020643881990828e-01 -3.092850605375748074e+00
4.022525804852488118e-01 -3.194859628518618155e+00
4.827030965822985964e-01 -3.787019778181156759e+00
5.631536126793483810e-01 -4.720293478529199227e+00
6.436041287763981655e-01 -5.056841841127619475e+00
7.240546448734478391e-01 -5.252765776690018207e+00
8.045051609704976237e-01 -5.658244708722987681e+00
8.849556770675472972e-01 -6.157057207364218243e+00
9.654061931645971928e-01 -6.620166916112872890e+00
1.045856709261647088e+00 -6.863120747201575611e+00
1.126307225358696762e+00 -6.810485183178045077e+00
1.206757741455746435e+00 -6.577685313262542799e+00
1.287208257552796331e+00 -6.309169791420366380e+00
1.367658773649846005e+00 -6.213556073482068953e+00
1.448109289746895678e+00 -6.300440689819157392e+00
1.528559805843945352e+00 -6.322437025072805916e+00
1.609010321940995247e+00 -6.111656039891911973e+00
1.689460838038045143e+00 -5.853370361628410734e+00
1.769911354135094594e+00 -5.686374802584785115e+00
1.850361870232144490e+00 -5.535674856134730426e+00
1.930812386329194386e+00 -5.445934969241961632e+00
2.011262902426244281e+00 -5.426215927075265455e+00
2.091713418523294177e+00 -5.328212594699974325e+00
2.172163934620343628e+00 -5.261628673109336241e+00
2.252614450717393524e+00 -5.337205477706374879e+00
2.333064966814443419e+00 -5.542042375819353772e+00
2.413515482911492871e+00 -5.768284645333561222e+00
2.493965999008542767e+00 -5.954782384567863573e+00
2.574416515105592662e+00 -6.049631615636312354e+00
2.654867031202642558e+00 -6.048248336957175120e+00
2.735317547299692009e+00 -6.072573524107908405e+00
2.815768063396741905e+00 -6.137611156629285247e+00
2.896218579493791356e+00 -6.174812300054578706e+00
2.976669095590841252e+00 -6.242007403519372666e+00
3.057119611687890703e+00 -6.277707054943511444e+00
3.137570127784940599e+00 -6.298972348341263405e+00
3.218020643881990495e+00 -6.263248505972530467e+00
3.298471159979039946e+00 -6.154842141491855045e+00
3.378921676076090286e+00 -6.072309129863799448e+00
3.459372192173139737e+00 -6.124336440477145871e+00
3.539822708270189189e+00 -6.155211516144115436e+00
3.620273224367239528e+00 -6.180767324547347563e+00
3.700723740464288980e+00 -6.222681821325568130e+00
3.781174256561339320e+00 -6.230452695287207909e+00
3.861624772658388771e+00 -6.169175719941923930e+00
3.942075288755438223e+00 -6.124276856284362580e+00
4.022525804852488562e+00 -6.115785967090344499e+00
4.102976320949538014e+00 -6.105827632998142462e+00
4.183426837046588354e+00 -6.080728091180823469e+00
4.263877353143637805e+00 -6.092239056568006461e+00
4.344327869240687257e+00 -6.164419461711697856e+00
4.424778385337737596e+00 -6.215787923911563873e+00
4.505228901434787048e+00 -6.249988061127660366e+00
4.585679417531836499e+00 -6.298777787673614625e+00
4.666129933628886839e+00 -6.362189594863376207e+00
4.746580449725936290e+00 -6.363114403886422465e+00
4.827030965822985742e+00 -6.333647364240035493e+00
4.907481481920036082e+00 -6.315639055611456776e+00
4.987931998017085533e+00 -6.311118395712544071e+00
5.068382514114135873e+00 -6.339381080728027307e+00
5.148833030211185324e+00 -6.408273945018862605e+00
5.229283546308234776e+00 -6.487279590515042216e+00
5.309734062405285115e+00 -6.492473190206834666e+00
5.390184578502334567e+00 -6.482149592245416869e+00
5.470635094599384018e+00 -6.460845220420976531e+00
5.551085610696433470e+00 -6.416447436813053962e+00
5.631536126793483810e+00 -6.327292314410982499e+00
5.711986642890533261e+00 -6.232383549674220369e+00
5.792437158987582713e+00 -6.231898588729780641e+00
5.872887675084633052e+00 -6.202411392077951113e+00
5.953338191181682504e+00 -6.193082090547521901e+00
6.033788707278731955e+00 -6.184415642340026054e+00
6.114239223375781407e+00 -6.164160840829413956e+00
6.194689739472831747e+00 -6.189875809433666554e+00
6.275140255569881198e+00 -6.233298233510465636e+00
6.355590771666931538e+00 -6.226694055022055529e+00
6.436041287763980989e+00 -6.251413189006724380e+00
6.516491803861030441e+00 -6.332361743508273300e+00
6.596942319958079892e+00 -6.349103610700666422e+00
6.677392836055131120e+00 -6.334584910270980807e+00
6.757843352152180572e+00 -6.333345341335242296e+00
6.838293868249230023e+00 -6.354961991697287260e+00
6.918744384346279475e+00 -6.340168561900142663e+00
6.999194900443328926e+00 -6.344917413751844926e+00
7.079645416540378378e+00 -6.364730036031313709e+00
7.160095932637429605e+00 -6.369273046117426951e+00
7.240546448734479057e+00 -6.328428473744571292e+00
7.320996964831528508e+00 -6.304529251370359688e+00
7.401447480928577960e+00 -6.312530655643507238e+00
7.481897997025627411e+00 -6.368563656083649605e+00
7.562348513122678639e+00 -6.426205858038730234e+00
7.642799029219728091e+00 -6.470979568023102146e+00
7.723249545316777542e+00 -6.478274965941279717e+00
7.803700061413826994e+00 -6.420320151201083902e+00
7.884150577510876445e+00 -6.344711709855273440e+00
7.964601093607927673e+00 -6.367604859670088047e+00
8.045051609704977125e+00 -6.425256190323792360e+00
8.125502125802025688e+00 -6.425852629059236598e+00
8.205952641899076028e+00 -6.386064345791409913e+00
8.286403157996124591e+00 -6.413705241201759222e+00
8.366853674093176707e+00 -6.437363575401289673e+00
8.447304190190225270e+00 -6.472814411966137271e+00
8.527754706287275610e+00 -6.462717987499217109e+00
8.608205222384324173e+00 -6.511570101364673846e+00
8.688655738481374513e+00 -6.564793568314733818e+00
8.769106254578423076e+00 -6.546373175581736703e+00
8.849556770675475192e+00 -6.470207170683917930e+00
8.930007286772523756e+00 -6.396191417545929347e+00
9.010457802869574095e+00 -6.361684927330454542e+00
9.090908318966622659e+00 -6.416762903724770872e+00
9.171358835063672998e+00 -6.523597447496964463e+00
9.251809351160723338e+00 -6.587542088648248750e+00
9.332259867257773678e+00 -6.552583013817710800e+00
9.412710383354822241e+00 -6.472956534166372400e+00
9.493160899451872581e+00 -6.449908458989090043e+00
9.573611415548921144e+00 -6.500521918622596651e+00
9.654061931645971484e+00 -6.544198833597970832e+00
9.734512447743021823e+00 -6.517060099075293600e+00
9.814962963840072163e+00 -6.533472600079875292e+00
9.895413479937120727e+00 -6.606420214893571341e+00
9.975863996034171066e+00 -6.642569097756839014e+00
1.005631451213121963e+01 -6.641218340343709947e+00
1.013676502822827175e+01 -6.591365000773819816e+00
1.021721554432532031e+01 -6.559947866418846196e+00
1.029766606042237065e+01 -6.559914749935416012e+00
