0.000000000000000000e+00 -1.549019599857431873e-01
8.045051609704977069e-02 -2.040900249886913320e-01
1.609010321940995414e-01 -6.186248919872383567e-01
2.413515482911492982e-01 -1.665455352348047979e+00
3.218020643881990828e-01 -1.900352734936357146e+00
4.022525804852488118e-01 -1.960426979117946278e+00
4.827030965822985964e-01 -2.193197173748063111e+00
5.631536126793483810e-01 -2.599612940772397351e+00
6.436041287763981655e-01 -2.921968194050743595e+00
7.240546448734478391e-01 -3.092570199358110727e+00
8.045051609704976237e-01 -3.241860458155130242e+00
8.849556770675472972e-01 -3.396586340012988980e+00
9.654061931645971928e-01 -3.489635017850309495e+00
1.045856709261647088e+00 -3.503047873297501891e+00
1.126307225358696762e+00 -3.400912319530970063e+00
1.206757741455746435e+00 -3.301711408413701143e+00
1.287208257552796331e+00 -3.263714706972725033e+00
1.367658773649846005e+00 -3.301124000056106844e+00
1.448109289746895678e+00 -3.317611373833455612e+00
1.528559805843945352e+00 -3.234842903112305379e+00
1.609010321940995247e+00 -3.147575342053329450e+00
1.689460838038045143e+00 -3.052401029788576192e+00
1.769911354135094594e+00 -2.976926860809271602e+00
1.850361870232144490e+00 -2.926354962116354042e+00
1.930812386329194386e+00 -2.872839251403117800e+00
2.011262902426244281e+00 -2.852007901419417291e+00
2.091713418523294177e+00 -2.871044598475114284e+00
2.172163934620343628e+00 -2.889274916312084773e+00
2.252614450717393524e+00 -2.935127174064437128e+00
2.333064966814443419e+00 -3.039694364000961713e+00
2.413515482911492871e+00 -3.151200984542279482e+00
2.493965999008542767e+00 -3.212789391727399746e+00
2.574416515105592662e+00 -3.208101183189407291e+00
2.654867031202642558e+00 -3.206724320613754564e+00
2.735317547299692009e+00 -3.273959237866296501e+00
2.815768063396741905e+00 -3.392443330287538306e+00
2.896218579493791356e+00 -3.450682969554582424e+00
2.976669095590841252e+00 -3.420436154737935830e+00
3.057119611687890703e+00 -3.342850140239190804e+00
3.137570127784940599e+00 -3.290916109375838783e+00
3.218020643881990495e+00 -3.303416916991514185e+00
3.298471159979039946e+00 -3.334690997920509048e+00
3.378921676076090286e+00 -3.339551733467057915e+00
3.459372192173139737e+00 -3.310653645598162775e+00
3.539822708270189189e+00 -3.292505624686218102e+00
3.620273224367239528e+00 -3.284310524385382291e+00
3.700723740464288980e+00 -3.286258215087608292e+00
3.781174256561339320e+00 -3.274579783234234487e+00
3.861624772658388771e+00 -3.220523688412592289e+00
3.942075288755438223e+00 -3.162455791266733929e+00
4.022525804852488562e+00 -3.152784947381339631e+00
4.102976320949538014e+00 -3.179817418242007143e+00
4.183426837046588354e+00 -3.232563200338010034e+00
4.263877353143637805e+00 -3.248534208038623028e+00
4.344327869240687257e+00 -3.267215794967641695e+00
4.424778385337737596e+00 -3.258310980998704309e+00
4.505228901434787048e+00 -3.224664369439488087e+00
4.585679417531836499e+00 -3.230420560408303832e+00
4.666129933628886839e+00 -3.241751880147227816e+00
4.746580449725936290e+00 -3.234175710820641481e+00
4.827030965822985742e+00 -3.253117641409442484e+00
4.907481481920036082e+00 -3.268507498039100234e+00
4.987931998017085533e+00 -3.271963180770142365e+00
5.068382514114135873e+00 -3.251409434266492759e+00
5.148833030211185324e+00 -3.241049790938035358e+00
5.229283546308234776e+00 -3.273815946481394068e+00
5.309734062405285115e+00 -3.292589448568814969e+00
5.390184578502334567e+00 -3.292058896647447330e+00
5.470635094599384018e+00 -3.309956170986918078e+00
5.551085610696433470e+00 -3.318498313974482805e+00
5.631536126793483810e+00 -3.309274633109723140e+00
5.711986642890533261e+00 -3.300693950044513159e+00
5.792437158987582713e+00 -3.294931110084003301e+00
5.872887675084633052e+00 -3.313440401857939310e+00
5.953338191181682504e+00 -3.322308962931057152e+00
6.033788707278731955e+00 -3.307090576150539807e+00
6.114239223375781407e+00 -3.304181300070003324e+00
6.194689739472831747e+00 -3.310890274874972672e+00
6.275140255569881198e+00 -3.310884141945472425e+00
6.355590771666931538e+00 -3.303555988248468189e+00
6.436041287763980989e+00 -3.286673480224354460e+00
6.516491803861030441e+00 -3.273067734357822278e+00
6.596942319958079892e+00 -3.265839762899830134e+00
6.677392836055131120e+00 -3.279277257680285551e+00
6.757843352152180572e+00 -3.290060719713447934e+00
6.838293868249230023e+00 -3.281383584685205967e+00
6.918744384346279475e+00 -3.265760622916331180e+00
6.999194900443328926e+00 -3.293007406717185059e+00
7.079645416540378378e+00 -3.331807124461079184e+00
7.160095932637429605e+00 -3.340897803046317449e+00
7.240546448734479057e+00 -3.304446075089977786e+00
7.320996964831528508e+00 -3.286302798306315331e+00
7.401447480928577960e+00 -3.309952085406746125e+00
7.481897997025627411e+00 -3.340863477959040484e+00
7.562348513122678639e+00 -3.357866312241181372e+00
7.642799029219728091e+00 -3.366833328241205958e+00
7.723249545316777542e+00 -3.362104633516964203e+00
7.803700061413826994e+00 -3.332324698365099813e+00
7.884150577510876445e+00 -3.313095107126835082e+00
7.964601093607927673e+00 -3.333259070589911666e+00
8.045051609704977125e+00 -3.369944995157800438e+00
8.125502125802025688e+00 -3.381943501807503250e+00
8.205952641899076028e+00 -3.359758532673248865e+00
8.286403157996124591e+00 -3.328937612953433156e+00
8.366853674093176707e+00 -3.316585678479715416e+00
8.447304190190225270e+00 -3.326180420223590950e+00
8.527754706287275610e+00 -3.319264697643102835e+00
8.608205222384324173e+00 -3.335209834397862672e+00
8.688655738481374513e+00 -3.365388446497805663e+00
8.769106254578423076e+00 -3.375307714304317308e+00
8.849556770675475192e+00 -3.366635806965331490e+00
8.930007286772523756e+00 -3.357127337622570984e+00
9.010457802869574095e+00 -3.367096478167693085e+00
9.090908318966622659e+00 -3.368104830457403942e+00
9.171358835063672998e+00 -3.372580732394407477e+00
9.251809351160723338e+00 -3.396294559876756658e+00
9.332259867257773678e+00 -3.419305191414748979e+00
9.412710383354822241e+00 -3.434098353837694795e+00
9.493160899451872581e+00 -3.437436055514997424e+00
9.573611415548921144e+00 -3.439223157210824056e+00
9.654061931645971484e+00 -3.423118839591345441e+00
9.734512447743021823e+00 -3.415155533179506708e+00
9.814962963840072163e+00 -3.421655154550606426e+00
9.895413479937120727e+00 -3.435414182282848117e+00
9.975863996034171066e+00 -3.449763501027237389e+00
1.005631451213121963e+01 -3.465845954483548486e+00
1.013676502822827175e+01 -3.455748463963398631e+00
1.021721554432532031e+01 -3.427940232887672245e+00
1.029766606042237065e+01 -3.426152230733686466e+00
