0.000000000000000000e+00 -1.549019599857431873e-01
8.045051609704977069e-02 -3.945888478239356623e-01
1.609010321940995414e-01 -1.265470327189778921e+00
2.413515482911492982e-01 -3.989217919251331068e+00
3.218020643881990828e-01 -4.367693474279052523e+00
4.022525804852488118e-01 -4.216954950778410094e+00
4.827030965822985964e-01 -4.818362641543576963e+00
5.631536126793483810e-01 -5.951622424374153120e+00
6.436041287763981655e-01 -6.521920168521089245e+00
7.240546448734478391e-01 -6.695710010997023787e+00
8.045051609704976237e-01 -6.813018559104824234e+00
8.849556770675472972e-01 -6.833603915063832801e+00
9.654061931645971928e-01 -6.765419143857013928e+00
1.045856709261647088e+00 -6.806215124392759996e+00
1.126307225358696762e+00 -6.934728854365589612e+00
1.206757741455746435e+00 -6.960945008391144384e+00
1.287208257552796331e+00 -6.978081569370738535e+00
1.367658773649846005e+00 -6.828267176386519033e+00
1.448109289746895678e+00 -6.693098083703109324e+00
1.528559805843945352e+00 -6.606885295982125150e+00
1.609010321940995247e+00 -6.485302863074196011e+00
1.689460838038045143e+00 -6.316980246149418221e+00
1.769911354135094594e+00 -6.140690678667549030e+00
1.850361870232144490e+00 -6.010319429599213059e+00
1.930812386329194386e+00 -5.843656490202699949e+00
2.011262902426244281e+00 -5.696893758684025144e+00
2.091713418523294177e+00 -5.615262132986678090e+00
2.172163934620343628e+00 -5.609487166525233270e+00
2.252614450717393524e+00 -5.857233609210483749e+00
2.333064966814443419e+00 -6.136797152432418301e+00
2.413515482911492871e+00 -6.186770973161202392e+00
2.493965999008542767e+00 -6.200273648081526368e+00
2.574416515105592662e+00 -6.307552982058555635e+00
2.654867031202642558e+00 -6.443412662507123301e+00
2.735317547299692009e+00 -6.464892580889104678e+00
2.815768063396741905e+00 -6.427438342732701315e+00
2.896218579493791356e+00 -6.489218250238345753e+00
2.976669095590841252e+00 -6.558855767576598161e+00
3.057119611687890703e+00 -6.636093996632053127e+00
3.137570127784940599e+00 -6.722204551496442804e+00
3.218020643881990495e+00 -6.621813475983515218e+00
3.298471159979039946e+00 -6.474327490109620165e+00
3.378921676076090286e+00 -6.355126101936167338e+00
3.459372192173139737e+00 -6.390938569562703897e+00
3.539822708270189189e+00 -6.415732437634402707e+00
3.620273224367239528e+00 -6.384797339796508098e+00
3.700723740464288980e+00 -6.288737378851926074e+00
3.781174256561339320e+00 -6.324161553131270708e+00
3.861624772658388771e+00 -6.455606998919907191e+00
3.942075288755438223e+00 -6.525377136996105776e+00
4.022525804852488562e+00 -6.455381654494734001e+00
4.102976320949538014e+00 -6.394465722159974774e+00
4.183426837046588354e+00 -6.471812959306104673e+00
4.263877353143637805e+00 -6.541677800161905587e+00
4.344327869240687257e+00 -6.565286600745778856e+00
4.424778385337737596e+00 -6.611393282627402890e+00
4.505228901434787048e+00 -6.624067793031779949e+00
4.585679417531836499e+00 -6.578192300056295849e+00
4.666129933628886839e+00 -6.493482753014196973e+00
4.746580449725936290e+00 -6.488753235378469597e+00
4.827030965822985742e+00 -6.511434308582201957e+00
4.907481481920036082e+00 -6.498398274345065673e+00
4.987931998017085533e+00 -6.458845338344228360e+00
5.068382514114135873e+00 -6.447482342132589750e+00
5.148833030211185324e+00 -6.448456267270954001e+00
5.229283546308234776e+00 -6.513834167413229181e+00
5.309734062405285115e+00 -6.566998914206322091e+00
5.390184578502334567e+00 -6.584252553096809457e+00
5.470635094599384018e+00 -6.565836180857818505e+00
5.551085610696433470e+00 -6.550232253278771566e+00
5.631536126793483810e+00 -6.543388765259767759e+00
5.711986642890533261e+00 -6.583924622956908834e+00
5.792437158987582713e+00 -6.592697321179124437e+00
5.872887675084633052e+00 -6.525602371057457773e+00
5.953338191181682504e+00 -6.449875638338419037e+00
6.033788707278731955e+00 -6.484967006519154253e+00
6.114239223375781407e+00 -6.532593384245844348e+00
6.194689739472831747e+00 -6.483359510726238284e+00
6.275140255569881198e+00 -6.475901514429030392e+00
6.355590771666931538e+00 -6.540991007138987179e+00
6.436041287763980989e+00 -6.537702792022114018e+00
6.516491803861030441e+00 -6.513782210946189366e+00
6.596942319958079892e+00 -6.497194628794590088e+00
6.677392836055131120e+00 -6.541683851730537569e+00
6.757843352152180572e+00 -6.621835937134095573e+00
6.838293868249230023e+00 -6.651460382696496865e+00
6.918744384346279475e+00 -6.584280449345996544e+00
6.999194900443328926e+00 -6.613574637640867060e+00
7.079645416540378378e+00 -6.609689516508513663e+00
7.160095932637429605e+00 -6.544965278151058108e+00
7.240546448734479057e+00 -6.541675181570646203e+00
7.320996964831528508e+00 -6.577608037422538523e+00
7.401447480928577960e+00 -6.621922988207998628e+00
7.481897997025627411e+00 -6.681535384233687758e+00
7.562348513122678639e+00 -6.733835136800479404e+00
7.642799029219728091e+00 -6.720096521430759751e+00
7.723249545316777542e+00 -6.671175034277368354e+00
7.803700061413826994e+00 -6.702904312424307953e+00
7.884150577510876445e+00 -6.713237168007967881e+00
7.964601093607927673e+00 -6.698505897015929911e+00
8.045051609704977125e+00 -6.680404865628776889e+00
8.125502125802025688e+00 -6.652135447681093439e+00
8.205952641899076028e+00 -6.637403693691020123e+00
8.286403157996124591e+00 -6.647938755241424857e+00
8.366853674093176707e+00 -6.662293474316023811e+00
8.447304190190225270e+00 -6.691093930689323344e+00
8.527754706287275610e+00 -6.724208495436284849e+00
8.608205222384324173e+00 -6.728861763816012420e+00
8.688655738481374513e+00 -6.714013497945203746e+00
8.769106254578423076e+00 -6.728966074644221251e+00
8.849556770675475192e+00 -6.749007193541348038e+00
8.930007286772523756e+00 -6.779185216629328714e+00
9.010457802869574095e+00 -6.817030422556083380e+00
9.090908318966622659e+00 -6.781122665923733805e+00
9.171358835063672998e+00 -6.748971809962837298e+00
9.251809351160723338e+00 -6.757743123863557244e+00
9.332259867257773678e+00 -6.768693996809298064e+00
9.412710383354822241e+00 -6.732575672073640050e+00
9.493160899451872581e+00 -6.739816540622596719e+00
9.573611415548921144e+00 -6.792513696615679386e+00
9.654061931645971484e+00 -6.814288608008983950e+00
9.734512447743021823e+00 -6.827631593337630811e+00
9.814962963840072163e+00 -6.825046281943403237e+00
9.895413479937120727e+00 -6.801539904721578544e+00
9.975863996034171066e+00 -6.825865435430931605e+00
1.005631451213121963e+01 -6.858738716554992898e+00
1.013676502822827175e+01 -6.888127454053869947e+00
1.021721554432532031e+01 -6.925038099230806488e+00
1.029766606042237065e+01 -6.899433158098881691e+00
