0.000000000000000000e+00 -1.549019599857431873e-01
8.045051609704977069e-02 -1.866706995978514028e-01
1.609010321940995414e-01 -5.028422581401026381e-01
2.413515482911492982e-01 -1.815776934614247384e+00
3.218020643881990828e-01 -2.700284470971087813e+00
4.022525804852488118e-01 -2.705122907347350392e+00
4.827030965822985964e-01 -2.708965019726757628e+00
5.631536126793483810e-01 -2.889765586707324641e+00
6.436041287763981655e-01 -3.058970629729933943e+00
7.240546448734478391e-01 -3.171756908083195992e+00
8.045051609704976237e-01 -3.334251453133812326e+00
8.849556770675472972e-01 -3.435789602677104426e+00
9.654061931645971928e-01 -3.413488995990654473e+00
1.045856709261647088e+00 -3.393722012482501604e+00
1.126307225358696762e+00 -3.464456144903653279e+00
1.206757741455746435e+00 -3.556446173988166759e+00
1.287208257552796331e+00 -3.526926395649129020e+00
1.367658773649846005e+00 -3.440050961364590876e+00
1.448109289746895678e+00 -3.353043116629888853e+00
1.528559805843945352e+00 -3.270714659409377667e+00
1.609010321940995247e+00 -3.123329081800029883e+00
1.689460838038045143e+00 -2.997743181544101354e+00
1.769911354135094594e+00 -2.905973033728626476e+00
1.850361870232144490e+00 -2.881710733192448970e+00
1.930812386329194386e+00 -2.874746853818553660e+00
2.011262902426244281e+00 -2.870280571760574606e+00
2.091713418523294177e+00 -2.872124371871905169e+00
2.172163934620343628e+00 -2.877063812735668691e+00
2.252614450717393524e+00 -2.885619723962112637e+00
2.333064966814443419e+00 -2.957838987440803979e+00
2.413515482911492871e+00 -3.073349191629431765e+00
2.493965999008542767e+00 -3.185370603808558077e+00
2.574416515105592662e+00 -3.215704877067011580e+00
2.654867031202642558e+00 -3.235953473952501547e+00
2.735317547299692009e+00 -3.255939925698131621e+00
2.815768063396741905e+00 -3.243209344542072436e+00
2.896218579493791356e+00 -3.221000083624435018e+00
2.976669095590841252e+00 -3.222557339920784525e+00
3.057119611687890703e+00 -3.231107681398560860e+00
3.137570127784940599e+00 -3.246949224485958574e+00
3.218020643881990495e+00 -3.236595435735603044e+00
3.298471159979039946e+00 -3.230399589792767756e+00
3.378921676076090286e+00 -3.231912653196037599e+00
3.459372192173139737e+00 -3.236365031140174597e+00
3.539822708270189189e+00 -3.223015965331796906e+00
3.620273224367239528e+00 -3.210993556449434294e+00
3.700723740464288980e+00 -3.241532488298318082e+00
3.781174256561339320e+00 -3.270482107532342031e+00
3.861624772658388771e+00 -3.272028530155103088e+00
3.942075288755438223e+00 -3.238104299307546174e+00
4.022525804852488562e+00 -3.217265610650262619e+00
4.102976320949538014e+00 -3.250200768110839356e+00
4.183426837046588354e+00 -3.312176742792234840e+00
4.263877353143637805e+00 -3.386151320865236958e+00
4.344327869240687257e+00 -3.396892871199291619e+00
4.424778385337737596e+00 -3.353133563816230289e+00
4.505228901434787048e+00 -3.315228471496281859e+00
4.585679417531836499e+00 -3.315204890738396859e+00
4.666129933628886839e+00 -3.343676470197885386e+00
4.746580449725936290e+00 -3.357946627806600137e+00
4.827030965822985742e+00 -3.376566269667473641e+00
4.907481481920036082e+00 -3.389054912884486015e+00
4.987931998017085533e+00 -3.387055249556335301e+00
5.068382514114135873e+00 -3.366906411780245190e+00
5.148833030211185324e+00 -3.307395104113056927e+00
5.229283546308234776e+00 -3.247481090558978600e+00
5.309734062405285115e+00 -3.250447549192367447e+00
5.390184578502334567e+00 -3.256235062235995681e+00
5.470635094599384018e+00 -3.248861135104686770e+00
5.551085610696433470e+00 -3.240100355135606236e+00
5.631536126793483810e+00 -3.250053821257489872e+00
5.711986642890533261e+00 -3.289503669227784144e+00
5.792437158987582713e+00 -3.317284804082408556e+00
5.872887675084633052e+00 -3.333058378062952354e+00
5.953338191181682504e+00 -3.321159131061810044e+00
6.033788707278731955e+00 -3.307207474909445111e+00
6.114239223375781407e+00 -3.294510611321371130e+00
6.194689739472831747e+00 -3.300552087635810761e+00
6.275140255569881198e+00 -3.276784161038227339e+00
6.355590771666931538e+00 -3.244991899904342780e+00
6.436041287763980989e+00 -3.249149738714254276e+00
6.516491803861030441e+00 -3.244025677325355073e+00
6.596942319958079892e+00 -3.245024021116460489e+00
6.677392836055131120e+00 -3.244516113391818557e+00
6.757843352152180572e+00 -3.253005433282783798e+00
6.838293868249230023e+00 -3.248281005044833858e+00
6.918744384346279475e+00 -3.272691596419469828e+00
6.999194900443328926e+00 -3.314284114746318899e+00
7.079645416540378378e+00 -3.306247576007484756e+00
7.160095932637429605e+00 -3.298766969203830168e+00
7.240546448734479057e+00 -3.313623010554915371e+00
7.320996964831528508e+00 -3.333885598684618312e+00
7.401447480928577960e+00 -3.319867257062905530e+00
7.481897997025627411e+00 -3.298158407158065408e+00
7.562348513122678639e+00 -3.305839392326292980e+00
7.642799029219728091e+00 -3.331036984666114531e+00
7.723249545316777542e+00 -3.323592982685229735e+00
7.803700061413826994e+00 -3.304211642902588952e+00
7.884150577510876445e+00 -3.309533982540625807e+00
7.964601093607927673e+00 -3.332248578337520417e+00
8.045051609704977125e+00 -3.345797167824015261e+00
8.125502125802025688e+00 -3.341733012298715444e+00
8.205952641899076028e+00 -3.351872819794725178e+00
8.286403157996124591e+00 -3.334779362057722629e+00
8.366853674093176707e+00 -3.297965123090953909e+00
8.447304190190225270e+00 -3.293528387356754905e+00
8.527754706287275610e+00 -3.325872471480900927e+00
8.608205222384324173e+00 -3.361905490419455855e+00
8.688655738481374513e+00 -3.374491255006067281e+00
8.769106254578423076e+00 -3.378944450119888643e+00
8.849556770675475192e+00 -3.379583454522092634e+00
8.930007286772523756e+00 -3.356102484128569596e+00
9.010457802869574095e+00 -3.347330067541630871e+00
9.090908318966622659e+00 -3.340227426566910740e+00
9.171358835063672998e+00 -3.341831053651808325e+00
9.251809351160723338e+00 -3.339437177114274569e+00
9.332259867257773678e+00 -3.335863947473559854e+00
9.412710383354822241e+00 -3.345313599082300637e+00
9.493160899451872581e+00 -3.368308833536781677e+00
9.573611415548921144e+00 -3.394658544794630028e+00
9.654061931645971484e+00 -3.380740301245896529e+00
9.734512447743021823e+00 -3.351214272718708642e+00
9.814962963840072163e+00 -3.338902521420674230e+00
9.895413479937120727e+00 -3.344189501500331563e+00
9.975863996034171066e+00 -3.359869635227664464e+00
1.005631451213121963e+01 -3.388808478923324596e+00
1.013676502822827175e+01 -3.396437492666934510e+00
1.021721554432532031e+01 -3.389290794075919155e+00
1.029766606042237065e+01 -3.396572422867658592e+00
