0.000000000000000000e+00 -1.549019599857431873e-01
8.045051609704977069e-02 -2.101827731448353831e-01
1.609010321940995414e-01 -5.874141735232081274e-01
2.413515482911492982e-01 -1.756590380847478317e+00
3.218020643881990828e-01 -1.988511625770400526e+00
4.022525804852488118e-01 -1.940187619257767393e+00
4.827030965822985964e-01 -2.182668000322356416e+00
5.631536126793483810e-01 -2.587348829743322476e+00
6.436041287763981655e-01 -2.941859791994553053e+00
7.240546448734478391e-01 -3.090943370614485541e+00
8.045051609704976237e-01 -3.230876005840638943e+00
8.849556770675472972e-01 -3.440269673676273232e+00
9.654061931645971928e-01 -3.513855057286702444e+00
1.045856709261647088e+00 -3.473105884745910643e+00
1.126307225358696762e+00 -3.432361553181153546e+00
1.206757741455746435e+00 -3.409102477908232842e+00
1.287208257552796331e+00 -3.385046740104006080e+00
1.367658773649846005e+00 -3.319416029907332533e+00
1.448109289746895678e+00 -3.207419517156042676e+00
1.528559805843945352e+00 -3.168461661879677038e+00
1.609010321940995247e+00 -3.175423401753274533e+00
1.689460838038045143e+00 -3.134200778600501724e+00
1.769911354135094594e+00 -3.008163059214267854e+00
1.850361870232144490e+00 -2.887141513813405780e+00
1.930812386329194386e+00 -2.809382424290969738e+00
2.011262902426244281e+00 -2.771479903159379976e+00
2.091713418523294177e+00 -2.805328322939131258e+00
2.172163934620343628e+00 -2.883919396566785309e+00
2.252614450717393524e+00 -2.960169973458427251e+00
2.333064966814443419e+00 -2.994252449001808536e+00
2.413515482911492871e+00 -3.067831768112113888e+00
2.493965999008542767e+00 -3.155439424365432455e+00
2.574416515105592662e+00 -3.214746539613403176e+00
2.654867031202642558e+00 -3.209580636337740600e+00
2.735317547299692009e+00 -3.238582010498187280e+00
2.815768063396741905e+00 -3.311200535658412214e+00
2.896218579493791356e+00 -3.341026037389727144e+00
2.976669095590841252e+00 -3.312564682515378944e+00
3.057119611687890703e+00 -3.311696083696622939e+00
3.137570127784940599e+00 -3.319349264913243225e+00
3.218020643881990495e+00 -3.306948824442070389e+00
3.298471159979039946e+00 -3.297832768832485328e+00
3.378921676076090286e+00 -3.271165944173689777e+00
3.459372192173139737e+00 -3.244060116517266223e+00
3.539822708270189189e+00 -3.258993299202428418e+00
3.620273224367239528e+00 -3.296212035456602685e+00
3.700723740464288980e+00 -3.274222881611903002e+00
3.781174256561339320e+00 -3.244997437496059067e+00
3.861624772658388771e+00 -3.203153137832089214e+00
3.942075288755438223e+00 -3.145758754327395490e+00
4.022525804852488562e+00 -3.130652624435581011e+00
4.102976320949538014e+00 -3.161015562684215130e+00
4.183426837046588354e+00 -3.197790475896782780e+00
4.263877353143637805e+00 -3.227628507090189114e+00
4.344327869240687257e+00 -3.222111881397176969e+00
4.424778385337737596e+00 -3.225824892615191342e+00
4.505228901434787048e+00 -3.221450053218993137e+00
4.585679417531836499e+00 -3.261701020998954093e+00
4.666129933628886839e+00 -3.321157500161501464e+00
4.746580449725936290e+00 -3.367296780181040727e+00
4.827030965822985742e+00 -3.370203051628489987e+00
4.907481481920036082e+00 -3.386316080267993467e+00
4.987931998017085533e+00 -3.423951839719534096e+00
5.068382514114135873e+00 -3.421007684791645076e+00
5.148833030211185324e+00 -3.377435737245073621e+00
5.229283546308234776e+00 -3.354230270848781448e+00
5.309734062405285115e+00 -3.341838105362269662e+00
5.390184578502334567e+00 -3.329458780772435400e+00
5.470635094599384018e+00 -3.322149142484549511e+00
5.551085610696433470e+00 -3.299293104763622253e+00
5.631536126793483810e+00 -3.290313518625151978e+00
5.711986642890533261e+00 -3.316186564585534402e+00
5.792437158987582713e+00 -3.357878852609661902e+00
5.872887675084633052e+00 -3.345973155147648370e+00
5.953338191181682504e+00 -3.316201336321019433e+00
6.033788707278731955e+00 -3.277000944392775672e+00
6.114239223375781407e+00 -3.268886474980767343e+00
6.194689739472831747e+00 -3.300250162037835722e+00
6.275140255569881198e+00 -3.295627521041500252e+00
6.355590771666931538e+00 -3.267932498445727862e+00
6.436041287763980989e+00 -3.263108911842889981e+00
6.516491803861030441e+00 -3.285771720592249867e+00
6.596942319958079892e+00 -3.309953909504403491e+00
6.677392836055131120e+00 -3.289952467020530680e+00
6.757843352152180572e+00 -3.248240827906011319e+00
6.838293868249230023e+00 -3.245961810486492904e+00
6.918744384346279475e+00 -3.284629348797786008e+00
6.999194900443328926e+00 -3.294885840449135017e+00
7.079645416540378378e+00 -3.305017770423875234e+00
7.160095932637429605e+00 -3.329575081796916969e+00
7.240546448734479057e+00 -3.342122993345564286e+00
7.320996964831528508e+00 -3.353065386938086867e+00
7.401447480928577960e+00 -3.365498760814348955e+00
7.481897997025627411e+00 -3.361239896866108801e+00
7.562348513122678639e+00 -3.358947552758806854e+00
7.642799029219728091e+00 -3.346161273375308554e+00
7.723249545316777542e+00 -3.323011833824641936e+00
7.803700061413826994e+00 -3.324950812012885670e+00
7.884150577510876445e+00 -3.336390715133256801e+00
7.964601093607927673e+00 -3.351154359396595783e+00
8.045051609704977125e+00 -3.348215422884907699e+00
8.125502125802025688e+00 -3.337728013187783560e+00
8.205952641899076028e+00 -3.332339934959808847e+00
8.286403157996124591e+00 -3.343889725727007267e+00
8.366853674093176707e+00 -3.348297260593194657e+00
8.447304190190225270e+00 -3.364430240322850985e+00
8.527754706287275610e+00 -3.369623433263435164e+00
8.608205222384324173e+00 -3.369571660367578048e+00
8.688655738481374513e+00 -3.352769625135815890e+00
8.769106254578423076e+00 -3.358729200842847540e+00
8.849556770675475192e+00 -3.385594841753609252e+00
8.930007286772523756e+00 -3.403208312693742243e+00
9.010457802869574095e+00 -3.390068393846445094e+00
9.090908318966622659e+00 -3.368098159294565797e+00
9.171358835063672998e+00 -3.377046213342782099e+00
9.251809351160723338e+00 -3.396028926049137642e+00
9.332259867257773678e+00 -3.405385398844906319e+00
9.412710383354822241e+00 -3.420380112045717347e+00
9.493160899451872581e+00 -3.449188686361268630e+00
9.573611415548921144e+00 -3.452834140811396502e+00
9.654061931645971484e+00 -3.434708361200588644e+00
9.734512447743021823e+00 -3.425360024347562593e+00
9.814962963840072163e+00 -3.395987993622070711e+00
9.895413479937120727e+00 -3.389143093311007160e+00
9.975863996034171066e+00 -3.411489532576229333e+00
1.005631451213121963e+01 -3.438386400410717414e+00
1.013676502822827175e+01 -3.456786069066693834e+00
1.021721554432532031e+01 -3.442449050171909608e+00
1.029766606042237065e+01 -3.428660532752985990e+00
