0.000000000000000000e+00 -1.549019599857431873e-01
8.045051609704977069e-02 -1.969242355653193499e-01
1.609010321940995414e-01 -5.737232805174187211e-01
2.413515482911492982e-01 -1.546401188959481754e+00
3.218020643881990828e-01 -1.764135800677859134e+00
4.022525804852488118e-01 -1.786078177541040590e+00
4.827030965822985964e-01 -2.115831495368760251e+00
5.631536126793483810e-01 -2.627729238473996087e+00
6.436041287763981655e-01 -3.013940797388332982e+00
7.240546448734478391e-01 -3.136508882351969785e+00
8.045051609704976237e-01 -3.186772177306576026e+00
8.849556770675472972e-01 -3.261888325406107292e+00
9.654061931645971928e-01 -3.351692295275208622e+00
1.045856709261647088e+00 -3.387662484701552845e+00
1.126307225358696762e+00 -3.375830537237616280e+00
1.206757741455746435e+00 -3.400213232623069182e+00
1.287208257552796331e+00 -3.444105168432683772e+00
1.367658773649846005e+00 -3.418470156652679393e+00
1.448109289746895678e+00 -3.261855718992035413e+00
1.528559805843945352e+00 -3.126922687537333712e+00
1.609010321940995247e+00 -3.062484017080127074e+00
1.689460838038045143e+00 -3.052566262417487408e+00
1.769911354135094594e+00 -3.020882826545291167e+00
1.850361870232144490e+00 -2.968633225460919345e+00
1.930812386329194386e+00 -2.921726794474787336e+00
2.011262902426244281e+00 -2.866364089080088995e+00
2.091713418523294177e+00 -2.877066004348106887e+00
2.172163934620343628e+00 -2.935611765748282309e+00
2.252614450717393524e+00 -2.965293240938527752e+00
2.333064966814443419e+00 -2.993243287666460528e+00
2.413515482911492871e+00 -3.017340049233992794e+00
2.493965999008542767e+00 -3.001225066191728796e+00
2.574416515105592662e+00 -2.986240122818197396e+00
2.654867031202642558e+00 -3.024105841716309140e+00
2.735317547299692009e+00 -3.112995671976941381e+00
2.815768063396741905e+00 -3.196457726732798488e+00
2.896218579493791356e+00 -3.259493273503005106e+00
2.976669095590841252e+00 -3.324451346357138348e+00
3.057119611687890703e+00 -3.345386810656802989e+00
3.137570127784940599e+00 -3.334719961845739711e+00
3.218020643881990495e+00 -3.343068454833467484e+00
3.298471159979039946e+00 -3.334823090842331084e+00
3.378921676076090286e+00 -3.279398103260183994e+00
3.459372192173139737e+00 -3.204638518281631487e+00
3.539822708270189189e+00 -3.166155233707120153e+00
3.620273224367239528e+00 -3.210712191533959814e+00
3.700723740464288980e+00 -3.261237593285126746e+00
3.781174256561339320e+00 -3.303971856885736358e+00
3.861624772658388771e+00 -3.311818170164427144e+00
3.942075288755438223e+00 -3.266081872803766384e+00
4.022525804852488562e+00 -3.228382920011042323e+00
4.102976320949538014e+00 -3.190530048105721939e+00
4.183426837046588354e+00 -3.156009736833872648e+00
4.263877353143637805e+00 -3.160411208894167157e+00
4.344327869240687257e+00 -3.197551085213554689e+00
4.424778385337737596e+00 -3.224522843385612791e+00
4.505228901434787048e+00 -3.246707913331733142e+00
4.585679417531836499e+00 -3.241577973455860295e+00
4.666129933628886839e+00 -3.247080836559719241e+00
4.746580449725936290e+00 -3.269653000250904551e+00
4.827030965822985742e+00 -3.307792745373893784e+00
4.907481481920036082e+00 -3.323688699060170837e+00
4.987931998017085533e+00 -3.306887738183889258e+00
5.068382514114135873e+00 -3.273896118800341704e+00
5.148833030211185324e+00 -3.293263793833335118e+00
5.229283546308234776e+00 -3.321505749209527902e+00
5.309734062405285115e+00 -3.330537368196775372e+00
5.390184578502334567e+00 -3.327217634255540180e+00
5.470635094599384018e+00 -3.318487465812403947e+00
5.551085610696433470e+00 -3.279278865375514496e+00
5.631536126793483810e+00 -3.252891318173960933e+00
5.711986642890533261e+00 -3.243654416896108561e+00
5.792437158987582713e+00 -3.230612853725408851e+00
5.872887675084633052e+00 -3.212442424914303984e+00
5.953338191181682504e+00 -3.204864789675559766e+00
6.033788707278731955e+00 -3.222076655820640845e+00
6.114239223375781407e+00 -3.227549162776940150e+00
6.194689739472831747e+00 -3.220870178994162281e+00
6.275140255569881198e+00 -3.199377205248222111e+00
6.355590771666931538e+00 -3.205995725034947341e+00
6.436041287763980989e+00 -3.240670279615150751e+00
6.516491803861030441e+00 -3.274422198169674836e+00
6.596942319958079892e+00 -3.299476832004688109e+00
6.677392836055131120e+00 -3.304537337343326886e+00
6.757843352152180572e+00 -3.328246334693386821e+00
6.838293868249230023e+00 -3.322458162251952007e+00
6.918744384346279475e+00 -3.298640929247374842e+00
6.999194900443328926e+00 -3.274167035840480189e+00
7.079645416540378378e+00 -3.287637700437468613e+00
7.160095932637429605e+00 -3.316869861290845378e+00
7.240546448734479057e+00 -3.313634623698245019e+00
7.320996964831528508e+00 -3.316485524251111983e+00
7.401447480928577960e+00 -3.320947356584601717e+00
7.481897997025627411e+00 -3.321120695350396002e+00
7.562348513122678639e+00 -3.309793854582864014e+00
7.642799029219728091e+00 -3.290318426352104808e+00
7.723249545316777542e+00 -3.297908549931539923e+00
7.803700061413826994e+00 -3.320979379059831871e+00
7.884150577510876445e+00 -3.326544056545451156e+00
7.964601093607927673e+00 -3.323706079590249107e+00
8.045051609704977125e+00 -3.325179499133386507e+00
8.125502125802025688e+00 -3.336555597342719004e+00
8.205952641899076028e+00 -3.375124126862100837e+00
8.286403157996124591e+00 -3.399120701868457051e+00
8.366853674093176707e+00 -3.400890954804380861e+00
8.447304190190225270e+00 -3.376147599452409942e+00
8.527754706287275610e+00 -3.351304949224222618e+00
8.608205222384324173e+00 -3.343899207133867790e+00
8.688655738481374513e+00 -3.343866093020510633e+00
8.769106254578423076e+00 -3.348156359794186798e+00
8.849556770675475192e+00 -3.366988481537300348e+00
8.930007286772523756e+00 -3.380278998501381249e+00
9.010457802869574095e+00 -3.379734871723079070e+00
9.090908318966622659e+00 -3.362798673877418931e+00
9.171358835063672998e+00 -3.355743103335937949e+00
9.251809351160723338e+00 -3.379089177927074417e+00
9.332259867257773678e+00 -3.397390640744181844e+00
9.412710383354822241e+00 -3.371572167545008547e+00
9.493160899451872581e+00 -3.353489075763513849e+00
9.573611415548921144e+00 -3.380659126345601617e+00
9.654061931645971484e+00 -3.416008423099556435e+00
9.734512447743021823e+00 -3.414553788904322040e+00
9.814962963840072163e+00 -3.410392221400668777e+00
9.895413479937120727e+00 -3.399171034091993171e+00
9.975863996034171066e+00 -3.381410171004695542e+00
1.005631451213121963e+01 -3.382634560685879421e+00
1.013676502822827175e+01 -3.379920185668460419e+00
1.021721554432532031e+01 -3.386900903777421146e+00
1.029766606042237065e+01 -3.386881283520496666e+00
