0.000000000000000000e+00 -1.549019599857431873e-01
8.045051609704977069e-02 -2.096322676101759208e-01
1.609010321940995414e-01 -6.431879400584816775e-01
2.413515482911492982e-01 -2.064069456866201691e+00
3.218020643881990828e-01 -1.961710748864304410e+00
4.022525804852488118e-01 -1.976069697678161763e+00
4.827030965822985964e-01 -2.267346670009933174e+00
5.631536126793483810e-01 -2.687686652591112502e+00
6.436041287763981655e-01 -3.078227936880768123e+00
7.240546448734478391e-01 -3.306521423105212687e+00
8.045051609704976237e-01 -3.406213189343702652e+00
8.849556770675472972e-01 -3.405037834587082646e+00
9.654061931645971928e-01 -3.408379672357380930e+00
1.045856709261647088e+00 -3.408177675042230348e+00
1.126307225358696762e+00 -3.395902442500591256e+00
1.206757741455746435e+00 -3.349869278579109544e+00
1.287208257552796331e+00 -3.301624757779814789e+00
1.367658773649846005e+00 -3.301362805726967053e+00
1.448109289746895678e+00 -3.294310818990363376e+00
1.528559805843945352e+00 -3.219902419852674669e+00
1.609010321940995247e+00 -3.113525563012395025e+00
1.689460838038045143e+00 -3.023322796722935912e+00
1.769911354135094594e+00 -3.006990650649258523e+00
1.850361870232144490e+00 -2.916582247585655985e+00
1.930812386329194386e+00 -2.823196897633054814e+00
2.011262902426244281e+00 -2.803654479384638076e+00
2.091713418523294177e+00 -2.859349419994417385e+00
2.172163934620343628e+00 -2.952582683378329520e+00
2.252614450717393524e+00 -3.023357617447441914e+00
2.333064966814443419e+00 -3.058698701230522676e+00
2.413515482911492871e+00 -3.042659567107841134e+00
2.493965999008542767e+00 -3.008005002600019573e+00
2.574416515105592662e+00 -3.038036397646235454e+00
2.654867031202642558e+00 -3.139931932491224931e+00
2.735317547299692009e+00 -3.237082842661799464e+00
2.815768063396741905e+00 -3.243435552389008159e+00
2.896218579493791356e+00 -3.183478137183782586e+00
2.976669095590841252e+00 -3.185838217280327012e+00
3.057119611687890703e+00 -3.226596334934638488e+00
3.137570127784940599e+00 -3.271883752633436782e+00
3.218020643881990495e+00 -3.310026255404076245e+00
3.298471159979039946e+00 -3.388334716229192356e+00
3.378921676076090286e+00 -3.404263404907495350e+00
3.459372192173139737e+00 -3.355866460779944216e+00
3.539822708270189189e+00 -3.296674697046870328e+00
3.620273224367239528e+00 -3.267992420765898132e+00
3.700723740464288980e+00 -3.280392251788894598e+00
3.781174256561339320e+00 -3.277508960957540740e+00
3.861624772658388771e+00 -3.273840381482918005e+00
3.942075288755438223e+00 -3.272497589523482020e+00
4.022525804852488562e+00 -3.262994260087055398e+00
4.102976320949538014e+00 -3.250609871636732429e+00
4.183426837046588354e+00 -3.235511098554815224e+00
4.263877353143637805e+00 -3.235364581902701264e+00
4.344327869240687257e+00 -3.299646378804562463e+00
4.424778385337737596e+00 -3.335869036316204905e+00
4.505228901434787048e+00 -3.338056185361367945e+00
4.585679417531836499e+00 -3.330186247923497600e+00
4.666129933628886839e+00 -3.302494283838600886e+00
4.746580449725936290e+00 -3.270060651563474696e+00
4.827030965822985742e+00 -3.317133978084709778e+00
4.907481481920036082e+00 -3.355518296595110694e+00
4.987931998017085533e+00 -3.334376646975421465e+00
5.068382514114135873e+00 -3.272325127644972742e+00
5.148833030211185324e+00 -3.250020728266180825e+00
5.229283546308234776e+00 -3.264179256035604215e+00
5.309734062405285115e+00 -3.287234054752357526e+00
5.390184578502334567e+00 -3.283426965850138934e+00
5.470635094599384018e+00 -3.286847540516805832e+00
5.551085610696433470e+00 -3.308695823097356659e+00
5.631536126793483810e+00 -3.307955772028541297e+00
5.711986642890533261e+00 -3.294203989173396963e+00
5.792437158987582713e+00 -3.290190355149994694e+00
5.872887675084633052e+00 -3.315292072025103565e+00
5.953338191181682504e+00 -3.340886153203050046e+00
6.033788707278731955e+00 -3.299617954154376420e+00
6.114239223375781407e+00 -3.238451405044295850e+00
6.194689739472831747e+00 -3.266396467941747428e+00
6.275140255569881198e+00 -3.298473679793016533e+00
6.355590771666931538e+00 -3.312354314462025329e+00
6.436041287763980989e+00 -3.304059580275802599e+00
6.516491803861030441e+00 -3.311684301789815432e+00
6.596942319958079892e+00 -3.320391269046246041e+00
6.677392836055131120e+00 -3.317751287922987125e+00
6.757843352152180572e+00 -3.308586052488091678e+00
6.838293868249230023e+00 -3.326645038181392788e+00
6.918744384346279475e+00 -3.350504098435743039e+00
6.999194900443328926e+00 -3.368397563669682349e+00
7.079645416540378378e+00 -3.352816207113129998e+00
7.160095932637429605e+00 -3.316143270070847748e+00
7.240546448734479057e+00 -3.298751113471457774e+00
7.320996964831528508e+00 -3.310076798235264128e+00
7.401447480928577960e+00 -3.323348281401493853e+00
7.481897997025627411e+00 -3.328153433989743171e+00
7.562348513122678639e+00 -3.348149342307281895e+00
7.642799029219728091e+00 -3.350222945417710818e+00
7.723249545316777542e+00 -3.344014324664702276e+00
7.803700061413826994e+00 -3.341415008398407327e+00
7.884150577510876445e+00 -3.363241651689617306e+00
7.964601093607927673e+00 -3.354044791846761964e+00
8.045051609704977125e+00 -3.318074558411860053e+00
8.125502125802025688e+00 -3.337607278460394955e+00
8.205952641899076028e+00 -3.399936038709257868e+00
8.286403157996124591e+00 -3.433766531780639397e+00
8.366853674093176707e+00 -3.420566502918202190e+00
8.447304190190225270e+00 -3.394204645621180294e+00
8.527754706287275610e+00 -3.357220214391801072e+00
8.608205222384324173e+00 -3.342699080951522017e+00
8.688655738481374513e+00 -3.363186140115223655e+00
8.769106254578423076e+00 -3.391672114949749073e+00
8.849556770675475192e+00 -3.392172035254791940e+00
8.930007286772523756e+00 -3.401532233573819841e+00
9.010457802869574095e+00 -3.390686538165319508e+00
9.090908318966622659e+00 -3.410357479490903732e+00
9.171358835063672998e+00 -3.456022297376737384e+00
9.251809351160723338e+00 -3.467091580204626489e+00
9.332259867257773678e+00 -3.427227203651662446e+00
9.412710383354822241e+00 -3.401861868935094790e+00
9.493160899451872581e+00 -3.409637752172495873e+00
9.573611415548921144e+00 -3.416911398783764930e+00
9.654061931645971484e+00 -3.424474476934920020e+00
9.734512447743021823e+00 -3.441307466160632433e+00
9.814962963840072163e+00 -3.440045640908146574e+00
9.895413479937120727e+00 -3.436069587981325224e+00
9.975863996034171066e+00 -3.427828599626377315e+00
1.005631451213121963e+01 -3.430784993144644357e+00
1.013676502822827175e+01 -3.449595838121031210e+00
1.021721554432532031e+01 -3.467847469045325592e+00
1.029766606042237065e+01 -3.458759702167016670e+00
