0.000000000000000000e+00 -1.549019599857431873e-01
8.045051609704977069e-02 -2.045150059345942628e-01
1.609010321940995414e-01 -5.313716392750299500e-01
2.413515482911492982e-01 -1.501900761390500882e+00
3.218020643881990828e-01 -1.805353339720969341e+00
4.022525804852488118e-01 -1.764112343945455574e+00
4.827030965822985964e-01 -1.973861385857338613e+00
5.631536126793483810e-01 -2.466435477037678403e+00
6.436041287763981655e-01 -2.987197296882450726e+00
7.240546448734478391e-01 -3.017906354674253944e+00
8.045051609704976237e-01 -3.117321711703000098e+00
8.849556770675472972e-01 -3.373611738542990679e+00
9.654061931645971928e-01 -3.582254164601692104e+00
1.045856709261647088e+00 -3.591439329776338063e+00
1.126307225358696762e+00 -3.527845441707751828e+00
1.206757741455746435e+00 -3.458502016954207114e+00
1.287208257552796331e+00 -3.399815649186958666e+00
1.367658773649846005e+00 -3.358782520713151865e+00
1.448109289746895678e+00 -3.294500792229334341e+00
1.528559805843945352e+00 -3.184462802152950633e+00
1.609010321940995247e+00 -3.065984347569393975e+00
1.689460838038045143e+00 -2.972756511600287865e+00
1.769911354135094594e+00 -2.864679330641448196e+00
1.850361870232144490e+00 -2.804017419997955507e+00
1.930812386329194386e+00 -2.828916068326773559e+00
2.011262902426244281e+00 -2.921219781654628367e+00
2.091713418523294177e+00 -2.973828229272705848e+00
2.172163934620343628e+00 -2.970814228568688709e+00
2.252614450717393524e+00 -2.997816095152156635e+00
2.333064966814443419e+00 -3.074692027011392881e+00
2.413515482911492871e+00 -3.105902123972744011e+00
2.493965999008542767e+00 -3.089352321293070247e+00
2.574416515105592662e+00 -3.132930814381187368e+00
2.654867031202642558e+00 -3.235456944428165560e+00
2.735317547299692009e+00 -3.298591478364467200e+00
2.815768063396741905e+00 -3.281351323024252586e+00
2.896218579493791356e+00 -3.258292977406488600e+00
2.976669095590841252e+00 -3.314800769295663141e+00
3.057119611687890703e+00 -3.297980082812727254e+00
3.137570127784940599e+00 -3.235406620059613214e+00
3.218020643881990495e+00 -3.184184129783375727e+00
3.298471159979039946e+00 -3.202606618073532196e+00
3.378921676076090286e+00 -3.255762483186710021e+00
3.459372192173139737e+00 -3.302715120957910866e+00
3.539822708270189189e+00 -3.273925647786405602e+00
3.620273224367239528e+00 -3.235226733000203136e+00
3.700723740464288980e+00 -3.236924166414090642e+00
3.781174256561339320e+00 -3.283948519218210294e+00
3.861624772658388771e+00 -3.310734657599688990e+00
3.942075288755438223e+00 -3.295036226935062373e+00
4.022525804852488562e+00 -3.287615803923305879e+00
4.102976320949538014e+00 -3.296011497812517455e+00
4.183426837046588354e+00 -3.264522189211104042e+00
4.263877353143637805e+00 -3.232660887018998341e+00
4.344327869240687257e+00 -3.254586976887634542e+00
4.424778385337737596e+00 -3.284652065521162179e+00
4.505228901434787048e+00 -3.270029220562396866e+00
4.585679417531836499e+00 -3.243967168035555293e+00
4.666129933628886839e+00 -3.270158391071390724e+00
4.746580449725936290e+00 -3.303956259819362806e+00
4.827030965822985742e+00 -3.288994140063884242e+00
4.907481481920036082e+00 -3.259051938984969254e+00
4.987931998017085533e+00 -3.239640657142976554e+00
5.068382514114135873e+00 -3.232310171010109201e+00
5.148833030211185324e+00 -3.250822930300620861e+00
5.229283546308234776e+00 -3.287685155229998824e+00
5.309734062405285115e+00 -3.310782761812018471e+00
5.390184578502334567e+00 -3.304676296783942924e+00
5.470635094599384018e+00 -3.281204745083452945e+00
5.551085610696433470e+00 -3.279783448091782017e+00
5.631536126793483810e+00 -3.320286886797952697e+00
5.711986642890533261e+00 -3.340765495573545074e+00
5.792437158987582713e+00 -3.318993893652571803e+00
5.872887675084633052e+00 -3.279022605377263311e+00
5.953338191181682504e+00 -3.261231794901438885e+00
6.033788707278731955e+00 -3.266080674327528577e+00
6.114239223375781407e+00 -3.261612489913265467e+00
6.194689739472831747e+00 -3.243273295526495570e+00
6.275140255569881198e+00 -3.238504733463690055e+00
6.355590771666931538e+00 -3.245336482166698122e+00
6.436041287763980989e+00 -3.250867386298649020e+00
6.516491803861030441e+00 -3.247380365978761230e+00
6.596942319958079892e+00 -3.272564550110986570e+00
6.677392836055131120e+00 -3.304804794528747536e+00
6.757843352152180572e+00 -3.313980098251687156e+00
6.838293868249230023e+00 -3.315841553610900938e+00
6.918744384346279475e+00 -3.315787091358250560e+00
6.999194900443328926e+00 -3.321611156935029285e+00
7.079645416540378378e+00 -3.331314947344725663e+00
7.160095932637429605e+00 -3.344326680132760465e+00
7.240546448734479057e+00 -3.340153267705928908e+00
7.320996964831528508e+00 -3.341149222330120239e+00
7.401447480928577960e+00 -3.320794685161996274e+00
7.481897997025627411e+00 -3.294021617866144780e+00
7.562348513122678639e+00 -3.278303985994905467e+00
7.642799029219728091e+00 -3.296594764374273456e+00
7.723249545316777542e+00 -3.317011274987124114e+00
7.803700061413826994e+00 -3.328528325992178072e+00
7.884150577510876445e+00 -3.312439146325487638e+00
7.964601093607927673e+00 -3.306916027091615806e+00
8.045051609704977125e+00 -3.295451369814941689e+00
8.125502125802025688e+00 -3.276560354348585502e+00
8.205952641899076028e+00 -3.281756617311110791e+00
8.286403157996124591e+00 -3.299601908098651837e+00
8.366853674093176707e+00 -3.331966916340743268e+00
8.447304190190225270e+00 -3.361107707555108792e+00
8.527754706287275610e+00 -3.365077676697103559e+00
8.608205222384324173e+00 -3.380863268619447304e+00
8.688655738481374513e+00 -3.400268508353765373e+00
8.769106254578423076e+00 -3.384195505862202857e+00
8.849556770675475192e+00 -3.336646446447911085e+00
8.930007286772523756e+00 -3.324266395587687661e+00
9.010457802869574095e+00 -3.343652489432834329e+00
9.090908318966622659e+00 -3.341432044201914753e+00
9.171358835063672998e+00 -3.328482796264730759e+00
9.251809351160723338e+00 -3.353875535304656097e+00
9.332259867257773678e+00 -3.397340761882033267e+00
9.412710383354822241e+00 -3.400677939438963016e+00
9.493160899451872581e+00 -3.368195462927341843e+00
9.573611415548921144e+00 -3.349509873530862158e+00
9.654061931645971484e+00 -3.345691639525361527e+00
9.734512447743021823e+00 -3.357183888345803169e+00
9.814962963840072163e+00 -3.376889617869081484e+00
9.895413479937120727e+00 -3.387535265144384411e+00
9.975863996034171066e+00 -3.393008289750372164e+00
1.005631451213121963e+01 -3.392413178902615289e+00
1.013676502822827175e+01 -3.382014268150930203e+00
1.021721554432532031e+01 -3.386408278573548536e+00
1.029766606042237065e+01 -3.407561435425290775e+00
