0.000000000000000000e+00 -1.549019599857431873e-01
8.045051609704977069e-02 -2.118604689862811641e-01
1.609010321940995414e-01 -6.430907673081560638e-01
2.413515482911492982e-01 -1.670133547135423502e+00
3.218020643881990828e-01 -1.752383287710407744e+00
4.022525804852488118e-01 -1.745143506690607582e+00
4.827030965822985964e-01 -2.113300557790464218e+00
5.631536126793483810e-01 -2.713228372555547718e+00
6.436041287763981655e-01 -3.013622897843433623e+00
7.240546448734478391e-01 -3.030428783491246669e+00
8.045051609704976237e-01 -3.109421525902724248e+00
8.849556770675472972e-01 -3.235322245696381938e+00
9.654061931645971928e-01 -3.314160310068575477e+00
1.045856709261647088e+00 -3.393829262896330246e+00
1.126307225358696762e+00 -3.495052771000775049e+00
1.206757741455746435e+00 -3.497029952654997942e+00
1.287208257552796331e+00 -3.405770070849789555e+00
1.367658773649846005e+00 -3.329582761573572913e+00
1.448109289746895678e+00 -3.257750609746381087e+00
1.528559805843945352e+00 -3.199179479239607993e+00
1.609010321940995247e+00 -3.121271079662953696e+00
1.689460838038045143e+00 -3.054382741943030943e+00
1.769911354135094594e+00 -2.983997229795075423e+00
1.850361870232144490e+00 -2.916077926958890565e+00
1.930812386329194386e+00 -2.904619115004155372e+00
2.011262902426244281e+00 -2.929456053334042576e+00
2.091713418523294177e+00 -2.967691735140013165e+00
2.172163934620343628e+00 -2.980666782724581854e+00
2.252614450717393524e+00 -2.995517222866729057e+00
2.333064966814443419e+00 -3.057441689719372135e+00
2.413515482911492871e+00 -3.098565968858322250e+00
2.493965999008542767e+00 -3.100910264361943280e+00
2.574416515105592662e+00 -3.073593917733924652e+00
2.654867031202642558e+00 -3.107630415942114421e+00
2.735317547299692009e+00 -3.194565074141547445e+00
2.815768063396741905e+00 -3.281204094423565643e+00
2.896218579493791356e+00 -3.288498258426078902e+00
2.976669095590841252e+00 -3.262396568914023742e+00
3.057119611687890703e+00 -3.223325992122621386e+00
3.137570127784940599e+00 -3.248213296943955442e+00
3.218020643881990495e+00 -3.249080192717823667e+00
3.298471159979039946e+00 -3.224359699519589118e+00
3.378921676076090286e+00 -3.234714349143676948e+00
3.459372192173139737e+00 -3.247628430383504572e+00
3.539822708270189189e+00 -3.239273338076653630e+00
3.620273224367239528e+00 -3.210526509813986351e+00
3.700723740464288980e+00 -3.195122230389682016e+00
3.781174256561339320e+00 -3.212475307888114973e+00
3.861624772658388771e+00 -3.262335589712924921e+00
3.942075288755438223e+00 -3.271236555277417857e+00
4.022525804852488562e+00 -3.246178246912637455e+00
4.102976320949538014e+00 -3.218734008641506605e+00
4.183426837046588354e+00 -3.221181806502333433e+00
4.263877353143637805e+00 -3.251792809887636526e+00
4.344327869240687257e+00 -3.283462513445031927e+00
4.424778385337737596e+00 -3.306131560169737860e+00
4.505228901434787048e+00 -3.303221552148596363e+00
4.585679417531836499e+00 -3.318204230305086266e+00
4.666129933628886839e+00 -3.346097035057245428e+00
4.746580449725936290e+00 -3.343146135065150126e+00
4.827030965822985742e+00 -3.310379143060954821e+00
4.907481481920036082e+00 -3.314673101354112639e+00
4.987931998017085533e+00 -3.316779641680155155e+00
5.068382514114135873e+00 -3.288880324165149638e+00
5.148833030211185324e+00 -3.266166191906648919e+00
5.229283546308234776e+00 -3.272137387948413245e+00
5.309734062405285115e+00 -3.248428932877065467e+00
5.390184578502334567e+00 -3.236306724371456500e+00
5.470635094599384018e+00 -3.248440512619519271e+00
5.551085610696433470e+00 -3.276724530451565087e+00
5.631536126793483810e+00 -3.287275773006443469e+00
5.711986642890533261e+00 -3.261111353918815681e+00
5.792437158987582713e+00 -3.242757469476659438e+00
5.872887675084633052e+00 -3.267565751886634562e+00
5.953338191181682504e+00 -3.287999365233018612e+00
6.033788707278731955e+00 -3.258006803761960946e+00
6.114239223375781407e+00 -3.240276592061707372e+00
6.194689739472831747e+00 -3.247620006783971114e+00
6.275140255569881198e+00 -3.264884325317236602e+00
6.355590771666931538e+00 -3.270261214318408438e+00
6.436041287763980989e+00 -3.272816479489152552e+00
6.516491803861030441e+00 -3.288550825261943533e+00
6.596942319958079892e+00 -3.288632121008433273e+00
6.677392836055131120e+00 -3.299426322582084570e+00
6.757843352152180572e+00 -3.315483131533090155e+00
6.838293868249230023e+00 -3.344439897434046127e+00
6.918744384346279475e+00 -3.365069557119718890e+00
6.999194900443328926e+00 -3.361935844182201372e+00
7.079645416540378378e+00 -3.343001472531580642e+00
7.160095932637429605e+00 -3.348329109463157316e+00
7.240546448734479057e+00 -3.353847848027713408e+00
7.320996964831528508e+00 -3.352444173349129475e+00
7.401447480928577960e+00 -3.349074920544833134e+00
7.481897997025627411e+00 -3.338575133576747955e+00
7.562348513122678639e+00 -3.313965062986455656e+00
7.642799029219728091e+00 -3.318892177918055797e+00
7.723249545316777542e+00 -3.339250093196911795e+00
7.803700061413826994e+00 -3.345315594233996048e+00
7.884150577510876445e+00 -3.357716811998044282e+00
7.964601093607927673e+00 -3.373722695848285991e+00
8.045051609704977125e+00 -3.396516579216327880e+00
8.125502125802025688e+00 -3.402551888159904170e+00
8.205952641899076028e+00 -3.374866145104142845e+00
8.286403157996124591e+00 -3.366593310464594868e+00
8.366853674093176707e+00 -3.372837262094249056e+00
8.447304190190225270e+00 -3.372394538984395229e+00
8.527754706287275610e+00 -3.364034228747022404e+00
8.608205222384324173e+00 -3.360076797357398615e+00
8.688655738481374513e+00 -3.359471213508244958e+00
8.769106254578423076e+00 -3.407815469969126099e+00
8.849556770675475192e+00 -3.428891349917198461e+00
8.930007286772523756e+00 -3.407336216833607434e+00
9.010457802869574095e+00 -3.385804976837198055e+00
9.090908318966622659e+00 -3.407971792426288005e+00
9.171358835063672998e+00 -3.408291783824508592e+00
9.251809351160723338e+00 -3.371709764460554037e+00
9.332259867257773678e+00 -3.330607223135712669e+00
9.412710383354822241e+00 -3.339214405496958360e+00
9.493160899451872581e+00 -3.383374380598491271e+00
9.573611415548921144e+00 -3.430051258122515989e+00
9.654061931645971484e+00 -3.435498729085546987e+00
9.734512447743021823e+00 -3.404745171280790572e+00
9.814962963840072163e+00 -3.388579790745518849e+00
9.895413479937120727e+00 -3.403743949038294581e+00
9.975863996034171066e+00 -3.426947733800935758e+00
1.005631451213121963e+01 -3.432941169756970279e+00
1.013676502822827175e+01 -3.437034433143903556e+00
1.021721554432532031e+01 -3.442558628519400088e+00
1.029766606042237065e+01 -3.459695814669333291e+00
