0.000000000000000000e+00 -1.549019599857431873e-01
8.045051609704977069e-02 -1.908354663635080384e-01
1.609010321940995414e-01 -5.040926237335182636e-01
2.413515482911492982e-01 -1.168771216931922208e+00
3.218020643881990828e-01 -1.510008548966626618e+00
4.022525804852488118e-01 -1.815504735098828926e+00
4.827030965822985964e-01 -2.264322415904144403e+00
5.631536126793483810e-01 -2.636025822488180737e+00
6.436041287763981655e-01 -2.857318086639589527e+00
7.240546448734478391e-01 -2.983415618390655943e+00
8.045051609704976237e-01 -3.082450102642137590e+00
8.849556770675472972e-01 -3.164058864065369736e+00
9.654061931645971928e-01 -3.242848355807363969e+00
1.045856709261647088e+00 -3.337670693419709345e+00
1.126307225358696762e+00 -3.346578794617361741e+00
1.206757741455746435e+00 -3.329308928831178349e+00
1.287208257552796331e+00 -3.337702902632288193e+00
1.367658773649846005e+00 -3.378832898365037529e+00
1.448109289746895678e+00 -3.332191770345047210e+00
1.528559805843945352e+00 -3.256189358798224909e+00
1.609010321940995247e+00 -3.223467029174852172e+00
1.689460838038045143e+00 -3.195176742394738589e+00
1.769911354135094594e+00 -3.091086716208594876e+00
1.850361870232144490e+00 -2.969381337949282162e+00
1.930812386329194386e+00 -2.921117959001805708e+00
2.011262902426244281e+00 -2.913094316362949687e+00
2.091713418523294177e+00 -2.892398218606806903e+00
2.172163934620343628e+00 -2.862268825258828198e+00
2.252614450717393524e+00 -2.852446361695058830e+00
2.333064966814443419e+00 -2.880674244951335616e+00
2.413515482911492871e+00 -2.908360787850639451e+00
2.493965999008542767e+00 -2.917636432394494772e+00
2.574416515105592662e+00 -2.907981788531526668e+00
2.654867031202642558e+00 -2.905953657083121477e+00
2.735317547299692009e+00 -2.901081906522344767e+00
2.815768063396741905e+00 -2.883385356440941738e+00
2.896218579493791356e+00 -2.878532424546296209e+00
2.976669095590841252e+00 -2.904339633930302256e+00
3.057119611687890703e+00 -2.929550964818315339e+00
3.137570127784940599e+00 -2.937394067269155862e+00
3.218020643881990495e+00 -2.888169718637858985e+00
3.298471159979039946e+00 -2.856389249671216657e+00
3.378921676076090286e+00 -2.888850546863886315e+00
3.459372192173139737e+00 -2.894768164360592255e+00
3.539822708270189189e+00 -2.900088660689100539e+00
3.620273224367239528e+00 -2.891561211023627287e+00
3.700723740464288980e+00 -2.869552508862645013e+00
3.781174256561339320e+00 -2.840087253719199456e+00
3.861624772658388771e+00 -2.841370364605554144e+00
3.942075288755438223e+00 -2.846360886307971239e+00
4.022525804852488562e+00 -2.832336031302997270e+00
4.102976320949538014e+00 -2.863155544904830041e+00
4.183426837046588354e+00 -2.886817142408034886e+00
4.263877353143637805e+00 -2.910179655290014988e+00
4.344327869240687257e+00 -2.927784314611873384e+00
4.424778385337737596e+00 -2.973128218779152565e+00
4.505228901434787048e+00 -2.974138270126225336e+00
4.585679417531836499e+00 -2.947274037740380326e+00
4.666129933628886839e+00 -2.932566827475867388e+00
4.746580449725936290e+00 -2.915958674076335910e+00
4.827030965822985742e+00 -2.911737988676076139e+00
4.907481481920036082e+00 -2.907234350665510281e+00
4.987931998017085533e+00 -2.927121575166613976e+00
5.068382514114135873e+00 -2.963958084952360128e+00
5.148833030211185324e+00 -2.996471396762809380e+00
5.229283546308234776e+00 -3.007517881697156170e+00
5.309734062405285115e+00 -2.996547164012815401e+00
5.390184578502334567e+00 -2.967409253530772784e+00
5.470635094599384018e+00 -2.981869904897592072e+00
5.551085610696433470e+00 -2.995309853445222714e+00
5.631536126793483810e+00 -2.987656002617432804e+00
5.711986642890533261e+00 -2.991360389847958157e+00
5.792437158987582713e+00 -3.008278553221089613e+00
5.872887675084633052e+00 -3.003582396940773336e+00
5.953338191181682504e+00 -2.953554364028489143e+00
6.033788707278731955e+00 -2.915954658816985123e+00
6.114239223375781407e+00 -2.914047872643054315e+00
6.194689739472831747e+00 -2.938528970225344317e+00
6.275140255569881198e+00 -2.959096791632023216e+00
6.355590771666931538e+00 -2.984869256672280091e+00
6.436041287763980989e+00 -2.979356073189747711e+00
6.516491803861030441e+00 -2.954740551758363587e+00
6.596942319958079892e+00 -2.964870488198601439e+00
6.677392836055131120e+00 -3.010446847266640802e+00
6.757843352152180572e+00 -3.040270493715926392e+00
6.838293868249230023e+00 -3.010385601077231410e+00
6.918744384346279475e+00 -2.978432871701830464e+00
6.999194900443328926e+00 -2.962757829227058437e+00
7.079645416540378378e+00 -2.984784185817788593e+00
7.160095932637429605e+00 -2.999777519676807724e+00
7.240546448734479057e+00 -3.012631894753454276e+00
7.320996964831528508e+00 -3.036606958773713671e+00
7.401447480928577960e+00 -3.052917926732359177e+00
7.481897997025627411e+00 -3.041326092682957505e+00
7.562348513122678639e+00 -3.033978460796414200e+00
7.642799029219728091e+00 -3.020600755841686524e+00
7.723249545316777542e+00 -3.004669077527081011e+00
7.803700061413826994e+00 -2.994256044816522522e+00
7.884150577510876445e+00 -2.993520045795470264e+00
7.964601093607927673e+00 -3.002317965907387531e+00
8.045051609704977125e+00 -3.014336738692083184e+00
8.125502125802025688e+00 -3.023121037528747390e+00
8.205952641899076028e+00 -3.036065895044250507e+00
8.286403157996124591e+00 -3.053941309750720645e+00
8.366853674093176707e+00 -3.056265273413746542e+00
8.447304190190225270e+00 -3.043955340433538659e+00
8.527754706287275610e+00 -3.059905300263811689e+00
8.608205222384324173e+00 -3.088991277962830573e+00
8.688655738481374513e+00 -3.090118014367233101e+00
8.769106254578423076e+00 -3.080617455472653088e+00
8.849556770675475192e+00 -3.078994146086267758e+00
8.930007286772523756e+00 -3.089687679483485550e+00
9.010457802869574095e+00 -3.098844412419305971e+00
9.090908318966622659e+00 -3.106316426710096223e+00
9.171358835063672998e+00 -3.096915956893114608e+00
9.251809351160723338e+00 -3.088835725174026159e+00
9.332259867257773678e+00 -3.082197379639997958e+00
9.412710383354822241e+00 -3.085108124765220339e+00
9.493160899451872581e+00 -3.112028058551253640e+00
9.573611415548921144e+00 -3.148809706649541518e+00
9.654061931645971484e+00 -3.169068390936927493e+00
9.734512447743021823e+00 -3.177219072790490095e+00
9.814962963840072163e+00 -3.157420027505090765e+00
9.895413479937120727e+00 -3.113994688244128728e+00
9.975863996034171066e+00 -3.106774590119947277e+00
1.005631451213121963e+01 -3.096254183048880559e+00
1.013676502822827175e+01 -3.092022667647889467e+00
1.021721554432532031e+01 -3.087249206693656323e+00
1.029766606042237065e+01 -3.081927220308695592e+00
