0.000000000000000000e+00 -1.549019599857431873e-01
8.045051609704977069e-02 -1.824665834511151330e-01
1.609010321940995414e-01 -4.390598679536027449e-01
2.413515482911492982e-01 -9.119829342048383358e-01
3.218020643881990828e-01 -1.106297480894599117e+00
4.022525804852488118e-01 -1.352087740011150396e+00
4.827030965822985964e-01 -1.774286107758674236e+00
5.631536126793483810e-01 -2.243076091152499174e+00
6.436041287763981655e-01 -2.549269790870061225e+00
7.240546448734478391e-01 -2.780385758806530827e+00
8.045051609704976237e-01 -2.977171136021363740e+00
8.849556770675472972e-01 -3.165503814128860061e+00
9.654061931645971928e-01 -3.322590044225396610e+00
1.045856709261647088e+00 -3.384152728353411632e+00
1.126307225358696762e+00 -3.393355705645377807e+00
1.206757741455746435e+00 -3.418818393031190617e+00
1.287208257552796331e+00 -3.431754900294243793e+00
1.367658773649846005e+00 -3.438323566938899845e+00
1.448109289746895678e+00 -3.445267170432943615e+00
1.528559805843945352e+00 -3.422387859380824349e+00
1.609010321940995247e+00 -3.339266667634738894e+00
1.689460838038045143e+00 -3.183107451248564868e+00
1.769911354135094594e+00 -3.057712277365780107e+00
1.850361870232144490e+00 -2.983805951955398328e+00
1.930812386329194386e+00 -2.935435583649617541e+00
2.011262902426244281e+00 -2.874188767220840379e+00
2.091713418523294177e+00 -2.809242143247887125e+00
2.172163934620343628e+00 -2.780744436379948503e+00
2.252614450717393524e+00 -2.806987093011942047e+00
2.333064966814443419e+00 -2.811955567972638015e+00
2.413515482911492871e+00 -2.808014654878082439e+00
2.493965999008542767e+00 -2.843372466638851570e+00
2.574416515105592662e+00 -2.918671652946871031e+00
2.654867031202642558e+00 -2.928270236215305466e+00
2.735317547299692009e+00 -2.922262609216152107e+00
2.815768063396741905e+00 -2.950658093148284422e+00
2.896218579493791356e+00 -2.965888741900892356e+00
2.976669095590841252e+00 -2.950820115806234156e+00
3.057119611687890703e+00 -2.929554881637002950e+00
3.137570127784940599e+00 -2.944975167661089355e+00
3.218020643881990495e+00 -2.946847587935694346e+00
3.298471159979039946e+00 -2.943755014971811246e+00
3.378921676076090286e+00 -2.899696828236110857e+00
3.459372192173139737e+00 -2.882298871861586509e+00
3.539822708270189189e+00 -2.884963745499649956e+00
3.620273224367239528e+00 -2.882146150815005914e+00
3.700723740464288980e+00 -2.869072694440663707e+00
3.781174256561339320e+00 -2.856263011113953088e+00
3.861624772658388771e+00 -2.857360209372211024e+00
3.942075288755438223e+00 -2.883463916465685006e+00
4.022525804852488562e+00 -2.918591050334249815e+00
4.102976320949538014e+00 -2.952569940870524157e+00
4.183426837046588354e+00 -2.979661087791646068e+00
4.263877353143637805e+00 -2.976828465493027043e+00
4.344327869240687257e+00 -2.973028821967722557e+00
4.424778385337737596e+00 -2.994627131280580112e+00
4.505228901434787048e+00 -2.990858057150461491e+00
4.585679417531836499e+00 -3.009672390926765750e+00
4.666129933628886839e+00 -3.040314803296595425e+00
4.746580449725936290e+00 -3.040637096969957653e+00
4.827030965822985742e+00 -3.007103044457686725e+00
4.907481481920036082e+00 -2.957471695637415632e+00
4.987931998017085533e+00 -2.934954704430968508e+00
5.068382514114135873e+00 -2.948447802542553564e+00
5.148833030211185324e+00 -2.961075378608948760e+00
5.229283546308234776e+00 -2.945900993642554866e+00
5.309734062405285115e+00 -2.924947491732580396e+00
5.390184578502334567e+00 -2.935558285376611121e+00
5.470635094599384018e+00 -2.954973380846089626e+00
5.551085610696433470e+00 -2.952860428390312375e+00
5.631536126793483810e+00 -2.925572504994743639e+00
5.711986642890533261e+00 -2.923904672890867307e+00
5.792437158987582713e+00 -2.936860645908126788e+00
5.872887675084633052e+00 -2.925701729795146644e+00
5.953338191181682504e+00 -2.904601611561608010e+00
6.033788707278731955e+00 -2.891914780746171587e+00
6.114239223375781407e+00 -2.906442116235640860e+00
6.194689739472831747e+00 -2.939910212838440895e+00
6.275140255569881198e+00 -2.981908584096796488e+00
6.355590771666931538e+00 -2.983847965495804999e+00
6.436041287763980989e+00 -2.968230223831027637e+00
6.516491803861030441e+00 -2.967692134096136414e+00
6.596942319958079892e+00 -2.965206147920248725e+00
6.677392836055131120e+00 -2.978572981642194861e+00
6.757843352152180572e+00 -2.988447725762627183e+00
6.838293868249230023e+00 -3.004793366825729617e+00
6.918744384346279475e+00 -3.015939854790623986e+00
6.999194900443328926e+00 -3.020351585857264265e+00
7.079645416540378378e+00 -3.018741216867149468e+00
7.160095932637429605e+00 -3.014760826598185783e+00
7.240546448734479057e+00 -3.031433821289391428e+00
7.320996964831528508e+00 -3.040832756287783045e+00
7.401447480928577960e+00 -3.025988574804776565e+00
7.481897997025627411e+00 -3.019718582826526276e+00
7.562348513122678639e+00 -3.032327464000634354e+00
7.642799029219728091e+00 -3.048443017885216211e+00
7.723249545316777542e+00 -3.050194718707366359e+00
7.803700061413826994e+00 -3.063430580385126056e+00
7.884150577510876445e+00 -3.048337474372945000e+00
7.964601093607927673e+00 -3.037750707731043054e+00
8.045051609704977125e+00 -3.042383418551523278e+00
8.125502125802025688e+00 -3.059887129420807650e+00
8.205952641899076028e+00 -3.065677679331434202e+00
8.286403157996124591e+00 -3.069053490796959327e+00
8.366853674093176707e+00 -3.061878007927340661e+00
8.447304190190225270e+00 -3.038431161069858888e+00
8.527754706287275610e+00 -3.033267031010626447e+00
8.608205222384324173e+00 -3.041610274456028051e+00
8.688655738481374513e+00 -3.051882784396327430e+00
8.769106254578423076e+00 -3.066930865699959874e+00
8.849556770675475192e+00 -3.082084423636471282e+00
8.930007286772523756e+00 -3.089035168225795935e+00
9.010457802869574095e+00 -3.101982769341337765e+00
9.090908318966622659e+00 -3.124609056847442279e+00
9.171358835063672998e+00 -3.125890721978313191e+00
9.251809351160723338e+00 -3.120048870106836514e+00
9.332259867257773678e+00 -3.129455756926810661e+00
9.412710383354822241e+00 -3.149435808018836269e+00
9.493160899451872581e+00 -3.133632690970358681e+00
9.573611415548921144e+00 -3.115914699017439116e+00
9.654061931645971484e+00 -3.111267304823381874e+00
9.734512447743021823e+00 -3.099340211159542502e+00
9.814962963840072163e+00 -3.090408717870605670e+00
9.895413479937120727e+00 -3.099954521475913882e+00
9.975863996034171066e+00 -3.114094428247036639e+00
1.005631451213121963e+01 -3.116038400026317046e+00
1.013676502822827175e+01 -3.096087145740161972e+00
1.021721554432532031e+01 -3.079913496400137340e+00
1.029766606042237065e+01 -3.080742260596946114e+00
