0.000000000000000000e+00 -1.549019599857431873e-01
8.045051609704977069e-02 -1.926822038967191120e-01
1.609010321940995414e-01 -4.869161600617875063e-01
2.413515482911492982e-01 -1.089807650935480154e+00
3.218020643881990828e-01 -1.413717383342801837e+00
4.022525804852488118e-01 -1.681900500331502846e+00
4.827030965822985964e-01 -2.080038182065640839e+00
5.631536126793483810e-01 -2.519513030304007195e+00
6.436041287763981655e-01 -2.762108265205417190e+00
7.240546448734478391e-01 -2.920607980249454450e+00
8.045051609704976237e-01 -3.020346981710682055e+00
8.849556770675472972e-01 -3.088756143946342014e+00
9.654061931645971928e-01 -3.178512583658887447e+00
1.045856709261647088e+00 -3.228619698213226474e+00
1.126307225358696762e+00 -3.302171760931519984e+00
1.206757741455746435e+00 -3.320560495205212348e+00
1.287208257552796331e+00 -3.284843688726185817e+00
1.367658773649846005e+00 -3.229794503287971352e+00
1.448109289746895678e+00 -3.143679571930478645e+00
1.528559805843945352e+00 -3.117988418196269595e+00
1.609010321940995247e+00 -3.161965534068951200e+00
1.689460838038045143e+00 -3.170272909786010285e+00
1.769911354135094594e+00 -3.120681163704711825e+00
1.850361870232144490e+00 -3.078130009818333512e+00
1.930812386329194386e+00 -2.993381086637436184e+00
2.011262902426244281e+00 -2.896456091171814240e+00
2.091713418523294177e+00 -2.868003681130856908e+00
2.172163934620343628e+00 -2.876292257708731537e+00
2.252614450717393524e+00 -2.843723218894810945e+00
2.333064966814443419e+00 -2.847702440959054559e+00
2.413515482911492871e+00 -2.903283989711875623e+00
2.493965999008542767e+00 -2.936703689925122873e+00
2.574416515105592662e+00 -2.946026615669021798e+00
2.654867031202642558e+00 -2.897738658427846392e+00
2.735317547299692009e+00 -2.851941786004230206e+00
2.815768063396741905e+00 -2.850544416508157930e+00
2.896218579493791356e+00 -2.897952640645196531e+00
2.976669095590841252e+00 -2.960972439604212081e+00
3.057119611687890703e+00 -2.991423506306918778e+00
3.137570127784940599e+00 -2.996597982005672289e+00
3.218020643881990495e+00 -2.979744970135190130e+00
3.298471159979039946e+00 -2.945218226886729518e+00
3.378921676076090286e+00 -2.904411000603819293e+00
3.459372192173139737e+00 -2.870093008965166614e+00
3.539822708270189189e+00 -2.903963343106113815e+00
3.620273224367239528e+00 -2.926238235057034398e+00
3.700723740464288980e+00 -2.905042784759968466e+00
3.781174256561339320e+00 -2.876660104254716632e+00
3.861624772658388771e+00 -2.870161434965902369e+00
3.942075288755438223e+00 -2.894250885762264414e+00
4.022525804852488562e+00 -2.916758386012101134e+00
4.102976320949538014e+00 -2.923490667653650288e+00
4.183426837046588354e+00 -2.961545686377685449e+00
4.263877353143637805e+00 -3.007241480808241718e+00
4.344327869240687257e+00 -3.011215342231576830e+00
4.424778385337737596e+00 -2.991317218741870398e+00
4.505228901434787048e+00 -2.985260359031973731e+00
4.585679417531836499e+00 -3.005579400589061922e+00
4.666129933628886839e+00 -3.005243715804632121e+00
4.746580449725936290e+00 -2.989604216996234243e+00
4.827030965822985742e+00 -2.961735464237161608e+00
4.907481481920036082e+00 -2.942870615318781358e+00
4.987931998017085533e+00 -2.950321982586820102e+00
5.068382514114135873e+00 -2.946797242115318127e+00
5.148833030211185324e+00 -2.938465553453852852e+00
5.229283546308234776e+00 -2.936480914114182994e+00
5.309734062405285115e+00 -2.949156282185165345e+00
5.390184578502334567e+00 -2.947991407020996046e+00
5.470635094599384018e+00 -2.946612278365456028e+00
5.551085610696433470e+00 -2.922429232808902544e+00
5.631536126793483810e+00 -2.894398819053773941e+00
5.711986642890533261e+00 -2.890858710040652202e+00
5.792437158987582713e+00 -2.922199844879202146e+00
5.872887675084633052e+00 -2.965178565959612378e+00
5.953338191181682504e+00 -2.980766962112181950e+00
6.033788707278731955e+00 -3.002457178971314811e+00
6.114239223375781407e+00 -3.028130298264847031e+00
6.194689739472831747e+00 -3.061092080826207873e+00
6.275140255569881198e+00 -3.066781848751424455e+00
6.355590771666931538e+00 -3.056026768777733160e+00
6.436041287763980989e+00 -3.017515459579229287e+00
6.516491803861030441e+00 -3.014112198247498320e+00
6.596942319958079892e+00 -3.030259018063786058e+00
6.677392836055131120e+00 -3.032124377734588094e+00
6.757843352152180572e+00 -3.023558432959325692e+00
6.838293868249230023e+00 -3.014328322459722376e+00
6.918744384346279475e+00 -3.010188630087851092e+00
6.999194900443328926e+00 -2.994722105633421005e+00
7.079645416540378378e+00 -2.972870246806382788e+00
7.160095932637429605e+00 -2.967827213216274629e+00
7.240546448734479057e+00 -2.992724390755716168e+00
7.320996964831528508e+00 -3.014748238824788817e+00
7.401447480928577960e+00 -2.994547271225861618e+00
7.481897997025627411e+00 -2.946621014628306945e+00
7.562348513122678639e+00 -2.936324934771094686e+00
7.642799029219728091e+00 -2.972093725943335318e+00
7.723249545316777542e+00 -3.028743845412623870e+00
7.803700061413826994e+00 -3.057984309565462855e+00
7.884150577510876445e+00 -3.079277041366657031e+00
7.964601093607927673e+00 -3.081740607005838850e+00
8.045051609704977125e+00 -3.095807001404712100e+00
8.125502125802025688e+00 -3.070605272459649093e+00
8.205952641899076028e+00 -3.042458677074615814e+00
8.286403157996124591e+00 -3.039035620763216539e+00
8.366853674093176707e+00 -3.056864657060037960e+00
8.447304190190225270e+00 -3.073918706404381584e+00
8.527754706287275610e+00 -3.087118002194806365e+00
8.608205222384324173e+00 -3.092070670434557744e+00
8.688655738481374513e+00 -3.091010182327233125e+00
8.769106254578423076e+00 -3.104453947368947642e+00
8.849556770675475192e+00 -3.101127156573853405e+00
8.930007286772523756e+00 -3.099541386389994546e+00
9.010457802869574095e+00 -3.095916018205490339e+00
9.090908318966622659e+00 -3.098090575956773840e+00
9.171358835063672998e+00 -3.090415652164932858e+00
9.251809351160723338e+00 -3.092086240020182952e+00
9.332259867257773678e+00 -3.095598813725170650e+00
9.412710383354822241e+00 -3.082093092091820363e+00
9.493160899451872581e+00 -3.070846108455916212e+00
9.573611415548921144e+00 -3.091963159210013412e+00
9.654061931645971484e+00 -3.108740725676512717e+00
9.734512447743021823e+00 -3.093696383944396722e+00
9.814962963840072163e+00 -3.083293109133618426e+00
9.895413479937120727e+00 -3.090138878111163834e+00
9.975863996034171066e+00 -3.120082201399265287e+00
1.005631451213121963e+01 -3.125175105193758185e+00
1.013676502822827175e+01 -3.089129824890493925e+00
1.021721554432532031e+01 -3.070415503982080629e+00
1.029766606042237065e+01 -3.097873604395926961e+00
