0.000000000000000000e+00 -1.549019599857431873e-01
8.045051609704977069e-02 -2.022265840236220358e-01
1.609010321940995414e-01 -5.765785705409753881e-01
2.413515482911492982e-01 -1.313507037183561321e+00
3.218020643881990828e-01 -1.620280301202393858e+00
4.022525804852488118e-01 -1.970790920055622619e+00
4.827030965822985964e-01 -2.297702487965822549e+00
5.631536126793483810e-01 -2.455411001291869066e+00
6.436041287763981655e-01 -2.623833802630474832e+00
7.240546448734478391e-01 -2.808995245067622548e+00
8.045051609704976237e-01 -3.043520187374862296e+00
8.849556770675472972e-01 -3.181183856592771697e+00
9.654061931645971928e-01 -3.222165322546282074e+00
1.045856709261647088e+00 -3.251251945222728423e+00
1.126307225358696762e+00 -3.246906790712575042e+00
1.206757741455746435e+00 -3.209656255932120672e+00
1.287208257552796331e+00 -3.200778978816674947e+00
1.367658773649846005e+00 -3.267411054829083561e+00
1.448109289746895678e+00 -3.290079194671247542e+00
1.528559805843945352e+00 -3.265111252327369762e+00
1.609010321940995247e+00 -3.215745024870155788e+00
1.689460838038045143e+00 -3.164182020639738635e+00
1.769911354135094594e+00 -3.149506428621031695e+00
1.850361870232144490e+00 -3.118285718503467585e+00
1.930812386329194386e+00 -3.095211495690577852e+00
2.011262902426244281e+00 -3.080590935793322771e+00
2.091713418523294177e+00 -3.011161251658600602e+00
2.172163934620343628e+00 -2.968614452276338689e+00
2.252614450717393524e+00 -2.936438004198628438e+00
2.333064966814443419e+00 -2.941328181947519216e+00
2.413515482911492871e+00 -2.970490526244471852e+00
2.493965999008542767e+00 -2.976526945099712940e+00
2.574416515105592662e+00 -2.936536352820375395e+00
2.654867031202642558e+00 -2.902854221527492840e+00
2.735317547299692009e+00 -2.898367396344226243e+00
2.815768063396741905e+00 -2.928391479957296539e+00
2.896218579493791356e+00 -2.963409985769443367e+00
2.976669095590841252e+00 -2.961146312105216616e+00
3.057119611687890703e+00 -2.926854750691999296e+00
3.137570127784940599e+00 -2.893481717719054380e+00
3.218020643881990495e+00 -2.873132984788873578e+00
3.298471159979039946e+00 -2.869866051903106285e+00
3.378921676076090286e+00 -2.918720026263335487e+00
3.459372192173139737e+00 -2.933883442427340338e+00
3.539822708270189189e+00 -2.888622841001303954e+00
3.620273224367239528e+00 -2.853647209054176681e+00
3.700723740464288980e+00 -2.852531233001289745e+00
3.781174256561339320e+00 -2.870655401948694951e+00
3.861624772658388771e+00 -2.888663663134071413e+00
3.942075288755438223e+00 -2.892904090572809395e+00
4.022525804852488562e+00 -2.886889388669016565e+00
4.102976320949538014e+00 -2.902507796948847751e+00
4.183426837046588354e+00 -2.935491742957006434e+00
4.263877353143637805e+00 -2.932799284570983378e+00
4.344327869240687257e+00 -2.917798126993683017e+00
4.424778385337737596e+00 -2.907077687055783954e+00
4.505228901434787048e+00 -2.905017302919191469e+00
4.585679417531836499e+00 -2.932111177686727466e+00
4.666129933628886839e+00 -2.950599573511849094e+00
4.746580449725936290e+00 -2.954631866254102679e+00
4.827030965822985742e+00 -2.944934166245523510e+00
4.907481481920036082e+00 -2.912426310774022475e+00
4.987931998017085533e+00 -2.893783055588872610e+00
5.068382514114135873e+00 -2.910949004445902766e+00
5.148833030211185324e+00 -2.952987960953691537e+00
5.229283546308234776e+00 -2.985742957142596410e+00
5.309734062405285115e+00 -2.980208856961758190e+00
5.390184578502334567e+00 -2.981782769791658350e+00
5.470635094599384018e+00 -2.984480969034546849e+00
5.551085610696433470e+00 -2.979387237926306664e+00
5.631536126793483810e+00 -2.946951858439345706e+00
5.711986642890533261e+00 -2.948478611625866996e+00
5.792437158987582713e+00 -2.964762202082388498e+00
5.872887675084633052e+00 -2.972316889042570409e+00
5.953338191181682504e+00 -2.988375979835892871e+00
6.033788707278731955e+00 -3.008733592925270095e+00
6.114239223375781407e+00 -3.013693878247778901e+00
6.194689739472831747e+00 -3.013056716760920573e+00
6.275140255569881198e+00 -2.987618306360850795e+00
6.355590771666931538e+00 -2.976411789761984839e+00
6.436041287763980989e+00 -2.979473967699457049e+00
6.516491803861030441e+00 -2.971447333554452896e+00
6.596942319958079892e+00 -2.976715787003222591e+00
6.677392836055131120e+00 -3.001876134126791218e+00
6.757843352152180572e+00 -2.996161009226490535e+00
6.838293868249230023e+00 -2.994686943094149179e+00
6.918744384346279475e+00 -2.990432734795005931e+00
6.999194900443328926e+00 -3.002189662854210628e+00
7.079645416540378378e+00 -3.013535043075889153e+00
7.160095932637429605e+00 -3.024701488276531958e+00
7.240546448734479057e+00 -3.032404135890371055e+00
7.320996964831528508e+00 -3.032406809973762218e+00
7.401447480928577960e+00 -3.033720845830542245e+00
7.481897997025627411e+00 -3.033300611139960967e+00
7.562348513122678639e+00 -3.011873676351501050e+00
7.642799029219728091e+00 -3.024902854176801714e+00
7.723249545316777542e+00 -3.064440769473680160e+00
7.803700061413826994e+00 -3.090067942272071377e+00
7.884150577510876445e+00 -3.091792664778930444e+00
7.964601093607927673e+00 -3.084531171971521157e+00
8.045051609704977125e+00 -3.085486864843645094e+00
8.125502125802025688e+00 -3.048626205083126539e+00
8.205952641899076028e+00 -3.009852063279058410e+00
8.286403157996124591e+00 -3.003292464285677532e+00
8.366853674093176707e+00 -3.014575817848409223e+00
8.447304190190225270e+00 -3.017559646590833644e+00
8.527754706287275610e+00 -3.034972464475392151e+00
8.608205222384324173e+00 -3.037380278491990993e+00
8.688655738481374513e+00 -3.038671809606380947e+00
8.769106254578423076e+00 -3.046846936834788355e+00
8.849556770675475192e+00 -3.069628283109458344e+00
8.930007286772523756e+00 -3.103497232923936533e+00
9.010457802869574095e+00 -3.140309666009715173e+00
9.090908318966622659e+00 -3.131055576752347136e+00
9.171358835063672998e+00 -3.076035611482531351e+00
9.251809351160723338e+00 -3.050032711451759138e+00
9.332259867257773678e+00 -3.075120067117738998e+00
9.412710383354822241e+00 -3.126941233921024299e+00
9.493160899451872581e+00 -3.160601486682187655e+00
9.573611415548921144e+00 -3.164141953386399919e+00
9.654061931645971484e+00 -3.146284193155417075e+00
9.734512447743021823e+00 -3.125740995136511380e+00
9.814962963840072163e+00 -3.122419516582298993e+00
9.895413479937120727e+00 -3.136096507394660282e+00
9.975863996034171066e+00 -3.119826528021341971e+00
1.005631451213121963e+01 -3.104500012171445000e+00
1.013676502822827175e+01 -3.101265377493749753e+00
1.021721554432532031e+01 -3.118659337637069484e+00
1.029766606042237065e+01 -3.127882083041256589e+00
