0.000000000000000000e+00 -1.549019599857431873e-01
8.045051609704977069e-02 -2.050468534765959860e-01
1.609010321940995414e-01 -5.844759402665302694e-01
2.413515482911492982e-01 -1.235633092898382746e+00
3.218020643881990828e-01 -1.411947223609451907e+00
4.022525804852488118e-01 -1.656246951261650002e+00
4.827030965822985964e-01 -1.983136848961411625e+00
5.631536126793483810e-01 -2.378435229135123397e+00
6.436041287763981655e-01 -2.717549172128903567e+00
7.240546448734478391e-01 -2.909406391726688579e+00
8.045051609704976237e-01 -3.004503623937087031e+00
8.849556770675472972e-01 -3.047239755924629812e+00
9.654061931645971928e-01 -3.130437445471784486e+00
1.045856709261647088e+00 -3.308594064947955271e+00
1.126307225358696762e+00 -3.455836316849703937e+00
1.206757741455746435e+00 -3.475582456202225057e+00
1.287208257552796331e+00 -3.417820782895997667e+00
1.367658773649846005e+00 -3.349155285190533959e+00
1.448109289746895678e+00 -3.337720622055096342e+00
1.528559805843945352e+00 -3.336292442599694041e+00
1.609010321940995247e+00 -3.348631286060559376e+00
1.689460838038045143e+00 -3.288220149925295210e+00
1.769911354135094594e+00 -3.151122162583081643e+00
1.850361870232144490e+00 -2.985355180903347616e+00
1.930812386329194386e+00 -2.908618763485831149e+00
2.011262902426244281e+00 -2.917161134974609382e+00
2.091713418523294177e+00 -2.894164079475179285e+00
2.172163934620343628e+00 -2.840778436343745383e+00
2.252614450717393524e+00 -2.794401571231153181e+00
2.333064966814443419e+00 -2.807127903370027600e+00
2.413515482911492871e+00 -2.849866040242837073e+00
2.493965999008542767e+00 -2.857055023529471161e+00
2.574416515105592662e+00 -2.870330904088662205e+00
2.654867031202642558e+00 -2.897635904776582727e+00
2.735317547299692009e+00 -2.916368070333935414e+00
2.815768063396741905e+00 -2.943754183658238155e+00
2.896218579493791356e+00 -2.967793764780643606e+00
2.976669095590841252e+00 -2.978400889392227580e+00
3.057119611687890703e+00 -2.962957679619102169e+00
3.137570127784940599e+00 -2.935850675299114698e+00
3.218020643881990495e+00 -2.852707377146734835e+00
3.298471159979039946e+00 -2.843930382915570210e+00
3.378921676076090286e+00 -2.872530219720476730e+00
3.459372192173139737e+00 -2.893160698684892562e+00
3.539822708270189189e+00 -2.870189321892258949e+00
3.620273224367239528e+00 -2.834000958588367425e+00
3.700723740464288980e+00 -2.850986445219652055e+00
3.781174256561339320e+00 -2.890861140118012873e+00
3.861624772658388771e+00 -2.858371240568903904e+00
3.942075288755438223e+00 -2.802878576534661992e+00
4.022525804852488562e+00 -2.815101986003510692e+00
4.102976320949538014e+00 -2.878413397320527256e+00
4.183426837046588354e+00 -2.901967362090806191e+00
4.263877353143637805e+00 -2.889565619741008895e+00
4.344327869240687257e+00 -2.894190526946851527e+00
4.424778385337737596e+00 -2.912120634713504241e+00
4.505228901434787048e+00 -2.894817675451028638e+00
4.585679417531836499e+00 -2.883506400227699995e+00
4.666129933628886839e+00 -2.877852478631498734e+00
4.746580449725936290e+00 -2.897777327716413609e+00
4.827030965822985742e+00 -2.933281534640766797e+00
4.907481481920036082e+00 -2.968600751565342311e+00
4.987931998017085533e+00 -2.964163230429205598e+00
5.068382514114135873e+00 -2.956769630756715728e+00
5.148833030211185324e+00 -2.985046747745971896e+00
5.229283546308234776e+00 -2.990053381969884683e+00
5.309734062405285115e+00 -2.958546755517396765e+00
5.390184578502334567e+00 -2.936053066869114048e+00
5.470635094599384018e+00 -2.947732736800096731e+00
5.551085610696433470e+00 -2.942175590898214121e+00
5.631536126793483810e+00 -2.924361826795275565e+00
5.711986642890533261e+00 -2.925564497106156292e+00
5.792437158987582713e+00 -2.923316373500281617e+00
5.872887675084633052e+00 -2.952707857965033877e+00
5.953338191181682504e+00 -2.980114147286580195e+00
6.033788707278731955e+00 -2.989311425927346999e+00
6.114239223375781407e+00 -2.973115209196193653e+00
6.194689739472831747e+00 -2.964257187937135107e+00
6.275140255569881198e+00 -2.977390350644294248e+00
6.355590771666931538e+00 -3.015658404380333835e+00
6.436041287763980989e+00 -3.050452724867009469e+00
6.516491803861030441e+00 -3.067572457288927801e+00
6.596942319958079892e+00 -3.043992771343251746e+00
6.677392836055131120e+00 -3.037137936516321357e+00
6.757843352152180572e+00 -3.037494175852515799e+00
6.838293868249230023e+00 -3.009787495498769783e+00
6.918744384346279475e+00 -2.962128575163770261e+00
6.999194900443328926e+00 -2.935957355204990460e+00
7.079645416540378378e+00 -2.925965404419288429e+00
7.160095932637429605e+00 -2.934544729452639000e+00
7.240546448734479057e+00 -2.962977875123603333e+00
7.320996964831528508e+00 -2.974528250373562166e+00
7.401447480928577960e+00 -2.988976255253076530e+00
7.481897997025627411e+00 -3.020525074463560777e+00
7.562348513122678639e+00 -3.041404073802087993e+00
7.642799029219728091e+00 -3.029905037036618509e+00
7.723249545316777542e+00 -3.011653839276354105e+00
7.803700061413826994e+00 -3.008861367322807290e+00
7.884150577510876445e+00 -2.996502139149167743e+00
7.964601093607927673e+00 -2.959900624729878693e+00
8.045051609704977125e+00 -2.960494316995663233e+00
8.125502125802025688e+00 -3.023342814096054987e+00
8.205952641899076028e+00 -3.068734344839088468e+00
8.286403157996124591e+00 -3.061938436783948614e+00
8.366853674093176707e+00 -3.039268917993580565e+00
8.447304190190225270e+00 -3.030856857300457730e+00
8.527754706287275610e+00 -3.041257558432840735e+00
8.608205222384324173e+00 -3.054287587108305946e+00
8.688655738481374513e+00 -3.070367888685799684e+00
8.769106254578423076e+00 -3.085609649184187564e+00
8.849556770675475192e+00 -3.099960836404713760e+00
8.930007286772523756e+00 -3.099663696593915496e+00
9.010457802869574095e+00 -3.085584072746113904e+00
9.090908318966622659e+00 -3.073764404626601721e+00
9.171358835063672998e+00 -3.053856489073005331e+00
9.251809351160723338e+00 -3.052441609611081574e+00
9.332259867257773678e+00 -3.078803910909103436e+00
9.412710383354822241e+00 -3.095039698426341968e+00
9.493160899451872581e+00 -3.094313527040998490e+00
9.573611415548921144e+00 -3.091729509716931279e+00
9.654061931645971484e+00 -3.087365702158363590e+00
9.734512447743021823e+00 -3.092010459973020708e+00
9.814962963840072163e+00 -3.101983896514828754e+00
9.895413479937120727e+00 -3.123722738512439978e+00
9.975863996034171066e+00 -3.150697638848140691e+00
1.005631451213121963e+01 -3.146797200845441012e+00
1.013676502822827175e+01 -3.121430297762014305e+00
1.021721554432532031e+01 -3.125195667140883593e+00
1.029766606042237065e+01 -3.131892871695756586e+00
