0.000000000000000000e+00 -1.549019599857431873e-01
8.045051609704977069e-02 -2.107355878486696643e-01
1.609010321940995414e-01 -5.935133941912345001e-01
2.413515482911492982e-01 -1.994469574546089197e+00
3.218020643881990828e-01 -2.484371577727850777e+00
4.022525804852488118e-01 -2.772584179897508161e+00
4.827030965822985964e-01 -3.104397756276304765e+00
5.631536126793483810e-01 -3.329052390466406219e+00
6.436041287763981655e-01 -3.473435891425097122e+00
7.240546448734478391e-01 -3.598210153045406479e+00
8.045051609704976237e-01 -3.767383167722115456e+00
8.849556770675472972e-01 -3.935884243730143339e+00
9.654061931645971928e-01 -4.012601391335864243e+00
1.045856709261647088e+00 -4.020753103017286278e+00
1.126307225358696762e+00 -3.985181673172395911e+00
1.206757741455746435e+00 -3.956189690295174088e+00
1.287208257552796331e+00 -3.963107545200981185e+00
1.367658773649846005e+00 -3.960295196550685848e+00
1.448109289746895678e+00 -3.945696330737859192e+00
1.528559805843945352e+00 -3.911809529070468638e+00
1.609010321940995247e+00 -3.782516503500730209e+00
1.689460838038045143e+00 -3.661998213843486116e+00
1.769911354135094594e+00 -3.581125608307251795e+00
1.850361870232144490e+00 -3.536491195806715115e+00
1.930812386329194386e+00 -3.513441441195813031e+00
2.011262902426244281e+00 -3.447994654888589139e+00
2.091713418523294177e+00 -3.359983192191663193e+00
2.172163934620343628e+00 -3.328175958989308292e+00
2.252614450717393524e+00 -3.328954824751137131e+00
2.333064966814443419e+00 -3.381891433773091205e+00
2.413515482911492871e+00 -3.384252263231843028e+00
2.493965999008542767e+00 -3.334115242672304635e+00
2.574416515105592662e+00 -3.317586252877229747e+00
2.654867031202642558e+00 -3.317670646519905731e+00
2.735317547299692009e+00 -3.295864857726961805e+00
2.815768063396741905e+00 -3.281055396804572144e+00
2.896218579493791356e+00 -3.281631621963402079e+00
2.976669095590841252e+00 -3.266006129443239203e+00
3.057119611687890703e+00 -3.283319656062085201e+00
3.137570127784940599e+00 -3.351796966920540743e+00
3.218020643881990495e+00 -3.378899219762178774e+00
3.298471159979039946e+00 -3.326723057621255197e+00
3.378921676076090286e+00 -3.277873411006485771e+00
3.459372192173139737e+00 -3.244279527278000508e+00
3.539822708270189189e+00 -3.266064415838109802e+00
3.620273224367239528e+00 -3.301485161838490612e+00
3.700723740464288980e+00 -3.303269948124852640e+00
3.781174256561339320e+00 -3.309217261287909828e+00
3.861624772658388771e+00 -3.333850482741150145e+00
3.942075288755438223e+00 -3.313255192030430507e+00
4.022525804852488562e+00 -3.294201220840248023e+00
4.102976320949538014e+00 -3.296228195348208434e+00
4.183426837046588354e+00 -3.296980123409988916e+00
4.263877353143637805e+00 -3.328322656125314971e+00
4.344327869240687257e+00 -3.366698399380798179e+00
4.424778385337737596e+00 -3.384938696608187580e+00
4.505228901434787048e+00 -3.367666729929405633e+00
4.585679417531836499e+00 -3.322818711259851288e+00
4.666129933628886839e+00 -3.280781830375654629e+00
4.746580449725936290e+00 -3.287519407720477460e+00
4.827030965822985742e+00 -3.327722032866123669e+00
4.907481481920036082e+00 -3.374213569572196647e+00
4.987931998017085533e+00 -3.394138661738426155e+00
5.068382514114135873e+00 -3.403678454609102122e+00
5.148833030211185324e+00 -3.404248379508421518e+00
5.229283546308234776e+00 -3.390267441104717339e+00
5.309734062405285115e+00 -3.324697532536303513e+00
5.390184578502334567e+00 -3.315841337802028832e+00
5.470635094599384018e+00 -3.351916908230666348e+00
5.551085610696433470e+00 -3.359642186723094781e+00
5.631536126793483810e+00 -3.348661606008163538e+00
5.711986642890533261e+00 -3.367861518193675963e+00
5.792437158987582713e+00 -3.381404865141021787e+00
5.872887675084633052e+00 -3.389097347242051139e+00
5.953338191181682504e+00 -3.410921282331289106e+00
6.033788707278731955e+00 -3.405529978226695675e+00
6.114239223375781407e+00 -3.378360728226988741e+00
6.194689739472831747e+00 -3.370916238209969329e+00
6.275140255569881198e+00 -3.396305466822812313e+00
6.355590771666931538e+00 -3.421481920889509976e+00
6.436041287763980989e+00 -3.424288080919412725e+00
6.516491803861030441e+00 -3.400305067051773378e+00
6.596942319958079892e+00 -3.364120285448160441e+00
6.677392836055131120e+00 -3.349328935175633237e+00
6.757843352152180572e+00 -3.344452696369577094e+00
6.838293868249230023e+00 -3.348465874514253038e+00
6.918744384346279475e+00 -3.391483502109012615e+00
6.999194900443328926e+00 -3.420956505071517828e+00
7.079645416540378378e+00 -3.418245033118735066e+00
7.160095932637429605e+00 -3.406818042744808483e+00
7.240546448734479057e+00 -3.412435635178197479e+00
7.320996964831528508e+00 -3.421539129756667297e+00
7.401447480928577960e+00 -3.456899149275943994e+00
7.481897997025627411e+00 -3.455997503248143143e+00
7.562348513122678639e+00 -3.450395853904033139e+00
7.642799029219728091e+00 -3.463522849065178821e+00
7.723249545316777542e+00 -3.470716226414103822e+00
7.803700061413826994e+00 -3.478958301591032143e+00
7.884150577510876445e+00 -3.477924648515449135e+00
7.964601093607927673e+00 -3.496733467251563088e+00
8.045051609704977125e+00 -3.492514552116913862e+00
8.125502125802025688e+00 -3.494348072330236921e+00
8.205952641899076028e+00 -3.502531313279835246e+00
8.286403157996124591e+00 -3.512435040236297379e+00
8.366853674093176707e+00 -3.487277793543816617e+00
8.447304190190225270e+00 -3.460821132598892458e+00
8.527754706287275610e+00 -3.445561048897798351e+00
8.608205222384324173e+00 -3.435339456565932981e+00
8.688655738481374513e+00 -3.429776945016581813e+00
8.769106254578423076e+00 -3.450844040849200489e+00
8.849556770675475192e+00 -3.474181079140538753e+00
8.930007286772523756e+00 -3.483087666509878222e+00
9.010457802869574095e+00 -3.497189779725458969e+00
9.090908318966622659e+00 -3.522634882154550784e+00
9.171358835063672998e+00 -3.523970804256273404e+00
9.251809351160723338e+00 -3.496628231568393197e+00
9.332259867257773678e+00 -3.467930680430333368e+00
9.412710383354822241e+00 -3.441907910287350436e+00
9.493160899451872581e+00 -3.452060049602354574e+00
9.573611415548921144e+00 -3.469282929097584844e+00
9.654061931645971484e+00 -3.472849254945654440e+00
9.734512447743021823e+00 -3.484407553174134087e+00
9.814962963840072163e+00 -3.493638386345622404e+00
9.895413479937120727e+00 -3.488897718930431768e+00
9.975863996034171066e+00 -3.498559631298343131e+00
1.005631451213121963e+01 -3.511195858216398236e+00
1.013676502822827175e+01 -3.496359560267015443e+00
1.021721554432532031e+01 -3.488014471020155050e+00
1.029766606042237065e+01 -3.498369023138648615e+00
