0.000000000000000000e+00 -1.549019599857431873e-01
8.045051609704977069e-02 -1.991493621645969159e-01
1.609010321940995414e-01 -5.522919089905954371e-01
2.413515482911492982e-01 -1.452468495624352318e+00
3.218020643881990828e-01 -1.818218895706761762e+00
4.022525804852488118e-01 -2.593352970888596065e+00
4.827030965822985964e-01 -3.050760637429748900e+00
5.631536126793483810e-01 -3.134690444722858071e+00
6.436041287763981655e-01 -3.301693562171393648e+00
7.240546448734478391e-01 -3.573406729645750346e+00
8.045051609704976237e-01 -3.678058425253819763e+00
8.849556770675472972e-01 -3.716817240908603104e+00
9.654061931645971928e-01 -3.793425860053348142e+00
1.045856709261647088e+00 -3.898994172336290642e+00
1.126307225358696762e+00 -3.920435275381685347e+00
1.206757741455746435e+00 -3.879991991947858487e+00
1.287208257552796331e+00 -3.879500074326956760e+00
1.367658773649846005e+00 -3.895236865656093173e+00
1.448109289746895678e+00 -3.914189599705754752e+00
1.528559805843945352e+00 -3.854731132948136629e+00
1.609010321940995247e+00 -3.702181772273441140e+00
1.689460838038045143e+00 -3.550858147595536085e+00
1.769911354135094594e+00 -3.494197386583647980e+00
1.850361870232144490e+00 -3.438582213894348261e+00
1.930812386329194386e+00 -3.370985316456803993e+00
2.011262902426244281e+00 -3.333753812319852905e+00
2.091713418523294177e+00 -3.272510684545824056e+00
2.172163934620343628e+00 -3.258599652735472585e+00
2.252614450717393524e+00 -3.295469455908215828e+00
2.333064966814443419e+00 -3.288144325306797455e+00
2.413515482911492871e+00 -3.260083231043002794e+00
2.493965999008542767e+00 -3.274078535845528215e+00
2.574416515105592662e+00 -3.342265177150270716e+00
2.654867031202642558e+00 -3.406736071906331098e+00
2.735317547299692009e+00 -3.396455082860230679e+00
2.815768063396741905e+00 -3.387355803579238600e+00
2.896218579493791356e+00 -3.420353133008612989e+00
2.976669095590841252e+00 -3.423130361499433061e+00
3.057119611687890703e+00 -3.392380630846306921e+00
3.137570127784940599e+00 -3.342983249761020570e+00
3.218020643881990495e+00 -3.337433739336958638e+00
3.298471159979039946e+00 -3.346474943419860626e+00
3.378921676076090286e+00 -3.308908037969029881e+00
3.459372192173139737e+00 -3.295555505737852720e+00
3.539822708270189189e+00 -3.323454839434265562e+00
3.620273224367239528e+00 -3.332822321532354248e+00
3.700723740464288980e+00 -3.310854875778932005e+00
3.781174256561339320e+00 -3.298569602479735963e+00
3.861624772658388771e+00 -3.315361956244141428e+00
3.942075288755438223e+00 -3.313401908081911262e+00
4.022525804852488562e+00 -3.296271272019189347e+00
4.102976320949538014e+00 -3.291901297070419563e+00
4.183426837046588354e+00 -3.314292222814872346e+00
4.263877353143637805e+00 -3.362917797974815048e+00
4.344327869240687257e+00 -3.391777150175296018e+00
4.424778385337737596e+00 -3.395282670844726347e+00
4.505228901434787048e+00 -3.399225928984597189e+00
4.585679417531836499e+00 -3.375413694456727676e+00
4.666129933628886839e+00 -3.315450544254932019e+00
4.746580449725936290e+00 -3.261622337520551529e+00
4.827030965822985742e+00 -3.258904492343282389e+00
4.907481481920036082e+00 -3.308370654082091633e+00
4.987931998017085533e+00 -3.350530291248291270e+00
5.068382514114135873e+00 -3.366160082657230657e+00
5.148833030211185324e+00 -3.347816421525844355e+00
5.229283546308234776e+00 -3.319981666182558300e+00
5.309734062405285115e+00 -3.289476747920315081e+00
5.390184578502334567e+00 -3.295456617285770218e+00
5.470635094599384018e+00 -3.312265448632870868e+00
5.551085610696433470e+00 -3.335565530541666490e+00
5.631536126793483810e+00 -3.326560894856625872e+00
5.711986642890533261e+00 -3.346544721235552799e+00
5.792437158987582713e+00 -3.401556414538501993e+00
5.872887675084633052e+00 -3.441230216051437640e+00
5.953338191181682504e+00 -3.430552892701074885e+00
6.033788707278731955e+00 -3.443327744111122524e+00
6.114239223375781407e+00 -3.449187761008228215e+00
6.194689739472831747e+00 -3.421628600091020100e+00
6.275140255569881198e+00 -3.373338995839597843e+00
6.355590771666931538e+00 -3.373150300531684742e+00
6.436041287763980989e+00 -3.405318517103266718e+00
6.516491803861030441e+00 -3.423896296184094190e+00
6.596942319958079892e+00 -3.409153542412162174e+00
6.677392836055131120e+00 -3.425724008406783927e+00
6.757843352152180572e+00 -3.446463370197162313e+00
6.838293868249230023e+00 -3.455060379212024468e+00
6.918744384346279475e+00 -3.461047990052211532e+00
6.999194900443328926e+00 -3.477638461227288147e+00
7.079645416540378378e+00 -3.463296548886825033e+00
7.160095932637429605e+00 -3.445352885486354655e+00
7.240546448734479057e+00 -3.441164995331511101e+00
7.320996964831528508e+00 -3.452243529304408920e+00
7.401447480928577960e+00 -3.428195277201292690e+00
7.481897997025627411e+00 -3.388660360016649609e+00
7.562348513122678639e+00 -3.378020318489095342e+00
7.642799029219728091e+00 -3.420823800403198778e+00
7.723249545316777542e+00 -3.455016374653073985e+00
7.803700061413826994e+00 -3.491648771811756813e+00
7.884150577510876445e+00 -3.490271760859867456e+00
7.964601093607927673e+00 -3.481891274963622163e+00
8.045051609704977125e+00 -3.472397075782279519e+00
8.125502125802025688e+00 -3.449957701444357205e+00
8.205952641899076028e+00 -3.426541630080430334e+00
8.286403157996124591e+00 -3.434143518639706905e+00
8.366853674093176707e+00 -3.431446438079914341e+00
8.447304190190225270e+00 -3.416596742214896842e+00
8.527754706287275610e+00 -3.447418673438741088e+00
8.608205222384324173e+00 -3.498463584334606136e+00
8.688655738481374513e+00 -3.517974808055638114e+00
8.769106254578423076e+00 -3.519104069856686223e+00
8.849556770675475192e+00 -3.510144578035534924e+00
8.930007286772523756e+00 -3.505694601939540522e+00
9.010457802869574095e+00 -3.520391784260702650e+00
9.090908318966622659e+00 -3.532553400900121154e+00
9.171358835063672998e+00 -3.548191979530063378e+00
9.251809351160723338e+00 -3.591503401389334549e+00
9.332259867257773678e+00 -3.586935361981569148e+00
9.412710383354822241e+00 -3.545260129011643446e+00
9.493160899451872581e+00 -3.520433699549617934e+00
9.573611415548921144e+00 -3.511178672993373162e+00
9.654061931645971484e+00 -3.534015061972150651e+00
9.734512447743021823e+00 -3.574838012635520812e+00
9.814962963840072163e+00 -3.589034842313387319e+00
9.895413479937120727e+00 -3.544528034463972688e+00
9.975863996034171066e+00 -3.510333244321723889e+00
1.005631451213121963e+01 -3.527373329503387112e+00
1.013676502822827175e+01 -3.543610849302782029e+00
1.021721554432532031e+01 -3.543842046619338770e+00
1.029766606042237065e+01 -3.562732242186807063e+00
