0.000000000000000000e+00 -1.549019599857431873e-01
8.045051609704977069e-02 -3.715121647306386943e-01
1.609010321940995414e-01 -9.870718419134847377e-01
2.413515482911492982e-01 -3.133412698452023193e+00
3.218020643881990828e-01 -4.631499024451521507e+00
4.022525804852488118e-01 -5.695558558067769894e+00
4.827030965822985964e-01 -6.255378773460687825e+00
5.631536126793483810e-01 -6.456286377497473694e+00
6.436041287763981655e-01 -6.773963720855691761e+00
7.240546448734478391e-01 -7.062859966191787464e+00
8.045051609704976237e-01 -7.308750018387191183e+00
8.849556770675472972e-01 -7.483339521749191370e+00
9.654061931645971928e-01 -7.634487883785487483e+00
1.045856709261647088e+00 -7.808800046056131983e+00
1.126307225358696762e+00 -7.971596535265739192e+00
1.206757741455746435e+00 -7.945743650174335926e+00
1.287208257552796331e+00 -7.791291950112684717e+00
1.367658773649846005e+00 -7.576667936155331518e+00
1.448109289746895678e+00 -7.407620914913294996e+00
1.528559805843945352e+00 -7.222844418618771023e+00
1.609010321940995247e+00 -7.052440379838820661e+00
1.689460838038045143e+00 -6.975828426534659066e+00
1.769911354135094594e+00 -6.990126625577326003e+00
1.850361870232144490e+00 -7.025492835699619576e+00
1.930812386329194386e+00 -6.967920158105748385e+00
2.011262902426244281e+00 -6.915626420441392419e+00
2.091713418523294177e+00 -6.717808276754274388e+00
2.172163934620343628e+00 -6.649001180344957795e+00
2.252614450717393524e+00 -6.592787045128820189e+00
2.333064966814443419e+00 -6.570506835235708998e+00
2.413515482911492871e+00 -6.544145419442936706e+00
2.493965999008542767e+00 -6.568258606424914881e+00
2.574416515105592662e+00 -6.636012016014237069e+00
2.654867031202642558e+00 -6.695495207117026837e+00
2.735317547299692009e+00 -6.726310453550870427e+00
2.815768063396741905e+00 -6.815216762438957687e+00
2.896218579493791356e+00 -6.797468981637842411e+00
2.976669095590841252e+00 -6.788521005529547736e+00
3.057119611687890703e+00 -6.834343402908385379e+00
3.137570127784940599e+00 -6.819512056610604667e+00
3.218020643881990495e+00 -6.815112261879292532e+00
3.298471159979039946e+00 -6.858938265232056963e+00
3.378921676076090286e+00 -6.834170281725771012e+00
3.459372192173139737e+00 -6.765799964573834480e+00
3.539822708270189189e+00 -6.577915009989963480e+00
3.620273224367239528e+00 -6.470312013718920952e+00
3.700723740464288980e+00 -6.438143542483417470e+00
3.781174256561339320e+00 -6.472259851699060818e+00
3.861624772658388771e+00 -6.575861949729135070e+00
3.942075288755438223e+00 -6.707696664656561225e+00
4.022525804852488562e+00 -6.785849438816432766e+00
4.102976320949538014e+00 -6.816596404489960292e+00
4.183426837046588354e+00 -6.846672913337410016e+00
4.263877353143637805e+00 -6.898953228822644057e+00
4.344327869240687257e+00 -6.849715072047162678e+00
4.424778385337737596e+00 -6.788518535923580899e+00
4.505228901434787048e+00 -6.726634613851991240e+00
4.585679417531836499e+00 -6.634393152481094624e+00
4.666129933628886839e+00 -6.589833903791891601e+00
4.746580449725936290e+00 -6.586261511511695588e+00
4.827030965822985742e+00 -6.557920485653963460e+00
4.907481481920036082e+00 -6.572231739404957196e+00
4.987931998017085533e+00 -6.595756751733724776e+00
5.068382514114135873e+00 -6.592437135991796815e+00
5.148833030211185324e+00 -6.575615872186912014e+00
5.229283546308234776e+00 -6.647273665414290100e+00
5.309734062405285115e+00 -6.710665361191642475e+00
5.390184578502334567e+00 -6.715913749426923651e+00
5.470635094599384018e+00 -6.668554091287418828e+00
5.551085610696433470e+00 -6.669096853411565107e+00
5.631536126793483810e+00 -6.677299529028438485e+00
5.711986642890533261e+00 -6.675993643841286129e+00
5.792437158987582713e+00 -6.652818015735349810e+00
5.872887675084633052e+00 -6.682077858629939193e+00
5.953338191181682504e+00 -6.722006517526653013e+00
6.033788707278731955e+00 -6.707206209931023011e+00
6.114239223375781407e+00 -6.684906278092644705e+00
6.194689739472831747e+00 -6.662316692279547148e+00
6.275140255569881198e+00 -6.682054738687742912e+00
6.355590771666931538e+00 -6.770166791636206938e+00
6.436041287763980989e+00 -6.848432468113393234e+00
6.516491803861030441e+00 -6.868693746297838132e+00
6.596942319958079892e+00 -6.886633250893071434e+00
6.677392836055131120e+00 -6.855603136700975320e+00
6.757843352152180572e+00 -6.814737858816190652e+00
6.838293868249230023e+00 -6.833020098610782078e+00
6.918744384346279475e+00 -6.870947278367260047e+00
6.999194900443328926e+00 -6.905092922987443593e+00
7.079645416540378378e+00 -6.915330017714519606e+00
7.160095932637429605e+00 -6.873935147697207704e+00
7.240546448734479057e+00 -6.865412470604369766e+00
7.320996964831528508e+00 -6.909770037826079125e+00
7.401447480928577960e+00 -6.942912065097553764e+00
7.481897997025627411e+00 -6.988426264932090959e+00
7.562348513122678639e+00 -7.041176308558212860e+00
7.642799029219728091e+00 -7.033855950308991467e+00
7.723249545316777542e+00 -7.012458219243648649e+00
7.803700061413826994e+00 -6.956825520392636797e+00
7.884150577510876445e+00 -6.913274440749852978e+00
7.964601093607927673e+00 -6.864266331702657986e+00
8.045051609704977125e+00 -6.842556948002799011e+00
8.125502125802025688e+00 -6.865640364755472902e+00
8.205952641899076028e+00 -6.903841566682573649e+00
8.286403157996124591e+00 -6.926972347466174185e+00
8.366853674093176707e+00 -6.892642708015271680e+00
8.447304190190225270e+00 -6.855079212853500081e+00
8.527754706287275610e+00 -6.886608235695166336e+00
8.608205222384324173e+00 -6.949214250677950844e+00
8.688655738481374513e+00 -6.975946622938407948e+00
8.769106254578423076e+00 -6.972982271605980387e+00
8.849556770675475192e+00 -6.934862382664518599e+00
8.930007286772523756e+00 -6.998014512209292270e+00
9.010457802869574095e+00 -7.031203320944404034e+00
9.090908318966622659e+00 -7.022071560783287758e+00
9.171358835063672998e+00 -6.997334342800382245e+00
9.251809351160723338e+00 -6.938983556037785938e+00
9.332259867257773678e+00 -6.882710124952160946e+00
9.412710383354822241e+00 -6.896595239292345525e+00
9.493160899451872581e+00 -7.004770885657467083e+00
9.573611415548921144e+00 -7.046202367407959244e+00
9.654061931645971484e+00 -6.995986483389432742e+00
9.734512447743021823e+00 -6.992952457287674228e+00
9.814962963840072163e+00 -7.028320853553641001e+00
9.895413479937120727e+00 -7.050935704504144752e+00
9.975863996034171066e+00 -7.056877859908219364e+00
1.005631451213121963e+01 -7.049566080790973466e+00
1.013676502822827175e+01 -7.038450124678532482e+00
1.021721554432532031e+01 -7.043323202745494171e+00
1.029766606042237065e+01 -7.045616233334407674e+00
