0.000000000000000000e+00 -1.549019599857431873e-01
8.045051609704977069e-02 -1.865287517595721478e-01
1.609010321940995414e-01 -4.993385122987714642e-01
2.413515482911492982e-01 -1.337835204285135360e+00
3.218020643881990828e-01 -1.862442765796113120e+00
4.022525804852488118e-01 -2.319645722673354005e+00
4.827030965822985964e-01 -2.846844870804771332e+00
5.631536126793483810e-01 -3.288015802760577255e+00
6.436041287763981655e-01 -3.373553827826467177e+00
7.240546448734478391e-01 -3.476393194320364088e+00
8.045051609704976237e-01 -3.616983387462393118e+00
8.849556770675472972e-01 -3.714085182635548765e+00
9.654061931645971928e-01 -3.749722766936577578e+00
1.045856709261647088e+00 -3.847074555420127329e+00
1.126307225358696762e+00 -3.964826989509186994e+00
1.206757741455746435e+00 -3.958664378949730001e+00
1.287208257552796331e+00 -3.815533007771043206e+00
1.367658773649846005e+00 -3.721657358312169261e+00
1.448109289746895678e+00 -3.698449714892410700e+00
1.528559805843945352e+00 -3.718704359444481078e+00
1.609010321940995247e+00 -3.734271890649722536e+00
1.689460838038045143e+00 -3.669797277182056838e+00
1.769911354135094594e+00 -3.571542353837382056e+00
1.850361870232144490e+00 -3.486931840069747768e+00
1.930812386329194386e+00 -3.397200111934277178e+00
2.011262902426244281e+00 -3.311611115218925594e+00
2.091713418523294177e+00 -3.270474917342402588e+00
2.172163934620343628e+00 -3.273708239173517054e+00
2.252614450717393524e+00 -3.283232234697456509e+00
2.333064966814443419e+00 -3.278559496853427291e+00
2.413515482911492871e+00 -3.298629630278671510e+00
2.493965999008542767e+00 -3.308020895538341666e+00
2.574416515105592662e+00 -3.305070824248794281e+00
2.654867031202642558e+00 -3.278055680829440099e+00
2.735317547299692009e+00 -3.228767196452386301e+00
2.815768063396741905e+00 -3.211196248429382116e+00
2.896218579493791356e+00 -3.235490684427678509e+00
2.976669095590841252e+00 -3.287002372548258222e+00
3.057119611687890703e+00 -3.342239972835791662e+00
3.137570127784940599e+00 -3.387317402523610799e+00
3.218020643881990495e+00 -3.365324296191372966e+00
3.298471159979039946e+00 -3.340743403697178593e+00
3.378921676076090286e+00 -3.338362350584861193e+00
3.459372192173139737e+00 -3.338051472506964767e+00
3.539822708270189189e+00 -3.351735748279440763e+00
3.620273224367239528e+00 -3.340827341584796439e+00
3.700723740464288980e+00 -3.313741170983316220e+00
3.781174256561339320e+00 -3.324823841396991053e+00
3.861624772658388771e+00 -3.362421037106137156e+00
3.942075288755438223e+00 -3.394541162782678256e+00
4.022525804852488562e+00 -3.406231955476235029e+00
4.102976320949538014e+00 -3.358913585302109706e+00
4.183426837046588354e+00 -3.291921836938797252e+00
4.263877353143637805e+00 -3.275496256388302108e+00
4.344327869240687257e+00 -3.288385013112704591e+00
4.424778385337737596e+00 -3.312913908515296768e+00
4.505228901434787048e+00 -3.309768150985359370e+00
4.585679417531836499e+00 -3.302893953898365265e+00
4.666129933628886839e+00 -3.337039343833982041e+00
4.746580449725936290e+00 -3.359464133163586386e+00
4.827030965822985742e+00 -3.344049574638422673e+00
4.907481481920036082e+00 -3.372689291249840515e+00
4.987931998017085533e+00 -3.409183201319080592e+00
5.068382514114135873e+00 -3.394363790341258902e+00
5.148833030211185324e+00 -3.341056265423913096e+00
5.229283546308234776e+00 -3.323981146625987648e+00
5.309734062405285115e+00 -3.346186472216317487e+00
5.390184578502334567e+00 -3.377768406572044579e+00
5.470635094599384018e+00 -3.367502242727758777e+00
5.551085610696433470e+00 -3.345595760543606634e+00
5.631536126793483810e+00 -3.352064795859814872e+00
5.711986642890533261e+00 -3.374691330940599254e+00
5.792437158987582713e+00 -3.417140790223652136e+00
5.872887675084633052e+00 -3.450583532015571109e+00
5.953338191181682504e+00 -3.443331521333391709e+00
6.033788707278731955e+00 -3.453363699198356951e+00
6.114239223375781407e+00 -3.457159285330407172e+00
6.194689739472831747e+00 -3.453745250165477731e+00
6.275140255569881198e+00 -3.418942260588546667e+00
6.355590771666931538e+00 -3.395526641499366338e+00
6.436041287763980989e+00 -3.374022361294179984e+00
6.516491803861030441e+00 -3.340656307879859011e+00
6.596942319958079892e+00 -3.345106463991542878e+00
6.677392836055131120e+00 -3.375439595965364692e+00
6.757843352152180572e+00 -3.408870865975902387e+00
6.838293868249230023e+00 -3.432181486742177157e+00
6.918744384346279475e+00 -3.433133137805572499e+00
6.999194900443328926e+00 -3.421087665042560566e+00
7.079645416540378378e+00 -3.392014230992548729e+00
7.160095932637429605e+00 -3.403362690632583565e+00
7.240546448734479057e+00 -3.420922122100551910e+00
7.320996964831528508e+00 -3.424412548984525184e+00
7.401447480928577960e+00 -3.417018367179106342e+00
7.481897997025627411e+00 -3.437449242323564746e+00
7.562348513122678639e+00 -3.449027586042823668e+00
7.642799029219728091e+00 -3.442240238686189002e+00
7.723249545316777542e+00 -3.426855055010375573e+00
7.803700061413826994e+00 -3.441825467781702841e+00
7.884150577510876445e+00 -3.447957928972618102e+00
7.964601093607927673e+00 -3.431791455470563079e+00
8.045051609704977125e+00 -3.421495670424074209e+00
8.125502125802025688e+00 -3.399627371604893700e+00
8.205952641899076028e+00 -3.367404049682755307e+00
8.286403157996124591e+00 -3.364422073071938080e+00
8.366853674093176707e+00 -3.393030896909684735e+00
8.447304190190225270e+00 -3.439254461033931509e+00
8.527754706287275610e+00 -3.457500062364042392e+00
8.608205222384324173e+00 -3.460777785765926762e+00
8.688655738481374513e+00 -3.464853446192971642e+00
8.769106254578423076e+00 -3.486006167647778042e+00
8.849556770675475192e+00 -3.490040484576632185e+00
8.930007286772523756e+00 -3.471278959327849023e+00
9.010457802869574095e+00 -3.468951722353879941e+00
9.090908318966622659e+00 -3.493200267672107451e+00
9.171358835063672998e+00 -3.481413034502080617e+00
9.251809351160723338e+00 -3.470448446247755836e+00
9.332259867257773678e+00 -3.474879335087452059e+00
9.412710383354822241e+00 -3.471549001691570435e+00
9.493160899451872581e+00 -3.450936352806699858e+00
9.573611415548921144e+00 -3.452185544950051366e+00
9.654061931645971484e+00 -3.443326579254948783e+00
9.734512447743021823e+00 -3.447299541815438850e+00
9.814962963840072163e+00 -3.457551629640431390e+00
9.895413479937120727e+00 -3.472042373328816378e+00
9.975863996034171066e+00 -3.472571572335444223e+00
1.005631451213121963e+01 -3.470301314214307542e+00
1.013676502822827175e+01 -3.477346008994168347e+00
1.021721554432532031e+01 -3.504071145563941059e+00
1.029766606042237065e+01 -3.513355048034903394e+00
