0.000000000000000000e+00 -1.549019599857431873e-01
8.045051609704977069e-02 -1.852673775694055058e-01
1.609010321940995414e-01 -4.528818090793387818e-01
2.413515482911492982e-01 -1.144464412378487950e+00
3.218020643881990828e-01 -2.079117072389445209e+00
4.022525804852488118e-01 -2.531703174169523507e+00
4.827030965822985964e-01 -2.906016293723728161e+00
5.631536126793483810e-01 -3.146941866872231319e+00
6.436041287763981655e-01 -3.484581907021533809e+00
7.240546448734478391e-01 -3.690149678889478313e+00
8.045051609704976237e-01 -3.785945804350061117e+00
8.849556770675472972e-01 -3.881783424425968576e+00
9.654061931645971928e-01 -3.890679833280231037e+00
1.045856709261647088e+00 -3.895830801573230584e+00
1.126307225358696762e+00 -3.935219981550512003e+00
1.206757741455746435e+00 -3.926897404432392769e+00
1.287208257552796331e+00 -3.781879160248615701e+00
1.367658773649846005e+00 -3.696082219409963621e+00
1.448109289746895678e+00 -3.704705506228330947e+00
1.528559805843945352e+00 -3.736177327982422192e+00
1.609010321940995247e+00 -3.669313219295506912e+00
1.689460838038045143e+00 -3.539954153027109029e+00
1.769911354135094594e+00 -3.392980529869827677e+00
1.850361870232144490e+00 -3.340094192292701880e+00
1.930812386329194386e+00 -3.354787804584690392e+00
2.011262902426244281e+00 -3.372664492437234873e+00
2.091713418523294177e+00 -3.373999678711697925e+00
2.172163934620343628e+00 -3.340149951498191161e+00
2.252614450717393524e+00 -3.297092910968993706e+00
2.333064966814443419e+00 -3.304181338653946032e+00
2.413515482911492871e+00 -3.336401258659419611e+00
2.493965999008542767e+00 -3.385671832554628224e+00
2.574416515105592662e+00 -3.432702934216365076e+00
2.654867031202642558e+00 -3.427946931290805299e+00
2.735317547299692009e+00 -3.396137309217885036e+00
2.815768063396741905e+00 -3.368071805603853885e+00
2.896218579493791356e+00 -3.368589608624176002e+00
2.976669095590841252e+00 -3.366951786991629891e+00
3.057119611687890703e+00 -3.321720023786049580e+00
3.137570127784940599e+00 -3.345405875642442073e+00
3.218020643881990495e+00 -3.379531951213571528e+00
3.298471159979039946e+00 -3.401152371773045413e+00
3.378921676076090286e+00 -3.403670459747840216e+00
3.459372192173139737e+00 -3.382226073771411379e+00
3.539822708270189189e+00 -3.344178542749896899e+00
3.620273224367239528e+00 -3.345329125880130761e+00
3.700723740464288980e+00 -3.401735469156418556e+00
3.781174256561339320e+00 -3.404348414334346540e+00
3.861624772658388771e+00 -3.364719365121413119e+00
3.942075288755438223e+00 -3.327441172845141626e+00
4.022525804852488562e+00 -3.331056167248235500e+00
4.102976320949538014e+00 -3.333487600744613477e+00
4.183426837046588354e+00 -3.312043972332810338e+00
4.263877353143637805e+00 -3.303708844382977627e+00
4.344327869240687257e+00 -3.325828960532613898e+00
4.424778385337737596e+00 -3.368437835335519992e+00
4.505228901434787048e+00 -3.392162202770206303e+00
4.585679417531836499e+00 -3.406015144978737474e+00
4.666129933628886839e+00 -3.402420818476081799e+00
4.746580449725936290e+00 -3.367230181839268699e+00
4.827030965822985742e+00 -3.326234764038439540e+00
4.907481481920036082e+00 -3.329202835565694851e+00
4.987931998017085533e+00 -3.344280770707495520e+00
5.068382514114135873e+00 -3.343158426300121722e+00
5.148833030211185324e+00 -3.326172601213051916e+00
5.229283546308234776e+00 -3.338430723036862169e+00
5.309734062405285115e+00 -3.353382432252264067e+00
5.390184578502334567e+00 -3.370619081419663932e+00
5.470635094599384018e+00 -3.390821990664464547e+00
5.551085610696433470e+00 -3.389911935845085988e+00
5.631536126793483810e+00 -3.375250452872270657e+00
5.711986642890533261e+00 -3.372831889548185913e+00
5.792437158987582713e+00 -3.382016160285712392e+00
5.872887675084633052e+00 -3.395836984741843700e+00
5.953338191181682504e+00 -3.404860331218051428e+00
6.033788707278731955e+00 -3.411315872302623564e+00
6.114239223375781407e+00 -3.410266820165782864e+00
6.194689739472831747e+00 -3.412640347022442011e+00
6.275140255569881198e+00 -3.405556693594680606e+00
6.355590771666931538e+00 -3.387573656646673204e+00
6.436041287763980989e+00 -3.403594658521479133e+00
6.516491803861030441e+00 -3.419555073730586425e+00
6.596942319958079892e+00 -3.410739824284299448e+00
6.677392836055131120e+00 -3.419153839966539099e+00
6.757843352152180572e+00 -3.417367213526695480e+00
6.838293868249230023e+00 -3.416975062776595795e+00
6.918744384346279475e+00 -3.432431512685985453e+00
6.999194900443328926e+00 -3.436812824222635232e+00
7.079645416540378378e+00 -3.400225274477858051e+00
7.160095932637429605e+00 -3.380233858129914726e+00
7.240546448734479057e+00 -3.381427075627146728e+00
7.320996964831528508e+00 -3.432266442446665788e+00
7.401447480928577960e+00 -3.482202077264097362e+00
7.481897997025627411e+00 -3.469006181154719037e+00
7.562348513122678639e+00 -3.439580558222504969e+00
7.642799029219728091e+00 -3.423148443839997057e+00
7.723249545316777542e+00 -3.434249507521907052e+00
7.803700061413826994e+00 -3.453974963044665447e+00
7.884150577510876445e+00 -3.469744083104883359e+00
7.964601093607927673e+00 -3.465189686883810793e+00
8.045051609704977125e+00 -3.443498576293255287e+00
8.125502125802025688e+00 -3.430724087360339070e+00
8.205952641899076028e+00 -3.430457109043628883e+00
8.286403157996124591e+00 -3.427706355422955209e+00
8.366853674093176707e+00 -3.425114636764305054e+00
8.447304190190225270e+00 -3.417731721296028091e+00
8.527754706287275610e+00 -3.443356745138381747e+00
8.608205222384324173e+00 -3.490650100557431301e+00
8.688655738481374513e+00 -3.520666912817908667e+00
8.769106254578423076e+00 -3.514704275866084693e+00
8.849556770675475192e+00 -3.513647995898618870e+00
8.930007286772523756e+00 -3.499182175214841095e+00
9.010457802869574095e+00 -3.483221236809550980e+00
9.090908318966622659e+00 -3.469367069964816253e+00
9.171358835063672998e+00 -3.481561983887727418e+00
9.251809351160723338e+00 -3.512098455947676889e+00
9.332259867257773678e+00 -3.513828280203382004e+00
9.412710383354822241e+00 -3.508748389860547157e+00
9.493160899451872581e+00 -3.489591194857870615e+00
9.573611415548921144e+00 -3.475351328558857755e+00
9.654061931645971484e+00 -3.492511759450918962e+00
9.734512447743021823e+00 -3.505542590247863632e+00
9.814962963840072163e+00 -3.511295727579344383e+00
9.895413479937120727e+00 -3.530238904462868366e+00
9.975863996034171066e+00 -3.541990859519030366e+00
1.005631451213121963e+01 -3.547952076745074734e+00
1.013676502822827175e+01 -3.556770567661453608e+00
1.021721554432532031e+01 -3.565120498284932271e+00
1.029766606042237065e+01 -3.580387967973365448e+00
