0.000000000000000000e+00 -1.549019599857431873e-01
8.045051609704977069e-02 -2.033596220467821514e-01
1.609010321940995414e-01 -6.121120189719929661e-01
2.413515482911492982e-01 -1.771596390657111719e+00
3.218020643881990828e-01 -2.421431406528666397e+00
4.022525804852488118e-01 -2.892190563586395591e+00
4.827030965822985964e-01 -3.333733861527925502e+00
5.631536126793483810e-01 -3.750702875379423595e+00
6.436041287763981655e-01 -3.918184416904236578e+00
7.240546448734478391e-01 -3.994120918301525158e+00
8.045051609704976237e-01 -4.034375736635913867e+00
8.849556770675472972e-01 -4.023725382190426636e+00
9.654061931645971928e-01 -4.031984006298216627e+00
1.045856709261647088e+00 -4.060576952518539784e+00
1.126307225358696762e+00 -4.050197080347756717e+00
1.206757741455746435e+00 -4.011481146464496383e+00
1.287208257552796331e+00 -4.012735332982160230e+00
1.367658773649846005e+00 -4.017316281169262204e+00
1.448109289746895678e+00 -4.057249846695310858e+00
1.528559805843945352e+00 -3.993212863986097982e+00
1.609010321940995247e+00 -3.869990320792119576e+00
1.689460838038045143e+00 -3.741744851417468265e+00
1.769911354135094594e+00 -3.629106404989347556e+00
1.850361870232144490e+00 -3.497092515059001094e+00
1.930812386329194386e+00 -3.403527075541329605e+00
2.011262902426244281e+00 -3.375664418463098837e+00
2.091713418523294177e+00 -3.336177079705644033e+00
2.172163934620343628e+00 -3.264388386241512396e+00
2.252614450717393524e+00 -3.245610859822221972e+00
2.333064966814443419e+00 -3.284356306330082020e+00
2.413515482911492871e+00 -3.309348106887968211e+00
2.493965999008542767e+00 -3.307150035025348433e+00
2.574416515105592662e+00 -3.317179935930120394e+00
2.654867031202642558e+00 -3.310589711672911051e+00
2.735317547299692009e+00 -3.321352292213812341e+00
2.815768063396741905e+00 -3.326767505955644300e+00
2.896218579493791356e+00 -3.314392077279302740e+00
2.976669095590841252e+00 -3.331047957560510753e+00
3.057119611687890703e+00 -3.344776928395778004e+00
3.137570127784940599e+00 -3.347806350454048729e+00
3.218020643881990495e+00 -3.352656620292556955e+00
3.298471159979039946e+00 -3.352243300294446282e+00
3.378921676076090286e+00 -3.326035829619808037e+00
3.459372192173139737e+00 -3.316250090341930079e+00
3.539822708270189189e+00 -3.357050371749980222e+00
3.620273224367239528e+00 -3.352786777935691465e+00
3.700723740464288980e+00 -3.313434374838444718e+00
3.781174256561339320e+00 -3.311448432894656957e+00
3.861624772658388771e+00 -3.351214750767901762e+00
3.942075288755438223e+00 -3.346777331573356662e+00
4.022525804852488562e+00 -3.325481729086762428e+00
4.102976320949538014e+00 -3.336896433426347119e+00
4.183426837046588354e+00 -3.382418255347813041e+00
4.263877353143637805e+00 -3.370822549593933903e+00
4.344327869240687257e+00 -3.320332629798887325e+00
4.424778385337737596e+00 -3.277366069787598590e+00
4.505228901434787048e+00 -3.281884773254444276e+00
4.585679417531836499e+00 -3.342851658203974008e+00
4.666129933628886839e+00 -3.381652680560482960e+00
4.746580449725936290e+00 -3.399658079244464837e+00
4.827030965822985742e+00 -3.403607448080750775e+00
4.907481481920036082e+00 -3.404758911588218417e+00
4.987931998017085533e+00 -3.405646735877783104e+00
5.068382514114135873e+00 -3.407570976558688347e+00
5.148833030211185324e+00 -3.417378630992558897e+00
5.229283546308234776e+00 -3.406867993010265661e+00
5.309734062405285115e+00 -3.367550158723683129e+00
5.390184578502334567e+00 -3.353474047629187549e+00
5.470635094599384018e+00 -3.351118693720753328e+00
5.551085610696433470e+00 -3.335600885759660184e+00
5.631536126793483810e+00 -3.340737844615690122e+00
5.711986642890533261e+00 -3.361225865455413242e+00
5.792437158987582713e+00 -3.382432011398872618e+00
5.872887675084633052e+00 -3.390474247379172912e+00
5.953338191181682504e+00 -3.409169371743017596e+00
6.033788707278731955e+00 -3.423181859921575754e+00
6.114239223375781407e+00 -3.402896022480926597e+00
6.194689739472831747e+00 -3.386155335409099187e+00
6.275140255569881198e+00 -3.400138668430594535e+00
6.355590771666931538e+00 -3.417545106645734965e+00
6.436041287763980989e+00 -3.411828293339405072e+00
6.516491803861030441e+00 -3.408782146923822864e+00
6.596942319958079892e+00 -3.389838649358894784e+00
6.677392836055131120e+00 -3.377027338590905536e+00
6.757843352152180572e+00 -3.387697810674063170e+00
6.838293868249230023e+00 -3.430326560705633465e+00
6.918744384346279475e+00 -3.453260703221061600e+00
6.999194900443328926e+00 -3.473089975199040502e+00
7.079645416540378378e+00 -3.471834699653939094e+00
7.160095932637429605e+00 -3.428155747357921168e+00
7.240546448734479057e+00 -3.376455185032249950e+00
7.320996964831528508e+00 -3.350761476088936597e+00
7.401447480928577960e+00 -3.365335399463369459e+00
7.481897997025627411e+00 -3.406241647718436738e+00
7.562348513122678639e+00 -3.424897076890213388e+00
7.642799029219728091e+00 -3.421891732467708280e+00
7.723249545316777542e+00 -3.408545251711649904e+00
7.803700061413826994e+00 -3.409013608136152396e+00
7.884150577510876445e+00 -3.413927783575749331e+00
7.964601093607927673e+00 -3.434323748797472931e+00
8.045051609704977125e+00 -3.444613231913930207e+00
8.125502125802025688e+00 -3.462399306448724179e+00
8.205952641899076028e+00 -3.478445055606937952e+00
8.286403157996124591e+00 -3.489117931304797526e+00
8.366853674093176707e+00 -3.500418454960149806e+00
8.447304190190225270e+00 -3.509239953645445276e+00
8.527754706287275610e+00 -3.516464398761106391e+00
8.608205222384324173e+00 -3.496667690016246333e+00
8.688655738481374513e+00 -3.480779251758464810e+00
8.769106254578423076e+00 -3.465328450792642734e+00
8.849556770675475192e+00 -3.459652590083598156e+00
8.930007286772523756e+00 -3.475591723032763980e+00
9.010457802869574095e+00 -3.514010787649142653e+00
9.090908318966622659e+00 -3.539069805120186096e+00
9.171358835063672998e+00 -3.538791084607900483e+00
9.251809351160723338e+00 -3.512637216799395556e+00
9.332259867257773678e+00 -3.490994667188013434e+00
9.412710383354822241e+00 -3.508301840223527535e+00
9.493160899451872581e+00 -3.540504787737545289e+00
9.573611415548921144e+00 -3.562220346504352264e+00
9.654061931645971484e+00 -3.541440243131898313e+00
9.734512447743021823e+00 -3.488427301385657486e+00
9.814962963840072163e+00 -3.459701237165725196e+00
9.895413479937120727e+00 -3.458001314221900380e+00
9.975863996034171066e+00 -3.475557219539872289e+00
1.005631451213121963e+01 -3.494668655122404211e+00
1.013676502822827175e+01 -3.505733730946987592e+00
1.021721554432532031e+01 -3.517758462339979353e+00
1.029766606042237065e+01 -3.533158121970470855e+00
