0.000000000000000000e+00 -1.549019599857431873e-01
8.045051609704977069e-02 -2.049627482864128936e-01
1.609010321940995414e-01 -5.388511106916354931e-01
2.413515482911492982e-01 -1.481240995863804644e+00
3.218020643881990828e-01 -1.852578050186007186e+00
4.022525804852488118e-01 -1.785374385387306084e+00
4.827030965822985964e-01 -2.008605263808691976e+00
5.631536126793483810e-01 -2.406060869407972369e+00
6.436041287763981655e-01 -2.686972674281213891e+00
7.240546448734478391e-01 -2.857496893769004398e+00
8.045051609704976237e-01 -3.059437923502275947e+00
8.849556770675472972e-01 -3.229970768183355823e+00
9.654061931645971928e-01 -3.317671001823675692e+00
1.045856709261647088e+00 -3.300020859200724299e+00
1.126307225358696762e+00 -3.293215629615566353e+00
1.206757741455746435e+00 -3.317272537787324005e+00
1.287208257552796331e+00 -3.266235607734544466e+00
1.367658773649846005e+00 -3.163494234932653359e+00
1.448109289746895678e+00 -3.121570930899728147e+00
1.528559805843945352e+00 -3.092929182761726459e+00
1.609010321940995247e+00 -3.028047921945994148e+00
1.689460838038045143e+00 -2.967741896031493631e+00
1.769911354135094594e+00 -2.874409943983895044e+00
1.850361870232144490e+00 -2.802076066309024061e+00
1.930812386329194386e+00 -2.759067414959472053e+00
2.011262902426244281e+00 -2.713755313050627116e+00
2.091713418523294177e+00 -2.683827495621805337e+00
2.172163934620343628e+00 -2.716386197500626487e+00
2.252614450717393524e+00 -2.770238803409104555e+00
2.333064966814443419e+00 -2.836955032862666481e+00
2.413515482911492871e+00 -2.903629120440657907e+00
2.493965999008542767e+00 -2.952652177585946891e+00
2.574416515105592662e+00 -2.979310388902992379e+00
2.654867031202642558e+00 -3.032276212768804768e+00
2.735317547299692009e+00 -3.099406049028446297e+00
2.815768063396741905e+00 -3.121876783651986731e+00
2.896218579493791356e+00 -3.097996745471006008e+00
2.976669095590841252e+00 -3.082410286671320776e+00
3.057119611687890703e+00 -3.086189689705439942e+00
3.137570127784940599e+00 -3.105417807855923584e+00
3.218020643881990495e+00 -3.143793424251375868e+00
3.298471159979039946e+00 -3.136602011940989421e+00
3.378921676076090286e+00 -3.117474997914908563e+00
3.459372192173139737e+00 -3.119862366912044216e+00
3.539822708270189189e+00 -3.164597803123498476e+00
3.620273224367239528e+00 -3.163417482551122539e+00
3.700723740464288980e+00 -3.116062037374558891e+00
3.781174256561339320e+00 -3.084616929736199609e+00
3.861624772658388771e+00 -3.072013531478115400e+00
3.942075288755438223e+00 -3.083410056639003471e+00
4.022525804852488562e+00 -3.105150560220364397e+00
4.102976320949538014e+00 -3.154545280432126120e+00
4.183426837046588354e+00 -3.179992974652180227e+00
4.263877353143637805e+00 -3.207975274592791415e+00
4.344327869240687257e+00 -3.213205353371952455e+00
4.424778385337737596e+00 -3.209722982900162336e+00
4.505228901434787048e+00 -3.197259814276518064e+00
4.585679417531836499e+00 -3.182924363232489728e+00
4.666129933628886839e+00 -3.176446001856398471e+00
4.746580449725936290e+00 -3.202628450997755394e+00
4.827030965822985742e+00 -3.194382105316375675e+00
4.907481481920036082e+00 -3.157340412379609607e+00
4.987931998017085533e+00 -3.114150579709411559e+00
5.068382514114135873e+00 -3.096268552240470928e+00
5.148833030211185324e+00 -3.118764538611567438e+00
5.229283546308234776e+00 -3.130546743111806585e+00
5.309734062405285115e+00 -3.130467577760919884e+00
5.390184578502334567e+00 -3.120467054842058996e+00
5.470635094599384018e+00 -3.124358286209162561e+00
5.551085610696433470e+00 -3.124138067087569137e+00
5.631536126793483810e+00 -3.114246368706736767e+00
5.711986642890533261e+00 -3.141481677285277829e+00
5.792437158987582713e+00 -3.191172829145070722e+00
5.872887675084633052e+00 -3.239564487894861955e+00
5.953338191181682504e+00 -3.222723522243680971e+00
6.033788707278731955e+00 -3.155372169483690481e+00
6.114239223375781407e+00 -3.111350755264615575e+00
6.194689739472831747e+00 -3.139861538658878182e+00
6.275140255569881198e+00 -3.184129268153211623e+00
6.355590771666931538e+00 -3.193012676793236082e+00
6.436041287763980989e+00 -3.193517265674712835e+00
6.516491803861030441e+00 -3.194290942732036065e+00
6.596942319958079892e+00 -3.189007650466602062e+00
6.677392836055131120e+00 -3.154245827288945314e+00
6.757843352152180572e+00 -3.136509657841288767e+00
6.838293868249230023e+00 -3.133125708702608314e+00
6.918744384346279475e+00 -3.143463666510009524e+00
6.999194900443328926e+00 -3.191968812929769417e+00
7.079645416540378378e+00 -3.209645669119178368e+00
7.160095932637429605e+00 -3.172882450725283299e+00
7.240546448734479057e+00 -3.112326288537766050e+00
7.320996964831528508e+00 -3.087246945045625246e+00
7.401447480928577960e+00 -3.117691027195128584e+00
7.481897997025627411e+00 -3.164496710290979564e+00
7.562348513122678639e+00 -3.212736461771399821e+00
7.642799029219728091e+00 -3.231151431213158620e+00
7.723249545316777542e+00 -3.203583574951887947e+00
7.803700061413826994e+00 -3.188678230646114997e+00
7.884150577510876445e+00 -3.205245442735633610e+00
7.964601093607927673e+00 -3.223631874297289368e+00
8.045051609704977125e+00 -3.228855401635143174e+00
8.125502125802025688e+00 -3.223051053143257683e+00
8.205952641899076028e+00 -3.220967188884357846e+00
8.286403157996124591e+00 -3.225718756807000709e+00
8.366853674093176707e+00 -3.245412498988913264e+00
8.447304190190225270e+00 -3.254138479474644186e+00
8.527754706287275610e+00 -3.254955663257085963e+00
8.608205222384324173e+00 -3.241370961268275952e+00
8.688655738481374513e+00 -3.210030497500222957e+00
8.769106254578423076e+00 -3.209203824372891312e+00
8.849556770675475192e+00 -3.227840618363302827e+00
8.930007286772523756e+00 -3.260760781030663136e+00
9.010457802869574095e+00 -3.271816919456512096e+00
9.090908318966622659e+00 -3.279648291303427055e+00
9.171358835063672998e+00 -3.260790447155529126e+00
9.251809351160723338e+00 -3.238025147884580068e+00
9.332259867257773678e+00 -3.227993857337720929e+00
9.412710383354822241e+00 -3.238356136225402082e+00
9.493160899451872581e+00 -3.274433080345253710e+00
9.573611415548921144e+00 -3.288634294710217176e+00
9.654061931645971484e+00 -3.315548009887213432e+00
9.734512447743021823e+00 -3.345239901908532598e+00
9.814962963840072163e+00 -3.350069309669110318e+00
9.895413479937120727e+00 -3.343602708358049735e+00
9.975863996034171066e+00 -3.331308590932167135e+00
1.005631451213121963e+01 -3.322445648453355105e+00
1.013676502822827175e+01 -3.311927651089955127e+00
1.021721554432532031e+01 -3.298950786760799669e+00
1.029766606042237065e+01 -3.279054397828235601e+00
