0.000000000000000000e+00 -1.549019599857431873e-01
8.045051609704977069e-02 -1.857949334062014568e-01
1.609010321940995414e-01 -4.952690600030363322e-01
2.413515482911492982e-01 -1.325455233225083518e+00
3.218020643881990828e-01 -1.872325256861718135e+00
4.022525804852488118e-01 -2.017594669254273221e+00
4.827030965822985964e-01 -2.170405592912681758e+00
5.631536126793483810e-01 -2.433626600240770710e+00
6.436041287763981655e-01 -2.736787695185433300e+00
7.240546448734478391e-01 -2.953258360279355621e+00
8.045051609704976237e-01 -3.144168261652517504e+00
8.849556770675472972e-01 -3.334843299620869228e+00
9.654061931645971928e-01 -3.453159784242584074e+00
1.045856709261647088e+00 -3.410095803022281213e+00
1.126307225358696762e+00 -3.315591485250219073e+00
1.206757741455746435e+00 -3.213396518756229892e+00
1.287208257552796331e+00 -3.176102512688861790e+00
1.367658773649846005e+00 -3.204645474218147161e+00
1.448109289746895678e+00 -3.187713106727553036e+00
1.528559805843945352e+00 -3.138438124768301307e+00
1.609010321940995247e+00 -3.040658129982105606e+00
1.689460838038045143e+00 -2.960508926169160837e+00
1.769911354135094594e+00 -2.886374899382585291e+00
1.850361870232144490e+00 -2.804280575553525168e+00
1.930812386329194386e+00 -2.696261694970454315e+00
2.011262902426244281e+00 -2.650101025604726601e+00
2.091713418523294177e+00 -2.696519331509839024e+00
2.172163934620343628e+00 -2.778503052906160953e+00
2.252614450717393524e+00 -2.831427405515163809e+00
2.333064966814443419e+00 -2.867372321314255235e+00
2.413515482911492871e+00 -2.913422620306970856e+00
2.493965999008542767e+00 -2.946788969157416727e+00
2.574416515105592662e+00 -2.974671818226779063e+00
2.654867031202642558e+00 -2.983137083946153734e+00
2.735317547299692009e+00 -2.969331074655673586e+00
2.815768063396741905e+00 -2.976536597757452718e+00
2.896218579493791356e+00 -3.037693659758688991e+00
2.976669095590841252e+00 -3.105275794881959595e+00
3.057119611687890703e+00 -3.148756162547793114e+00
3.137570127784940599e+00 -3.150755920337767080e+00
3.218020643881990495e+00 -3.126428142107279040e+00
3.298471159979039946e+00 -3.139139801104373184e+00
3.378921676076090286e+00 -3.133735213105977913e+00
3.459372192173139737e+00 -3.112311750492375406e+00
3.539822708270189189e+00 -3.117056323696056452e+00
3.620273224367239528e+00 -3.116637354723227560e+00
3.700723740464288980e+00 -3.105717304155976688e+00
3.781174256561339320e+00 -3.130975078304853554e+00
3.861624772658388771e+00 -3.178090071297266395e+00
3.942075288755438223e+00 -3.181459091371090508e+00
4.022525804852488562e+00 -3.130664641350587196e+00
4.102976320949538014e+00 -3.110550615640885752e+00
4.183426837046588354e+00 -3.122819310193183817e+00
4.263877353143637805e+00 -3.145875536550300833e+00
4.344327869240687257e+00 -3.131663626645122989e+00
4.424778385337737596e+00 -3.127877155165170286e+00
4.505228901434787048e+00 -3.175078302494927840e+00
4.585679417531836499e+00 -3.208156948666078367e+00
4.666129933628886839e+00 -3.188250904678200381e+00
4.746580449725936290e+00 -3.145026579807686851e+00
4.827030965822985742e+00 -3.134634931633406563e+00
4.907481481920036082e+00 -3.165594913346418515e+00
4.987931998017085533e+00 -3.198614244199474932e+00
5.068382514114135873e+00 -3.211320249922741343e+00
5.148833030211185324e+00 -3.226728202925805089e+00
5.229283546308234776e+00 -3.201486053906036577e+00
5.309734062405285115e+00 -3.177825806988975987e+00
5.390184578502334567e+00 -3.142880390007483538e+00
5.470635094599384018e+00 -3.115008069513273359e+00
5.551085610696433470e+00 -3.114068340615741448e+00
5.631536126793483810e+00 -3.112184509043711245e+00
5.711986642890533261e+00 -3.136682682885916229e+00
5.792437158987582713e+00 -3.173210020967471845e+00
5.872887675084633052e+00 -3.187440339880532658e+00
5.953338191181682504e+00 -3.193366866620819700e+00
6.033788707278731955e+00 -3.213809933745392922e+00
6.114239223375781407e+00 -3.229099051958461253e+00
6.194689739472831747e+00 -3.224787789521313730e+00
6.275140255569881198e+00 -3.186756106438172420e+00
6.355590771666931538e+00 -3.153880945421874582e+00
6.436041287763980989e+00 -3.155803686542433262e+00
6.516491803861030441e+00 -3.167375229428120775e+00
6.596942319958079892e+00 -3.190392026357054434e+00
6.677392836055131120e+00 -3.196201796093790737e+00
6.757843352152180572e+00 -3.188009101146466850e+00
6.838293868249230023e+00 -3.169045257916674796e+00
6.918744384346279475e+00 -3.175864447115963607e+00
6.999194900443328926e+00 -3.174067760868451771e+00
7.079645416540378378e+00 -3.143711873077533081e+00
7.160095932637429605e+00 -3.149606750471058536e+00
7.240546448734479057e+00 -3.175393035357033877e+00
7.320996964831528508e+00 -3.174128569787128207e+00
7.401447480928577960e+00 -3.152967798307070524e+00
7.481897997025627411e+00 -3.147291695960698910e+00
7.562348513122678639e+00 -3.159060353492265882e+00
7.642799029219728091e+00 -3.177695082521319492e+00
7.723249545316777542e+00 -3.174067716344181722e+00
7.803700061413826994e+00 -3.172331978243523309e+00
7.884150577510876445e+00 -3.180880455445205257e+00
7.964601093607927673e+00 -3.201256180498026627e+00
8.045051609704977125e+00 -3.233837804599981602e+00
8.125502125802025688e+00 -3.257456994761452673e+00
8.205952641899076028e+00 -3.253513491958805126e+00
8.286403157996124591e+00 -3.235395677330206166e+00
8.366853674093176707e+00 -3.245093297193883064e+00
8.447304190190225270e+00 -3.270259770392238252e+00
8.527754706287275610e+00 -3.259930720088256795e+00
8.608205222384324173e+00 -3.264727321869712373e+00
8.688655738481374513e+00 -3.254366844499927414e+00
8.769106254578423076e+00 -3.241945216174485278e+00
8.849556770675475192e+00 -3.246049690674365884e+00
8.930007286772523756e+00 -3.246754932654841497e+00
9.010457802869574095e+00 -3.232300956536469538e+00
9.090908318966622659e+00 -3.234046199955156187e+00
9.171358835063672998e+00 -3.242442262550501830e+00
9.251809351160723338e+00 -3.234838647731472339e+00
9.332259867257773678e+00 -3.241621485739432984e+00
9.412710383354822241e+00 -3.256860790649171111e+00
9.493160899451872581e+00 -3.276721722483225907e+00
9.573611415548921144e+00 -3.284829175728520401e+00
9.654061931645971484e+00 -3.297170850751231619e+00
9.734512447743021823e+00 -3.344308874707730084e+00
9.814962963840072163e+00 -3.367488501992576211e+00
9.895413479937120727e+00 -3.344973149913321731e+00
9.975863996034171066e+00 -3.321267395309627002e+00
1.005631451213121963e+01 -3.311025617306302404e+00
1.013676502822827175e+01 -3.306716046898606098e+00
1.021721554432532031e+01 -3.308449746816955361e+00
1.029766606042237065e+01 -3.299619315897730054e+00
