0.000000000000000000e+00 -1.549019599857431873e-01
8.045051609704977069e-02 -2.043140891809932802e-01
1.609010321940995414e-01 -6.231382330041389528e-01
2.413515482911492982e-01 -1.757091941678615488e+00
3.218020643881990828e-01 -1.756928982017685437e+00
4.022525804852488118e-01 -1.649037209277832483e+00
4.827030965822985964e-01 -1.840983536421154865e+00
5.631536126793483810e-01 -2.338072158774259446e+00
6.436041287763981655e-01 -2.610769549430553838e+00
7.240546448734478391e-01 -2.616286282704266775e+00
8.045051609704976237e-01 -2.843376270509630377e+00
8.849556770675472972e-01 -3.215544176431936130e+00
9.654061931645971928e-01 -3.354959455953587799e+00
1.045856709261647088e+00 -3.307942360294563233e+00
1.126307225358696762e+00 -3.303251756829144625e+00
1.206757741455746435e+00 -3.333977183423532331e+00
1.287208257552796331e+00 -3.218186689816091128e+00
1.367658773649846005e+00 -3.076442567695463648e+00
1.448109289746895678e+00 -3.036543124828912088e+00
1.528559805843945352e+00 -3.031141732970042302e+00
1.609010321940995247e+00 -2.951401545463259168e+00
1.689460838038045143e+00 -2.853177500781657550e+00
1.769911354135094594e+00 -2.763847079810948681e+00
1.850361870232144490e+00 -2.697111348551336718e+00
1.930812386329194386e+00 -2.641689368238533842e+00
2.011262902426244281e+00 -2.609634382017046228e+00
2.091713418523294177e+00 -2.578887833775906024e+00
2.172163934620343628e+00 -2.569539224451225845e+00
2.252614450717393524e+00 -2.630823914567668620e+00
2.333064966814443419e+00 -2.764310695568751086e+00
2.413515482911492871e+00 -2.873114119553388246e+00
2.493965999008542767e+00 -2.949679816733984605e+00
2.574416515105592662e+00 -3.034564829492272686e+00
2.654867031202642558e+00 -3.041357690008013037e+00
2.735317547299692009e+00 -3.028931966109352114e+00
2.815768063396741905e+00 -3.037914690402535811e+00
2.896218579493791356e+00 -3.053206310727688777e+00
2.976669095590841252e+00 -3.093215655254058838e+00
3.057119611687890703e+00 -3.148747327084087111e+00
3.137570127784940599e+00 -3.193475352538482248e+00
3.218020643881990495e+00 -3.208962078967177334e+00
3.298471159979039946e+00 -3.143891261141634974e+00
3.378921676076090286e+00 -3.077335975309416050e+00
3.459372192173139737e+00 -3.058245404528096234e+00
3.539822708270189189e+00 -3.065795391006732373e+00
3.620273224367239528e+00 -3.067713728539277707e+00
3.700723740464288980e+00 -3.075021571731680670e+00
3.781174256561339320e+00 -3.083732942100425589e+00
3.861624772658388771e+00 -3.108597947951186935e+00
3.942075288755438223e+00 -3.126110184345847198e+00
4.022525804852488562e+00 -3.164496106846711232e+00
4.102976320949538014e+00 -3.182754851069344415e+00
4.183426837046588354e+00 -3.188109283601813893e+00
4.263877353143637805e+00 -3.160718117678736672e+00
4.344327869240687257e+00 -3.149788799631695557e+00
4.424778385337737596e+00 -3.153957678744928828e+00
4.505228901434787048e+00 -3.180257128640774589e+00
4.585679417531836499e+00 -3.204828628820539649e+00
4.666129933628886839e+00 -3.208787629210786196e+00
4.746580449725936290e+00 -3.201264133594583505e+00
4.827030965822985742e+00 -3.197171838193955118e+00
4.907481481920036082e+00 -3.199264363401247202e+00
4.987931998017085533e+00 -3.182601695713624945e+00
5.068382514114135873e+00 -3.161028827427799115e+00
5.148833030211185324e+00 -3.162307646942998485e+00
5.229283546308234776e+00 -3.165706777967749908e+00
5.309734062405285115e+00 -3.155838718213567429e+00
5.390184578502334567e+00 -3.136641893239174195e+00
5.470635094599384018e+00 -3.151273108489847541e+00
5.551085610696433470e+00 -3.180324228520467589e+00
5.631536126793483810e+00 -3.193099723154961378e+00
5.711986642890533261e+00 -3.182233014112310521e+00
5.792437158987582713e+00 -3.157359588129252881e+00
5.872887675084633052e+00 -3.157730589024344336e+00
5.953338191181682504e+00 -3.182473860031705737e+00
6.033788707278731955e+00 -3.179542776215996458e+00
6.114239223375781407e+00 -3.154461438341237933e+00
6.194689739472831747e+00 -3.168222501968527283e+00
6.275140255569881198e+00 -3.205496008143532638e+00
6.355590771666931538e+00 -3.194254278309306638e+00
6.436041287763980989e+00 -3.192744793318502694e+00
6.516491803861030441e+00 -3.196215155998760160e+00
6.596942319958079892e+00 -3.178648449736900083e+00
6.677392836055131120e+00 -3.157983749538563867e+00
6.757843352152180572e+00 -3.162075239339153132e+00
6.838293868249230023e+00 -3.159845838523608563e+00
6.918744384346279475e+00 -3.155818407896224365e+00
6.999194900443328926e+00 -3.170435626423621756e+00
7.079645416540378378e+00 -3.176749936531142016e+00
7.160095932637429605e+00 -3.199268070002363018e+00
7.240546448734479057e+00 -3.204886098505594028e+00
7.320996964831528508e+00 -3.211131742080749252e+00
7.401447480928577960e+00 -3.216315981372583011e+00
7.481897997025627411e+00 -3.217065494602711961e+00
7.562348513122678639e+00 -3.223213729166338748e+00
7.642799029219728091e+00 -3.235937265975384225e+00
7.723249545316777542e+00 -3.226859176468809931e+00
7.803700061413826994e+00 -3.191158297319313775e+00
7.884150577510876445e+00 -3.197630468423918515e+00
7.964601093607927673e+00 -3.227536678281337501e+00
8.045051609704977125e+00 -3.259077564970923824e+00
8.125502125802025688e+00 -3.271928774861233347e+00
8.205952641899076028e+00 -3.261471559209293769e+00
8.286403157996124591e+00 -3.233653222770672020e+00
8.366853674093176707e+00 -3.206616612812857703e+00
8.447304190190225270e+00 -3.202756859656685329e+00
8.527754706287275610e+00 -3.222541699383829616e+00
8.608205222384324173e+00 -3.228607041401620137e+00
8.688655738481374513e+00 -3.239327991963691478e+00
8.769106254578423076e+00 -3.255045520164474127e+00
8.849556770675475192e+00 -3.256099230443347370e+00
8.930007286772523756e+00 -3.252771349356902597e+00
9.010457802869574095e+00 -3.250434294708835825e+00
9.090908318966622659e+00 -3.258506341491015146e+00
9.171358835063672998e+00 -3.272564466100982283e+00
9.251809351160723338e+00 -3.287099549155235945e+00
9.332259867257773678e+00 -3.306576011872901066e+00
9.412710383354822241e+00 -3.310616954902146247e+00
9.493160899451872581e+00 -3.314750280099026281e+00
9.573611415548921144e+00 -3.317543616139989826e+00
9.654061931645971484e+00 -3.318426599976093350e+00
9.734512447743021823e+00 -3.331042438610527512e+00
9.814962963840072163e+00 -3.314136410125751553e+00
9.895413479937120727e+00 -3.289706255800262547e+00
9.975863996034171066e+00 -3.286718088800727688e+00
1.005631451213121963e+01 -3.277530825800747838e+00
1.013676502822827175e+01 -3.253736804646086611e+00
1.021721554432532031e+01 -3.257612217285029921e+00
1.029766606042237065e+01 -3.274958901197660310e+00
