0.000000000000000000e+00 -1.549019599857431873e-01
8.045051609704977069e-02 -2.121533130465531602e-01
1.609010321940995414e-01 -6.419927070700015559e-01
2.413515482911492982e-01 -1.778192045708980373e+00
3.218020643881990828e-01 -1.781979652797099911e+00
4.022525804852488118e-01 -1.773126248950668060e+00
4.827030965822985964e-01 -2.088703869060509977e+00
5.631536126793483810e-01 -2.478296669170025002e+00
6.436041287763981655e-01 -2.596268197927321886e+00
7.240546448734478391e-01 -2.678556204601938440e+00
8.045051609704976237e-01 -2.862772699523655096e+00
8.849556770675472972e-01 -3.145085558801084868e+00
9.654061931645971928e-01 -3.278886765959693861e+00
1.045856709261647088e+00 -3.376222933143364635e+00
1.126307225358696762e+00 -3.375145740558537000e+00
1.206757741455746435e+00 -3.329721289464153688e+00
1.287208257552796331e+00 -3.234969524699842225e+00
1.367658773649846005e+00 -3.109338785027532914e+00
1.448109289746895678e+00 -3.039186293860285826e+00
1.528559805843945352e+00 -3.012613154921184755e+00
1.609010321940995247e+00 -3.007556363095712726e+00
1.689460838038045143e+00 -2.934872354011018647e+00
1.769911354135094594e+00 -2.816388731837041970e+00
1.850361870232144490e+00 -2.760645604656477570e+00
1.930812386329194386e+00 -2.722769477615805123e+00
2.011262902426244281e+00 -2.711777870000724011e+00
2.091713418523294177e+00 -2.675678533773237167e+00
2.172163934620343628e+00 -2.680278508111196611e+00
2.252614450717393524e+00 -2.741857813140761824e+00
2.333064966814443419e+00 -2.811654392134202762e+00
2.413515482911492871e+00 -2.888352431323384817e+00
2.493965999008542767e+00 -2.952390696248429869e+00
2.574416515105592662e+00 -2.948309545811302890e+00
2.654867031202642558e+00 -2.979599551631717524e+00
2.735317547299692009e+00 -3.034775089425728378e+00
2.815768063396741905e+00 -3.103316049926744036e+00
2.896218579493791356e+00 -3.124957908604364398e+00
2.976669095590841252e+00 -3.138545815247702819e+00
3.057119611687890703e+00 -3.120354178225771768e+00
3.137570127784940599e+00 -3.137063723408617832e+00
3.218020643881990495e+00 -3.150320052094003564e+00
3.298471159979039946e+00 -3.156447799558272926e+00
3.378921676076090286e+00 -3.126186848498897053e+00
3.459372192173139737e+00 -3.055766000490936385e+00
3.539822708270189189e+00 -3.048651470821445386e+00
3.620273224367239528e+00 -3.080335920497338176e+00
3.700723740464288980e+00 -3.088985125707885082e+00
3.781174256561339320e+00 -3.079414228489425032e+00
3.861624772658388771e+00 -3.076154385677557723e+00
3.942075288755438223e+00 -3.071401321317553723e+00
4.022525804852488562e+00 -3.071991870396501678e+00
4.102976320949538014e+00 -3.096490340421801601e+00
4.183426837046588354e+00 -3.110078811823183464e+00
4.263877353143637805e+00 -3.100628153222897421e+00
4.344327869240687257e+00 -3.069794374862933939e+00
4.424778385337737596e+00 -3.077426592866900901e+00
4.505228901434787048e+00 -3.108848322430245226e+00
4.585679417531836499e+00 -3.180159682219717343e+00
4.666129933628886839e+00 -3.204797929411073554e+00
4.746580449725936290e+00 -3.184014914952436381e+00
4.827030965822985742e+00 -3.145848200533396533e+00
4.907481481920036082e+00 -3.143521065345867616e+00
4.987931998017085533e+00 -3.157135505433639633e+00
5.068382514114135873e+00 -3.168516595138871850e+00
5.148833030211185324e+00 -3.204253006918899693e+00
5.229283546308234776e+00 -3.234061472133302306e+00
5.309734062405285115e+00 -3.228551500222670345e+00
5.390184578502334567e+00 -3.206768526808982944e+00
5.470635094599384018e+00 -3.176041109793246164e+00
5.551085610696433470e+00 -3.155234528036513719e+00
5.631536126793483810e+00 -3.127286897469864435e+00
5.711986642890533261e+00 -3.126037788392840522e+00
5.792437158987582713e+00 -3.128736246393547749e+00
5.872887675084633052e+00 -3.131683506309635767e+00
5.953338191181682504e+00 -3.140047912096306071e+00
6.033788707278731955e+00 -3.158292519134865195e+00
6.114239223375781407e+00 -3.141286033724370874e+00
6.194689739472831747e+00 -3.140042955782339718e+00
6.275140255569881198e+00 -3.170105516425504089e+00
6.355590771666931538e+00 -3.166418339071366717e+00
6.436041287763980989e+00 -3.150926976807205904e+00
6.516491803861030441e+00 -3.157125989570987556e+00
6.596942319958079892e+00 -3.140054029545845449e+00
6.677392836055131120e+00 -3.141995284549342848e+00
6.757843352152180572e+00 -3.188558839642477327e+00
6.838293868249230023e+00 -3.219135208278930183e+00
6.918744384346279475e+00 -3.186944522347673558e+00
6.999194900443328926e+00 -3.152294960052967721e+00
7.079645416540378378e+00 -3.167767718769802343e+00
7.160095932637429605e+00 -3.219612846301821651e+00
7.240546448734479057e+00 -3.227323619683616585e+00
7.320996964831528508e+00 -3.218228821571901488e+00
7.401447480928577960e+00 -3.227389724306654273e+00
7.481897997025627411e+00 -3.231071187611484596e+00
7.562348513122678639e+00 -3.206680715405543225e+00
7.642799029219728091e+00 -3.182611777989062585e+00
7.723249545316777542e+00 -3.175353373806148571e+00
7.803700061413826994e+00 -3.188900156809148623e+00
7.884150577510876445e+00 -3.203411023072909369e+00
7.964601093607927673e+00 -3.215042846701292589e+00
8.045051609704977125e+00 -3.265751063208341964e+00
8.125502125802025688e+00 -3.283880675924154335e+00
8.205952641899076028e+00 -3.267851574520161950e+00
8.286403157996124591e+00 -3.235178641137367528e+00
8.366853674093176707e+00 -3.198496368166308113e+00
8.447304190190225270e+00 -3.193703030040090596e+00
8.527754706287275610e+00 -3.207751087302209037e+00
8.608205222384324173e+00 -3.201789840409856591e+00
8.688655738481374513e+00 -3.205137642743551840e+00
8.769106254578423076e+00 -3.234877669513653853e+00
8.849556770675475192e+00 -3.264634440019093642e+00
8.930007286772523756e+00 -3.279477849314592408e+00
9.010457802869574095e+00 -3.295905349200722867e+00
9.090908318966622659e+00 -3.314996873427389357e+00
9.171358835063672998e+00 -3.317485450418392379e+00
9.251809351160723338e+00 -3.304079751155388323e+00
9.332259867257773678e+00 -3.294830598532997978e+00
9.412710383354822241e+00 -3.303040751296459465e+00
9.493160899451872581e+00 -3.321078973160647596e+00
9.573611415548921144e+00 -3.323485475487185425e+00
9.654061931645971484e+00 -3.292802659857883008e+00
9.734512447743021823e+00 -3.268352792141961949e+00
9.814962963840072163e+00 -3.264558802513735536e+00
9.895413479937120727e+00 -3.276844235425198537e+00
9.975863996034171066e+00 -3.287363308401245465e+00
1.005631451213121963e+01 -3.307366647812173710e+00
1.013676502822827175e+01 -3.326574741949504865e+00
1.021721554432532031e+01 -3.363095528929122224e+00
1.029766606042237065e+01 -3.381087653381434688e+00
