0.000000000000000000e+00 -1.549019599857431873e-01
8.045051609704977069e-02 -2.101291386851681098e-01
1.609010321940995414e-01 -6.472839335670643734e-01
2.413515482911492982e-01 -1.918350699695474670e+00
3.218020643881990828e-01 -1.795554625195274312e+00
4.022525804852488118e-01 -1.714106357853898421e+00
4.827030965822985964e-01 -1.932300800956233688e+00
5.631536126793483810e-01 -2.360757257394280106e+00
6.436041287763981655e-01 -2.546565738478034024e+00
7.240546448734478391e-01 -2.717191508554825941e+00
8.045051609704976237e-01 -2.958420953783019947e+00
8.849556770675472972e-01 -3.163591581747074777e+00
9.654061931645971928e-01 -3.258120987874523866e+00
1.045856709261647088e+00 -3.265043824045236853e+00
1.126307225358696762e+00 -3.256546667506150516e+00
1.206757741455746435e+00 -3.250878106332456330e+00
1.287208257552796331e+00 -3.145149106666242478e+00
1.367658773649846005e+00 -3.071712142924389877e+00
1.448109289746895678e+00 -3.058774318810243642e+00
1.528559805843945352e+00 -3.056211550457785364e+00
1.609010321940995247e+00 -3.025807248984158093e+00
1.689460838038045143e+00 -2.925077909169813140e+00
1.769911354135094594e+00 -2.781652486642489652e+00
1.850361870232144490e+00 -2.754290721004993170e+00
1.930812386329194386e+00 -2.779733718816356003e+00
2.011262902426244281e+00 -2.782134974372540981e+00
2.091713418523294177e+00 -2.766034309162787697e+00
2.172163934620343628e+00 -2.792858704123739599e+00
2.252614450717393524e+00 -2.818200524493778669e+00
2.333064966814443419e+00 -2.826900140285851126e+00
2.413515482911492871e+00 -2.856715377174325443e+00
2.493965999008542767e+00 -2.898511568865077770e+00
2.574416515105592662e+00 -2.937607462901365540e+00
2.654867031202642558e+00 -2.972029551760662525e+00
2.735317547299692009e+00 -2.996321019635222349e+00
2.815768063396741905e+00 -3.044620488679725678e+00
2.896218579493791356e+00 -3.093173906579960608e+00
2.976669095590841252e+00 -3.119619106600394876e+00
3.057119611687890703e+00 -3.123811299532048835e+00
3.137570127784940599e+00 -3.160267726907203922e+00
3.218020643881990495e+00 -3.221829093720288473e+00
3.298471159979039946e+00 -3.204187599095237982e+00
3.378921676076090286e+00 -3.146157303117680826e+00
3.459372192173139737e+00 -3.102311997776121100e+00
3.539822708270189189e+00 -3.105563945331768938e+00
3.620273224367239528e+00 -3.131211368832004460e+00
3.700723740464288980e+00 -3.145030116875698667e+00
3.781174256561339320e+00 -3.141698951286740815e+00
3.861624772658388771e+00 -3.084039678844333832e+00
3.942075288755438223e+00 -3.036427806360049164e+00
4.022525804852488562e+00 -3.042012595683987630e+00
4.102976320949538014e+00 -3.058522918126003631e+00
4.183426837046588354e+00 -3.074767532316406093e+00
4.263877353143637805e+00 -3.077062512814123796e+00
4.344327869240687257e+00 -3.081415901212408937e+00
4.424778385337737596e+00 -3.121165754429827466e+00
4.505228901434787048e+00 -3.178566511968393904e+00
4.585679417531836499e+00 -3.195042398921735582e+00
4.666129933628886839e+00 -3.164839903052404146e+00
4.746580449725936290e+00 -3.139063532463742590e+00
4.827030965822985742e+00 -3.127213040390420584e+00
4.907481481920036082e+00 -3.112242820597388437e+00
4.987931998017085533e+00 -3.131349953565988553e+00
5.068382514114135873e+00 -3.162704188705706354e+00
5.148833030211185324e+00 -3.156580008027329409e+00
5.229283546308234776e+00 -3.155067704639840542e+00
5.309734062405285115e+00 -3.190244367938293468e+00
5.390184578502334567e+00 -3.218540394606412391e+00
5.470635094599384018e+00 -3.242430143183560265e+00
5.551085610696433470e+00 -3.221680828300922173e+00
5.631536126793483810e+00 -3.163731944458898049e+00
5.711986642890533261e+00 -3.130305561982478668e+00
5.792437158987582713e+00 -3.135720804604355649e+00
5.872887675084633052e+00 -3.151059171039785944e+00
5.953338191181682504e+00 -3.156775848776345761e+00
6.033788707278731955e+00 -3.163804754949218534e+00
6.114239223375781407e+00 -3.152508830409570084e+00
6.194689739472831747e+00 -3.158129369343914306e+00
6.275140255569881198e+00 -3.180762698394048904e+00
6.355590771666931538e+00 -3.168703819242352449e+00
6.436041287763980989e+00 -3.152838425170764403e+00
6.516491803861030441e+00 -3.160395620981742315e+00
6.596942319958079892e+00 -3.196311929826939124e+00
6.677392836055131120e+00 -3.205076798298490459e+00
6.757843352152180572e+00 -3.203172876011262105e+00
6.838293868249230023e+00 -3.221678079802620331e+00
6.918744384346279475e+00 -3.253435690550495529e+00
6.999194900443328926e+00 -3.269965751933581188e+00
7.079645416540378378e+00 -3.258705818618475636e+00
7.160095932637429605e+00 -3.256528424762374918e+00
7.240546448734479057e+00 -3.259223761019539811e+00
7.320996964831528508e+00 -3.253302210286299179e+00
7.401447480928577960e+00 -3.248426534772876906e+00
7.481897997025627411e+00 -3.232230772577206146e+00
7.562348513122678639e+00 -3.219947586269935602e+00
7.642799029219728091e+00 -3.197425854378167731e+00
7.723249545316777542e+00 -3.190009726412018409e+00
7.803700061413826994e+00 -3.193727293787703925e+00
7.884150577510876445e+00 -3.212534061625141213e+00
7.964601093607927673e+00 -3.229416025832797743e+00
8.045051609704977125e+00 -3.253257805297646410e+00
8.125502125802025688e+00 -3.261119031725960848e+00
8.205952641899076028e+00 -3.228263041099352471e+00
8.286403157996124591e+00 -3.233724762328747726e+00
8.366853674093176707e+00 -3.246088154918477464e+00
8.447304190190225270e+00 -3.245281787090661840e+00
8.527754706287275610e+00 -3.234401558802237453e+00
8.608205222384324173e+00 -3.229574354321703478e+00
8.688655738481374513e+00 -3.234987363088555945e+00
8.769106254578423076e+00 -3.257771501527865876e+00
8.849556770675475192e+00 -3.251241762868496643e+00
8.930007286772523756e+00 -3.248412598332887757e+00
9.010457802869574095e+00 -3.275146492461737058e+00
9.090908318966622659e+00 -3.279587803119230482e+00
9.171358835063672998e+00 -3.250006055840258146e+00
9.251809351160723338e+00 -3.250847564463223094e+00
9.332259867257773678e+00 -3.275610520106676304e+00
9.412710383354822241e+00 -3.284650536737187654e+00
9.493160899451872581e+00 -3.271328624798952589e+00
9.573611415548921144e+00 -3.252845403159842608e+00
9.654061931645971484e+00 -3.282344420356690051e+00
9.734512447743021823e+00 -3.314161696701602100e+00
9.814962963840072163e+00 -3.305004983802267926e+00
9.895413479937120727e+00 -3.293703665463848740e+00
9.975863996034171066e+00 -3.296051933450670379e+00
1.005631451213121963e+01 -3.308224438316193616e+00
1.013676502822827175e+01 -3.305542748162026978e+00
1.021721554432532031e+01 -3.309665852465753844e+00
1.029766606042237065e+01 -3.320353567937063488e+00
