0.000000000000000000e+00 -1.549019599857431873e-01
8.045051609704977069e-02 -2.103915499334409189e-01
1.609010321940995414e-01 -5.931891314246361402e-01
2.413515482911492982e-01 -1.579209309312503473e+00
3.218020643881990828e-01 -1.907072347586215688e+00
4.022525804852488118e-01 -1.878365249601861908e+00
4.827030965822985964e-01 -2.035752540819216083e+00
5.631536126793483810e-01 -2.445550064513836830e+00
6.436041287763981655e-01 -2.729793069574893316e+00
7.240546448734478391e-01 -2.902423115268593534e+00
8.045051609704976237e-01 -3.156495518319605065e+00
8.849556770675472972e-01 -3.421846743894214171e+00
9.654061931645971928e-01 -3.533338150974397962e+00
1.045856709261647088e+00 -3.498569111925470931e+00
1.126307225358696762e+00 -3.392302244380790643e+00
1.206757741455746435e+00 -3.297770357564830945e+00
1.287208257552796331e+00 -3.239721943949940286e+00
1.367658773649846005e+00 -3.236390794631330170e+00
1.448109289746895678e+00 -3.221348590713039695e+00
1.528559805843945352e+00 -3.171667986482597179e+00
1.609010321940995247e+00 -3.115087265209290024e+00
1.689460838038045143e+00 -3.044232954064725938e+00
1.769911354135094594e+00 -2.933917966913266451e+00
1.850361870232144490e+00 -2.869700363620151684e+00
1.930812386329194386e+00 -2.838446957587218655e+00
2.011262902426244281e+00 -2.766654817109720277e+00
2.091713418523294177e+00 -2.696244116239228106e+00
2.172163934620343628e+00 -2.681783887985249137e+00
2.252614450717393524e+00 -2.691181086451371218e+00
2.333064966814443419e+00 -2.722006455756440957e+00
2.413515482911492871e+00 -2.766515023762254444e+00
2.493965999008542767e+00 -2.891371349595626583e+00
2.574416515105592662e+00 -3.019104299867888308e+00
2.654867031202642558e+00 -3.103431300516275915e+00
2.735317547299692009e+00 -3.158651513702483538e+00
2.815768063396741905e+00 -3.115868410649702103e+00
2.896218579493791356e+00 -3.077427066721389437e+00
2.976669095590841252e+00 -3.091224147805367473e+00
3.057119611687890703e+00 -3.114121768248433675e+00
3.137570127784940599e+00 -3.120410239640263317e+00
3.218020643881990495e+00 -3.143735866599985496e+00
3.298471159979039946e+00 -3.133912437820239649e+00
3.378921676076090286e+00 -3.124615955848125015e+00
3.459372192173139737e+00 -3.154099860714731474e+00
3.539822708270189189e+00 -3.189009298058215869e+00
3.620273224367239528e+00 -3.169496404917356180e+00
3.700723740464288980e+00 -3.150612927805273689e+00
3.781174256561339320e+00 -3.141695035292080718e+00
3.861624772658388771e+00 -3.108590943285577612e+00
3.942075288755438223e+00 -3.117604624952674541e+00
4.022525804852488562e+00 -3.135891576704518346e+00
4.102976320949538014e+00 -3.105724340581034415e+00
4.183426837046588354e+00 -3.068787139375807271e+00
4.263877353143637805e+00 -3.091457852962853359e+00
4.344327869240687257e+00 -3.127648646837545066e+00
4.424778385337737596e+00 -3.137288723687370773e+00
4.505228901434787048e+00 -3.154458537871489998e+00
4.585679417531836499e+00 -3.175105739397174442e+00
4.666129933628886839e+00 -3.176412606114117132e+00
4.746580449725936290e+00 -3.152141245444992190e+00
4.827030965822985742e+00 -3.151596193470743046e+00
4.907481481920036082e+00 -3.177878722403298273e+00
4.987931998017085533e+00 -3.166551561653511371e+00
5.068382514114135873e+00 -3.148751196138973363e+00
5.148833030211185324e+00 -3.142234781763365792e+00
5.229283546308234776e+00 -3.142412248570678912e+00
5.309734062405285115e+00 -3.177176089233470613e+00
5.390184578502334567e+00 -3.205744961779867452e+00
5.470635094599384018e+00 -3.205004117820147602e+00
5.551085610696433470e+00 -3.196588091394408249e+00
5.631536126793483810e+00 -3.167449412582246548e+00
5.711986642890533261e+00 -3.139910459813305632e+00
5.792437158987582713e+00 -3.139298566095277021e+00
5.872887675084633052e+00 -3.125625884557801548e+00
5.953338191181682504e+00 -3.104993616056146877e+00
6.033788707278731955e+00 -3.119826791775252239e+00
6.114239223375781407e+00 -3.169528813145949808e+00
6.194689739472831747e+00 -3.214212366330544857e+00
6.275140255569881198e+00 -3.225464982447007856e+00
6.355590771666931538e+00 -3.195407386625996438e+00
6.436041287763980989e+00 -3.159766232673700159e+00
6.516491803861030441e+00 -3.153663827612553483e+00
6.596942319958079892e+00 -3.168184514510953509e+00
6.677392836055131120e+00 -3.180285657724585935e+00
6.757843352152180572e+00 -3.172653340270757738e+00
6.838293868249230023e+00 -3.153655742879705404e+00
6.918744384346279475e+00 -3.153966120464353207e+00
6.999194900443328926e+00 -3.179885557771450433e+00
7.079645416540378378e+00 -3.219963114374421842e+00
7.160095932637429605e+00 -3.221607953941449942e+00
7.240546448734479057e+00 -3.204813323975425732e+00
7.320996964831528508e+00 -3.210015528717648614e+00
7.401447480928577960e+00 -3.237135528633027004e+00
7.481897997025627411e+00 -3.216248193859724491e+00
7.562348513122678639e+00 -3.211143239727508814e+00
7.642799029219728091e+00 -3.226444704723332446e+00
7.723249545316777542e+00 -3.243251687624358670e+00
7.803700061413826994e+00 -3.226829925910016161e+00
7.884150577510876445e+00 -3.211923110168108053e+00
7.964601093607927673e+00 -3.231548899788498908e+00
8.045051609704977125e+00 -3.242828163038345313e+00
8.125502125802025688e+00 -3.242277040131393395e+00
8.205952641899076028e+00 -3.242806687379891084e+00
8.286403157996124591e+00 -3.279646661697526611e+00
8.366853674093176707e+00 -3.294262618773262652e+00
8.447304190190225270e+00 -3.291443972821533226e+00
8.527754706287275610e+00 -3.293084175402847258e+00
8.608205222384324173e+00 -3.281010891347206915e+00
8.688655738481374513e+00 -3.235781111585395386e+00
8.769106254578423076e+00 -3.222977771366033028e+00
8.849556770675475192e+00 -3.256830639866827415e+00
8.930007286772523756e+00 -3.265453208245842731e+00
9.010457802869574095e+00 -3.257954804336562482e+00
9.090908318966622659e+00 -3.253441980282174573e+00
9.171358835063672998e+00 -3.260488715979488195e+00
9.251809351160723338e+00 -3.285443212886800080e+00
9.332259867257773678e+00 -3.285075416192690945e+00
9.412710383354822241e+00 -3.254507052617186869e+00
9.493160899451872581e+00 -3.250376514194367683e+00
9.573611415548921144e+00 -3.259376688110507292e+00
9.654061931645971484e+00 -3.277368031497373213e+00
9.734512447743021823e+00 -3.286999178935912980e+00
9.814962963840072163e+00 -3.303533608794929854e+00
9.895413479937120727e+00 -3.328523224691918969e+00
9.975863996034171066e+00 -3.319002182476563867e+00
1.005631451213121963e+01 -3.299037373994798017e+00
1.013676502822827175e+01 -3.302012996367841957e+00
1.021721554432532031e+01 -3.323733284526181997e+00
1.029766606042237065e+01 -3.321838977074169197e+00
