0.000000000000000000e+00 -1.549019599857431873e-01
8.045051609704977069e-02 -1.985736726123371598e-01
1.609010321940995414e-01 -5.572307702671215335e-01
2.413515482911492982e-01 -1.748208559855959576e+00
3.218020643881990828e-01 -2.102123202193577178e+00
4.022525804852488118e-01 -1.968962081303286871e+00
4.827030965822985964e-01 -2.071771451287076182e+00
5.631536126793483810e-01 -2.403810607935346066e+00
6.436041287763981655e-01 -2.748735301570004452e+00
7.240546448734478391e-01 -2.862171425063619878e+00
8.045051609704976237e-01 -3.019667923582713520e+00
8.849556770675472972e-01 -3.212089768165522052e+00
9.654061931645971928e-01 -3.355234887852623693e+00
1.045856709261647088e+00 -3.431481442094267642e+00
1.126307225358696762e+00 -3.442195568900618063e+00
1.206757741455746435e+00 -3.412409244824489374e+00
1.287208257552796331e+00 -3.342688879847900196e+00
1.367658773649846005e+00 -3.234441888202507887e+00
1.448109289746895678e+00 -3.141985019707709270e+00
1.528559805843945352e+00 -3.018777715578633725e+00
1.609010321940995247e+00 -2.897393647892389623e+00
1.689460838038045143e+00 -2.818152317701336784e+00
1.769911354135094594e+00 -2.782423737982813172e+00
1.850361870232144490e+00 -2.768524261141013465e+00
1.930812386329194386e+00 -2.735999529120904494e+00
2.011262902426244281e+00 -2.664591499337278790e+00
2.091713418523294177e+00 -2.630586062248878587e+00
2.172163934620343628e+00 -2.663023628337522819e+00
2.252614450717393524e+00 -2.730985275181587291e+00
2.333064966814443419e+00 -2.823182623803762059e+00
2.413515482911492871e+00 -2.877312735532645771e+00
2.493965999008542767e+00 -2.904102381463511406e+00
2.574416515105592662e+00 -2.930116286115267421e+00
2.654867031202642558e+00 -2.978775442961847375e+00
2.735317547299692009e+00 -3.055510407399642858e+00
2.815768063396741905e+00 -3.123835836975215052e+00
2.896218579493791356e+00 -3.131409542986290706e+00
2.976669095590841252e+00 -3.067350117051043767e+00
3.057119611687890703e+00 -3.015840139456181568e+00
3.137570127784940599e+00 -3.013036824473712905e+00
3.218020643881990495e+00 -3.062741447958150953e+00
3.298471159979039946e+00 -3.081152425704168252e+00
3.378921676076090286e+00 -3.084536252967119641e+00
3.459372192173139737e+00 -3.100573148455942452e+00
3.539822708270189189e+00 -3.092942439264061871e+00
3.620273224367239528e+00 -3.068264803356747894e+00
3.700723740464288980e+00 -3.053328111117441068e+00
3.781174256561339320e+00 -3.038840153792651932e+00
3.861624772658388771e+00 -3.062687113610626621e+00
3.942075288755438223e+00 -3.136863694625555254e+00
4.022525804852488562e+00 -3.198052647516627545e+00
4.102976320949538014e+00 -3.219397803386274681e+00
4.183426837046588354e+00 -3.208141609742000355e+00
4.263877353143637805e+00 -3.191962242589018839e+00
4.344327869240687257e+00 -3.149957291670761883e+00
4.424778385337737596e+00 -3.092681386288266498e+00
4.505228901434787048e+00 -3.071818499247591205e+00
4.585679417531836499e+00 -3.091028799579712771e+00
4.666129933628886839e+00 -3.149826652207682542e+00
4.746580449725936290e+00 -3.207679819102885244e+00
4.827030965822985742e+00 -3.204822782909359180e+00
4.907481481920036082e+00 -3.152960345399375974e+00
4.987931998017085533e+00 -3.157835380677671999e+00
5.068382514114135873e+00 -3.191051059539014911e+00
5.148833030211185324e+00 -3.192599033753940940e+00
5.229283546308234776e+00 -3.186626913719280196e+00
5.309734062405285115e+00 -3.170831278472790782e+00
5.390184578502334567e+00 -3.156336624943494318e+00
5.470635094599384018e+00 -3.143027346717619075e+00
5.551085610696433470e+00 -3.151295172288327340e+00
5.631536126793483810e+00 -3.172370625536334643e+00
5.711986642890533261e+00 -3.161282910099626253e+00
5.792437158987582713e+00 -3.140637508923883381e+00
5.872887675084633052e+00 -3.155499974951485154e+00
5.953338191181682504e+00 -3.150207799347757298e+00
6.033788707278731955e+00 -3.114254734887903719e+00
6.114239223375781407e+00 -3.117553234434580212e+00
6.194689739472831747e+00 -3.168381633179749635e+00
6.275140255569881198e+00 -3.206441421196936314e+00
6.355590771666931538e+00 -3.186574177647143014e+00
6.436041287763980989e+00 -3.157487716999396010e+00
6.516491803861030441e+00 -3.167296083247982175e+00
6.596942319958079892e+00 -3.169579672444950535e+00
6.677392836055131120e+00 -3.166382359856759532e+00
6.757843352152180572e+00 -3.173708673088133647e+00
6.838293868249230023e+00 -3.176243052451729998e+00
6.918744384346279475e+00 -3.160320143968714302e+00
6.999194900443328926e+00 -3.165753230544059882e+00
7.079645416540378378e+00 -3.150715907951982420e+00
7.160095932637429605e+00 -3.130629440838536226e+00
7.240546448734479057e+00 -3.148973548923883925e+00
7.320996964831528508e+00 -3.158182331200702020e+00
7.401447480928577960e+00 -3.148060158318115143e+00
7.481897997025627411e+00 -3.131382427563146109e+00
7.562348513122678639e+00 -3.140132165286255272e+00
7.642799029219728091e+00 -3.171556690122421251e+00
7.723249545316777542e+00 -3.206595454320393834e+00
7.803700061413826994e+00 -3.209164580467921635e+00
7.884150577510876445e+00 -3.200472434983350212e+00
7.964601093607927673e+00 -3.219713157079334920e+00
8.045051609704977125e+00 -3.244251965416726780e+00
8.125502125802025688e+00 -3.261522507291414907e+00
8.205952641899076028e+00 -3.266522364298904968e+00
8.286403157996124591e+00 -3.284168038060825356e+00
8.366853674093176707e+00 -3.290787495476681368e+00
8.447304190190225270e+00 -3.288910702302779931e+00
8.527754706287275610e+00 -3.264904581246192095e+00
8.608205222384324173e+00 -3.253099633253158096e+00
8.688655738481374513e+00 -3.251392045102620365e+00
8.769106254578423076e+00 -3.240834572861996499e+00
8.849556770675475192e+00 -3.224033968511290649e+00
8.930007286772523756e+00 -3.225167431761368331e+00
9.010457802869574095e+00 -3.236743583773100230e+00
9.090908318966622659e+00 -3.260163112526631490e+00
9.171358835063672998e+00 -3.286706939542789030e+00
9.251809351160723338e+00 -3.313504432018654633e+00
9.332259867257773678e+00 -3.326248537373243774e+00
9.412710383354822241e+00 -3.326793376735788232e+00
9.493160899451872581e+00 -3.329566722054330352e+00
9.573611415548921144e+00 -3.321044639476740112e+00
9.654061931645971484e+00 -3.286959381812639247e+00
9.734512447743021823e+00 -3.261151235993435815e+00
9.814962963840072163e+00 -3.281558152190528155e+00
9.895413479937120727e+00 -3.327116654743409896e+00
9.975863996034171066e+00 -3.343230835269876078e+00
1.005631451213121963e+01 -3.341897105041201410e+00
1.013676502822827175e+01 -3.341588126455174557e+00
1.021721554432532031e+01 -3.338902465444428813e+00
1.029766606042237065e+01 -3.324614413613038000e+00
