0.000000000000000000e+00 -1.549019599857431873e-01
8.045051609704977069e-02 -1.929708401048664534e-01
1.609010321940995414e-01 -5.454161431177748653e-01
2.413515482911492982e-01 -1.505814950649999373e+00
3.218020643881990828e-01 -1.975321704208625517e+00
4.022525804852488118e-01 -1.921992715021919595e+00
4.827030965822985964e-01 -1.981369867002037433e+00
5.631536126793483810e-01 -2.212981984736117180e+00
6.436041287763981655e-01 -2.400561243526117661e+00
7.240546448734478391e-01 -2.598760535159665430e+00
8.045051609704976237e-01 -2.803645225315170464e+00
8.849556770675472972e-01 -2.974676763665029977e+00
9.654061931645971928e-01 -3.043846070607064913e+00
1.045856709261647088e+00 -3.080333557097324704e+00
1.126307225358696762e+00 -3.101749768402926932e+00
1.206757741455746435e+00 -3.079311475568144552e+00
1.287208257552796331e+00 -3.034248845903141589e+00
1.367658773649846005e+00 -3.023478602733999931e+00
1.448109289746895678e+00 -3.048281372027108915e+00
1.528559805843945352e+00 -3.035353313347865623e+00
1.609010321940995247e+00 -2.914272968334131519e+00
1.689460838038045143e+00 -2.809036706100632941e+00
1.769911354135094594e+00 -2.748163842513277277e+00
1.850361870232144490e+00 -2.713044314479576613e+00
1.930812386329194386e+00 -2.665227848114598785e+00
2.011262902426244281e+00 -2.618245309845820490e+00
2.091713418523294177e+00 -2.599637338078224502e+00
2.172163934620343628e+00 -2.581837042598338350e+00
2.252614450717393524e+00 -2.570373511902128261e+00
2.333064966814443419e+00 -2.573877489236969129e+00
2.413515482911492871e+00 -2.651495052626050786e+00
2.493965999008542767e+00 -2.732654715593535233e+00
2.574416515105592662e+00 -2.808017949618600628e+00
2.654867031202642558e+00 -2.885419779972236309e+00
2.735317547299692009e+00 -2.923125074610853691e+00
2.815768063396741905e+00 -2.916473005783490891e+00
2.896218579493791356e+00 -2.897002930345462524e+00
2.976669095590841252e+00 -2.888642953724060991e+00
3.057119611687890703e+00 -2.899776910886766146e+00
3.137570127784940599e+00 -2.953927449058213028e+00
3.218020643881990495e+00 -2.974444395415722031e+00
3.298471159979039946e+00 -2.961070659534301708e+00
3.378921676076090286e+00 -2.956156312804502306e+00
3.459372192173139737e+00 -2.941907854472681993e+00
3.539822708270189189e+00 -2.943261894642290599e+00
3.620273224367239528e+00 -2.935796959433730535e+00
3.700723740464288980e+00 -2.929284391957597489e+00
3.781174256561339320e+00 -2.924567544821411680e+00
3.861624772658388771e+00 -2.926815329971854673e+00
3.942075288755438223e+00 -2.924814896865794100e+00
4.022525804852488562e+00 -2.936131264093370330e+00
4.102976320949538014e+00 -2.929961613846231216e+00
4.183426837046588354e+00 -2.927043364674984272e+00
4.263877353143637805e+00 -2.954377527781860024e+00
4.344327869240687257e+00 -2.976438840593169211e+00
4.424778385337737596e+00 -2.989472861755640309e+00
4.505228901434787048e+00 -2.980950212881237071e+00
4.585679417531836499e+00 -2.992270634145155483e+00
4.666129933628886839e+00 -3.023862390763131458e+00
4.746580449725936290e+00 -3.052093528979748172e+00
4.827030965822985742e+00 -3.050538742216323040e+00
4.907481481920036082e+00 -3.037367209817534608e+00
4.987931998017085533e+00 -3.006549779057557714e+00
5.068382514114135873e+00 -3.003626820801153396e+00
5.148833030211185324e+00 -3.017968564001685117e+00
5.229283546308234776e+00 -3.008269605094856303e+00
5.309734062405285115e+00 -2.978212135930181415e+00
5.390184578502334567e+00 -2.979890814803114019e+00
5.470635094599384018e+00 -2.989351870348133211e+00
5.551085610696433470e+00 -2.975544744875104453e+00
5.631536126793483810e+00 -2.946062889081380476e+00
5.711986642890533261e+00 -2.964411157310383516e+00
5.792437158987582713e+00 -2.985408294448581135e+00
5.872887675084633052e+00 -2.972813350601333227e+00
5.953338191181682504e+00 -2.963336696192701680e+00
6.033788707278731955e+00 -2.963541446102497812e+00
6.114239223375781407e+00 -2.953529297208020488e+00
6.194689739472831747e+00 -2.970165239269634050e+00
6.275140255569881198e+00 -3.002523421510642887e+00
6.355590771666931538e+00 -3.013326804386861735e+00
6.436041287763980989e+00 -2.998305522816247848e+00
6.516491803861030441e+00 -3.006051140113690234e+00
6.596942319958079892e+00 -3.016087595457531911e+00
6.677392836055131120e+00 -3.016671994059643591e+00
6.757843352152180572e+00 -2.993894275598464549e+00
6.838293868249230023e+00 -2.982850062052870843e+00
6.918744384346279475e+00 -3.004510236729182715e+00
6.999194900443328926e+00 -3.032504672717197369e+00
7.079645416540378378e+00 -3.048466181216751725e+00
7.160095932637429605e+00 -3.050817677712519327e+00
7.240546448734479057e+00 -3.029609867912710808e+00
7.320996964831528508e+00 -3.017121744473167055e+00
7.401447480928577960e+00 -3.003474413349628058e+00
7.481897997025627411e+00 -2.995102089400270451e+00
7.562348513122678639e+00 -3.008858145102373705e+00
7.642799029219728091e+00 -3.024699095397362925e+00
7.723249545316777542e+00 -3.011811901126806745e+00
7.803700061413826994e+00 -2.981804314990792015e+00
7.884150577510876445e+00 -2.978075918967090896e+00
7.964601093607927673e+00 -2.991451603325554043e+00
8.045051609704977125e+00 -3.013988587595112012e+00
8.125502125802025688e+00 -3.026377767601672097e+00
8.205952641899076028e+00 -3.018673258015846628e+00
8.286403157996124591e+00 -3.005814645428963150e+00
8.366853674093176707e+00 -3.021187321279940718e+00
8.447304190190225270e+00 -3.034716526368198775e+00
8.527754706287275610e+00 -3.047654335635264999e+00
8.608205222384324173e+00 -3.048051710898624922e+00
8.688655738481374513e+00 -3.040241401059568194e+00
8.769106254578423076e+00 -3.045966900641086994e+00
8.849556770675475192e+00 -3.052973396766227143e+00
8.930007286772523756e+00 -3.042694566747267348e+00
9.010457802869574095e+00 -3.030688208345630574e+00
9.090908318966622659e+00 -3.042196220175141796e+00
9.171358835063672998e+00 -3.039458430129523325e+00
9.251809351160723338e+00 -3.037350600401128808e+00
9.332259867257773678e+00 -3.055177558316135134e+00
9.412710383354822241e+00 -3.090050850804993310e+00
9.493160899451872581e+00 -3.103804458358171647e+00
9.573611415548921144e+00 -3.130924306847017391e+00
9.654061931645971484e+00 -3.152505108807672318e+00
9.734512447743021823e+00 -3.136229602204005484e+00
9.814962963840072163e+00 -3.094383871466779734e+00
9.895413479937120727e+00 -3.079009906282806242e+00
9.975863996034171066e+00 -3.076076093361868491e+00
1.005631451213121963e+01 -3.067846635739639893e+00
1.013676502822827175e+01 -3.055633616489645377e+00
1.021721554432532031e+01 -3.073655089738172030e+00
1.029766606042237065e+01 -3.098770292608128862e+00
