0.000000000000000000e+00 -1.549019599857431873e-01
8.045051609704977069e-02 -2.097390068664946872e-01
1.609010321940995414e-01 -6.449966003883191856e-01
2.413515482911492982e-01 -1.993677776056409723e+00
3.218020643881990828e-01 -1.909222331869049105e+00
4.022525804852488118e-01 -1.772647222523819677e+00
4.827030965822985964e-01 -1.933056626624832131e+00
5.631536126793483810e-01 -2.302102490437402338e+00
6.436041287763981655e-01 -2.529556917135507899e+00
7.240546448734478391e-01 -2.622959430520258373e+00
8.045051609704976237e-01 -2.771735536617927931e+00
8.849556770675472972e-01 -2.970762334527432103e+00
9.654061931645971928e-01 -3.145005063521166822e+00
1.045856709261647088e+00 -3.287213764167443042e+00
1.126307225358696762e+00 -3.308887336616900932e+00
1.206757741455746435e+00 -3.210956857213983273e+00
1.287208257552796331e+00 -3.132835089096575043e+00
1.367658773649846005e+00 -3.123890122383906842e+00
1.448109289746895678e+00 -3.073793902865601169e+00
1.528559805843945352e+00 -3.042406157092263363e+00
1.609010321940995247e+00 -2.997521529878966362e+00
1.689460838038045143e+00 -2.935414410259858276e+00
1.769911354135094594e+00 -2.888549179500337960e+00
1.850361870232144490e+00 -2.866832846733369244e+00
1.930812386329194386e+00 -2.831699143963175569e+00
2.011262902426244281e+00 -2.757950827963369100e+00
2.091713418523294177e+00 -2.673104360590475181e+00
2.172163934620343628e+00 -2.628294248734023952e+00
2.252614450717393524e+00 -2.602412078098999881e+00
2.333064966814443419e+00 -2.617363435767591007e+00
2.413515482911492871e+00 -2.671041188288754142e+00
2.493965999008542767e+00 -2.712876206071016316e+00
2.574416515105592662e+00 -2.728667915827432289e+00
2.654867031202642558e+00 -2.769362984203477041e+00
2.735317547299692009e+00 -2.838885916555262678e+00
2.815768063396741905e+00 -2.873564348031721227e+00
2.896218579493791356e+00 -2.867707297862009952e+00
2.976669095590841252e+00 -2.860880107595343613e+00
3.057119611687890703e+00 -2.899637415666904250e+00
3.137570127784940599e+00 -2.957617571595930084e+00
3.218020643881990495e+00 -2.976066466564851076e+00
3.298471159979039946e+00 -2.981486630685450390e+00
3.378921676076090286e+00 -2.956297415366671455e+00
3.459372192173139737e+00 -2.953482090941031313e+00
3.539822708270189189e+00 -2.967127593339868863e+00
3.620273224367239528e+00 -2.963172993785413656e+00
3.700723740464288980e+00 -2.962330346009847570e+00
3.781174256561339320e+00 -2.938388330301139550e+00
3.861624772658388771e+00 -2.925942657245865330e+00
3.942075288755438223e+00 -2.928759502948940607e+00
4.022525804852488562e+00 -2.962077438362179294e+00
4.102976320949538014e+00 -2.947628087070013336e+00
4.183426837046588354e+00 -2.911085074900445768e+00
4.263877353143637805e+00 -2.932222241272211871e+00
4.344327869240687257e+00 -2.978422215046895527e+00
4.424778385337737596e+00 -2.976225134677763062e+00
4.505228901434787048e+00 -2.969999928449230886e+00
4.585679417531836499e+00 -2.983699315653747686e+00
4.666129933628886839e+00 -3.020055259009822191e+00
4.746580449725936290e+00 -3.015279128588963964e+00
4.827030965822985742e+00 -2.961495119660360942e+00
4.907481481920036082e+00 -2.902700707559478399e+00
4.987931998017085533e+00 -2.921103525374025178e+00
5.068382514114135873e+00 -2.970025591102416929e+00
5.148833030211185324e+00 -3.005892864307083467e+00
5.229283546308234776e+00 -3.006161461570550308e+00
5.309734062405285115e+00 -2.977929246258649076e+00
5.390184578502334567e+00 -2.970992760042423075e+00
5.470635094599384018e+00 -3.025735604169054405e+00
5.551085610696433470e+00 -3.041168611571515523e+00
5.631536126793483810e+00 -3.007968715896778278e+00
5.711986642890533261e+00 -2.997224979877828765e+00
5.792437158987582713e+00 -2.979551545172684168e+00
5.872887675084633052e+00 -2.953584844851289137e+00
5.953338191181682504e+00 -2.926506531249350118e+00
6.033788707278731955e+00 -2.916456294074925903e+00
6.114239223375781407e+00 -2.944861467638636210e+00
6.194689739472831747e+00 -2.979517068606352570e+00
6.275140255569881198e+00 -3.004773124378376181e+00
6.355590771666931538e+00 -3.006626927033674068e+00
6.436041287763980989e+00 -2.999797109282087870e+00
6.516491803861030441e+00 -3.004273366218202401e+00
6.596942319958079892e+00 -3.024409161334527862e+00
6.677392836055131120e+00 -3.032928051975312123e+00
6.757843352152180572e+00 -3.039390410238135054e+00
6.838293868249230023e+00 -3.019375192415948206e+00
6.918744384346279475e+00 -2.996340598590055304e+00
6.999194900443328926e+00 -2.983149402260063088e+00
7.079645416540378378e+00 -2.979694337914954083e+00
7.160095932637429605e+00 -2.986456860255846557e+00
7.240546448734479057e+00 -3.000380862145661354e+00
7.320996964831528508e+00 -3.019365246523301849e+00
7.401447480928577960e+00 -3.043209488437802257e+00
7.481897997025627411e+00 -3.043927218196705642e+00
7.562348513122678639e+00 -3.050388471563678650e+00
7.642799029219728091e+00 -3.054345045058166175e+00
7.723249545316777542e+00 -3.054601198300440412e+00
7.803700061413826994e+00 -3.046762452545935140e+00
7.884150577510876445e+00 -3.025954918035898444e+00
7.964601093607927673e+00 -3.001816874347326802e+00
8.045051609704977125e+00 -3.016586538045325394e+00
8.125502125802025688e+00 -3.048676109569497417e+00
8.205952641899076028e+00 -3.056337110628886133e+00
8.286403157996124591e+00 -3.017853847952909785e+00
8.366853674093176707e+00 -3.009251089757424946e+00
8.447304190190225270e+00 -3.018483950366955160e+00
8.527754706287275610e+00 -3.030004088955675634e+00
8.608205222384324173e+00 -3.053981509364756874e+00
8.688655738481374513e+00 -3.062987141480599362e+00
8.769106254578423076e+00 -3.072801330694935551e+00
8.849556770675475192e+00 -3.058272210343521813e+00
8.930007286772523756e+00 -3.047500952837001176e+00
9.010457802869574095e+00 -3.042538541008886543e+00
9.090908318966622659e+00 -3.086795067025639216e+00
9.171358835063672998e+00 -3.112486555177188308e+00
9.251809351160723338e+00 -3.109257126848913977e+00
9.332259867257773678e+00 -3.121258143265649654e+00
9.412710383354822241e+00 -3.145576055680268546e+00
9.493160899451872581e+00 -3.128406984435165850e+00
9.573611415548921144e+00 -3.105038451515495179e+00
9.654061931645971484e+00 -3.099037241832943046e+00
9.734512447743021823e+00 -3.112201057225339351e+00
9.814962963840072163e+00 -3.118698555980591980e+00
9.895413479937120727e+00 -3.103602853507668069e+00
9.975863996034171066e+00 -3.100996771283600850e+00
1.005631451213121963e+01 -3.102145087262627499e+00
1.013676502822827175e+01 -3.075604241298068864e+00
1.021721554432532031e+01 -3.062576133239832910e+00
1.029766606042237065e+01 -3.083189960782830585e+00
