0.000000000000000000e+00 -1.549019599857431873e-01
8.045051609704977069e-02 -3.951340901956659768e-01
1.609010321940995414e-01 -1.274152994490160618e+00
2.413515482911492982e-01 -3.770160349096898678e+00
3.218020643881990828e-01 -3.828773173706113031e+00
4.022525804852488118e-01 -3.366177543697180585e+00
4.827030965822985964e-01 -3.501134587965068601e+00
5.631536126793483810e-01 -4.203644296716525730e+00
6.436041287763981655e-01 -4.968440063188523048e+00
7.240546448734478391e-01 -5.506875762549240605e+00
8.045051609704976237e-01 -5.701898308187849373e+00
8.849556770675472972e-01 -5.902071753905109297e+00
9.654061931645971928e-01 -6.128833009605739512e+00
1.045856709261647088e+00 -6.336614241184634011e+00
1.126307225358696762e+00 -6.388559269473492286e+00
1.206757741455746435e+00 -6.320307110489209457e+00
1.287208257552796331e+00 -6.244246271323193653e+00
1.367658773649846005e+00 -6.249772447880752146e+00
1.448109289746895678e+00 -6.266374731262429165e+00
1.528559805843945352e+00 -6.160672263831111550e+00
1.609010321940995247e+00 -5.966693522242010772e+00
1.689460838038045143e+00 -5.844281245024372851e+00
1.769911354135094594e+00 -5.789055647779678182e+00
1.850361870232144490e+00 -5.775535947684486082e+00
1.930812386329194386e+00 -5.566098870616089656e+00
2.011262902426244281e+00 -5.271243043464650668e+00
2.091713418523294177e+00 -5.063034067223661339e+00
2.172163934620343628e+00 -5.087161822762566565e+00
2.252614450717393524e+00 -5.175287306125485820e+00
2.333064966814443419e+00 -5.267959622515835605e+00
2.413515482911492871e+00 -5.355584167330468048e+00
2.493965999008542767e+00 -5.410614135192562735e+00
2.574416515105592662e+00 -5.478840519934219166e+00
2.654867031202642558e+00 -5.584984740644047818e+00
2.735317547299692009e+00 -5.714339547746878800e+00
2.815768063396741905e+00 -5.742521001273182435e+00
2.896218579493791356e+00 -5.679493424273585944e+00
2.976669095590841252e+00 -5.617008700728852943e+00
3.057119611687890703e+00 -5.654111981082491134e+00
3.137570127784940599e+00 -5.741459081923191654e+00
3.218020643881990495e+00 -5.794239811523635986e+00
3.298471159979039946e+00 -5.802812027242451265e+00
3.378921676076090286e+00 -5.783864469140168829e+00
3.459372192173139737e+00 -5.809966972526405371e+00
3.539822708270189189e+00 -5.874789549114716181e+00
3.620273224367239528e+00 -5.969534671398919912e+00
3.700723740464288980e+00 -5.908340454880297798e+00
3.781174256561339320e+00 -5.797060337926246198e+00
3.861624772658388771e+00 -5.771528189324862446e+00
3.942075288755438223e+00 -5.763254694462233374e+00
4.022525804852488562e+00 -5.702564283001942513e+00
4.102976320949538014e+00 -5.680076089888172142e+00
4.183426837046588354e+00 -5.715972602802466440e+00
4.263877353143637805e+00 -5.735515451544818788e+00
4.344327869240687257e+00 -5.756385961843603738e+00
4.424778385337737596e+00 -5.786374551036103320e+00
4.505228901434787048e+00 -5.829669473718781525e+00
4.585679417531836499e+00 -5.928315611922773343e+00
4.666129933628886839e+00 -5.992638138109056101e+00
4.746580449725936290e+00 -6.028502222184021875e+00
4.827030965822985742e+00 -6.040925052683789431e+00
4.907481481920036082e+00 -6.023124900728420883e+00
4.987931998017085533e+00 -5.993624182260373523e+00
5.068382514114135873e+00 -5.960559359220459541e+00
5.148833030211185324e+00 -5.898216757296632196e+00
5.229283546308234776e+00 -5.900427486047594705e+00
5.309734062405285115e+00 -5.973940965722438712e+00
5.390184578502334567e+00 -6.023368852364201054e+00
5.470635094599384018e+00 -6.034685032004378336e+00
5.551085610696433470e+00 -6.068538660080057490e+00
5.631536126793483810e+00 -6.061134445268328008e+00
5.711986642890533261e+00 -5.957618803912565042e+00
5.792437158987582713e+00 -5.895103445544191523e+00
5.872887675084633052e+00 -5.931050278110919116e+00
5.953338191181682504e+00 -5.979758214836000896e+00
6.033788707278731955e+00 -5.995326418553090342e+00
6.114239223375781407e+00 -6.023998181760021886e+00
6.194689739472831747e+00 -5.996582805671494931e+00
6.275140255569881198e+00 -5.925657287579365828e+00
6.355590771666931538e+00 -5.907150554327248670e+00
6.436041287763980989e+00 -5.905844411996218568e+00
6.516491803861030441e+00 -5.877927350955193475e+00
6.596942319958079892e+00 -5.871879527700889057e+00
6.677392836055131120e+00 -5.894220142095424997e+00
6.757843352152180572e+00 -5.955380777518580082e+00
6.838293868249230023e+00 -6.021955334866819776e+00
6.918744384346279475e+00 -6.032872246083515577e+00
6.999194900443328926e+00 -6.013809447368541505e+00
7.079645416540378378e+00 -6.016227459825773671e+00
7.160095932637429605e+00 -5.965823864170684665e+00
7.240546448734479057e+00 -5.924880054990099509e+00
7.320996964831528508e+00 -5.944880748637586088e+00
7.401447480928577960e+00 -5.945402179677031107e+00
7.481897997025627411e+00 -5.953447879637239204e+00
7.562348513122678639e+00 -5.985904325650265534e+00
7.642799029219728091e+00 -6.005241788540013559e+00
7.723249545316777542e+00 -6.035467786893497610e+00
7.803700061413826994e+00 -6.052197417817440694e+00
7.884150577510876445e+00 -6.065889367302553126e+00
7.964601093607927673e+00 -6.069218181815719149e+00
8.045051609704977125e+00 -6.079009666512542154e+00
8.125502125802025688e+00 -6.086623017227671184e+00
8.205952641899076028e+00 -6.108520319631710827e+00
8.286403157996124591e+00 -6.129341364339672360e+00
8.366853674093176707e+00 -6.079977972747057535e+00
8.447304190190225270e+00 -6.038726115112217130e+00
8.527754706287275610e+00 -6.029971527236187789e+00
8.608205222384324173e+00 -6.049283263960483659e+00
8.688655738481374513e+00 -6.058098276952329719e+00
8.769106254578423076e+00 -6.061122374672788027e+00
8.849556770675475192e+00 -6.096127844490043302e+00
8.930007286772523756e+00 -6.149004156119692865e+00
9.010457802869574095e+00 -6.137164804266641127e+00
9.090908318966622659e+00 -6.109859791351482272e+00
9.171358835063672998e+00 -6.162193980826723205e+00
9.251809351160723338e+00 -6.212940724101469137e+00
9.332259867257773678e+00 -6.206982324230828851e+00
9.412710383354822241e+00 -6.184674188246284565e+00
9.493160899451872581e+00 -6.154121453872707370e+00
9.573611415548921144e+00 -6.166378011590805563e+00
9.654061931645971484e+00 -6.193348830899004120e+00
9.734512447743021823e+00 -6.217932147817457178e+00
9.814962963840072163e+00 -6.202142410049660270e+00
9.895413479937120727e+00 -6.185668337195497024e+00
9.975863996034171066e+00 -6.192655287142520670e+00
1.005631451213121963e+01 -6.256709317312383334e+00
1.013676502822827175e+01 -6.284364719475816763e+00
1.021721554432532031e+01 -6.256047024761243414e+00
1.029766606042237065e+01 -6.240421056729493543e+00
