0.000000000000000000e+00 -1.549019599857431873e-01
8.045051609704977069e-02 -2.049322662817065488e-01
1.609010321940995414e-01 -6.277816981299810806e-01
2.413515482911492982e-01 -1.718219591716998895e+00
3.218020643881990828e-01 -1.828790642017116275e+00
4.022525804852488118e-01 -1.705575236565698649e+00
4.827030965822985964e-01 -1.859791767531182805e+00
5.631536126793483810e-01 -2.117736319729091932e+00
6.436041287763981655e-01 -2.353436283458822054e+00
7.240546448734478391e-01 -2.580675357048952012e+00
8.045051609704976237e-01 -2.856013680595120174e+00
8.849556770675472972e-01 -3.072745346736535321e+00
9.654061931645971928e-01 -3.166803596482660854e+00
1.045856709261647088e+00 -3.186354005721981686e+00
1.126307225358696762e+00 -3.194492179822621125e+00
1.206757741455746435e+00 -3.187458142122854277e+00
1.287208257552796331e+00 -3.154092945954741989e+00
1.367658773649846005e+00 -3.185203661787266771e+00
1.448109289746895678e+00 -3.190455601569219368e+00
1.528559805843945352e+00 -3.087674170887278358e+00
1.609010321940995247e+00 -3.022319224860332554e+00
1.689460838038045143e+00 -2.997233378503366019e+00
1.769911354135094594e+00 -2.954192524076790782e+00
1.850361870232144490e+00 -2.908518669357516018e+00
1.930812386329194386e+00 -2.834153941837463275e+00
2.011262902426244281e+00 -2.708039028391069802e+00
2.091713418523294177e+00 -2.666700821040141722e+00
2.172163934620343628e+00 -2.714526116697532299e+00
2.252614450717393524e+00 -2.742760070324917088e+00
2.333064966814443419e+00 -2.693395631389469802e+00
2.413515482911492871e+00 -2.662261023289029360e+00
2.493965999008542767e+00 -2.696415452370863441e+00
2.574416515105592662e+00 -2.773586422326972389e+00
2.654867031202642558e+00 -2.844283067473118543e+00
2.735317547299692009e+00 -2.832176099105332856e+00
2.815768063396741905e+00 -2.852022659810622418e+00
2.896218579493791356e+00 -2.892056669957375536e+00
2.976669095590841252e+00 -2.927346070837095748e+00
3.057119611687890703e+00 -2.950162759281512059e+00
3.137570127784940599e+00 -2.976600599532687852e+00
3.218020643881990495e+00 -2.996599098121857985e+00
3.298471159979039946e+00 -2.968362180815194318e+00
3.378921676076090286e+00 -2.948394373680535363e+00
3.459372192173139737e+00 -2.995145510661101795e+00
3.539822708270189189e+00 -3.061952098592776839e+00
3.620273224367239528e+00 -3.040713544324064710e+00
3.700723740464288980e+00 -2.965663669098141941e+00
3.781174256561339320e+00 -2.930156604467276882e+00
3.861624772658388771e+00 -2.961038610137106453e+00
3.942075288755438223e+00 -2.965642489934600334e+00
4.022525804852488562e+00 -2.927163207447930571e+00
4.102976320949538014e+00 -2.871861940936457636e+00
4.183426837046588354e+00 -2.867582641080244521e+00
4.263877353143637805e+00 -2.900435008604564047e+00
4.344327869240687257e+00 -2.964298486966906676e+00
4.424778385337737596e+00 -2.994102756245668573e+00
4.505228901434787048e+00 -2.969485494811908932e+00
4.585679417531836499e+00 -2.968957042585300687e+00
4.666129933628886839e+00 -3.004431347902146054e+00
4.746580449725936290e+00 -3.026383262338398605e+00
4.827030965822985742e+00 -3.027514246828769462e+00
4.907481481920036082e+00 -3.030937079466512252e+00
4.987931998017085533e+00 -3.016165563983825848e+00
5.068382514114135873e+00 -3.001135678149279062e+00
5.148833030211185324e+00 -2.993502481584170649e+00
5.229283546308234776e+00 -2.993459200988334068e+00
5.309734062405285115e+00 -2.996193340157009111e+00
5.390184578502334567e+00 -3.004674718135798006e+00
5.470635094599384018e+00 -2.998488752258087864e+00
5.551085610696433470e+00 -2.960887283907772893e+00
5.631536126793483810e+00 -2.946712631491680057e+00
5.711986642890533261e+00 -2.947271549638383448e+00
5.792437158987582713e+00 -2.941133909728590012e+00
5.872887675084633052e+00 -2.940351573582198785e+00
5.953338191181682504e+00 -2.935253558509853811e+00
6.033788707278731955e+00 -2.944682696119389487e+00
6.114239223375781407e+00 -2.980023605836668477e+00
6.194689739472831747e+00 -3.012404870604135532e+00
6.275140255569881198e+00 -3.002785044589236119e+00
6.355590771666931538e+00 -2.961321734229205305e+00
6.436041287763980989e+00 -2.946215436053742032e+00
6.516491803861030441e+00 -2.950939001312816057e+00
6.596942319958079892e+00 -2.954622580404125731e+00
6.677392836055131120e+00 -2.971968641130201316e+00
6.757843352152180572e+00 -3.007984496467770885e+00
6.838293868249230023e+00 -3.025075388879837845e+00
6.918744384346279475e+00 -3.015861475222096910e+00
6.999194900443328926e+00 -3.001401406950111372e+00
7.079645416540378378e+00 -2.992819154783100899e+00
7.160095932637429605e+00 -2.985209044381640808e+00
7.240546448734479057e+00 -2.979694953212468356e+00
7.320996964831528508e+00 -2.998315802101515271e+00
7.401447480928577960e+00 -3.026475717555313860e+00
7.481897997025627411e+00 -3.024531085008594022e+00
7.562348513122678639e+00 -3.039063337655209196e+00
7.642799029219728091e+00 -3.040554299660967352e+00
7.723249545316777542e+00 -3.009206105259759401e+00
7.803700061413826994e+00 -2.999014941409577251e+00
7.884150577510876445e+00 -3.030246325011711317e+00
7.964601093607927673e+00 -3.051193540171650564e+00
8.045051609704977125e+00 -3.037033345478490798e+00
8.125502125802025688e+00 -3.008418013842947047e+00
8.205952641899076028e+00 -3.001283698812985179e+00
8.286403157996124591e+00 -3.013682086148674610e+00
8.366853674093176707e+00 -3.030908738536183922e+00
8.447304190190225270e+00 -3.046721465564921072e+00
8.527754706287275610e+00 -3.054745696756867801e+00
8.608205222384324173e+00 -3.058589957657286362e+00
8.688655738481374513e+00 -3.062512196771722373e+00
8.769106254578423076e+00 -3.051022934776535855e+00
8.849556770675475192e+00 -3.045337635943777599e+00
8.930007286772523756e+00 -3.056822038850962375e+00
9.010457802869574095e+00 -3.059395964669792800e+00
9.090908318966622659e+00 -3.039134415211789619e+00
9.171358835063672998e+00 -3.037020558697932859e+00
9.251809351160723338e+00 -3.048981782103229676e+00
9.332259867257773678e+00 -3.053377328445957772e+00
9.412710383354822241e+00 -3.070609645475084193e+00
9.493160899451872581e+00 -3.078336571145222411e+00
9.573611415548921144e+00 -3.074496423964271141e+00
9.654061931645971484e+00 -3.068058250572196055e+00
9.734512447743021823e+00 -3.080051359020265167e+00
9.814962963840072163e+00 -3.104337571075655333e+00
9.895413479937120727e+00 -3.113413781081093568e+00
9.975863996034171066e+00 -3.116297547109987853e+00
1.005631451213121963e+01 -3.110643361843207888e+00
1.013676502822827175e+01 -3.095718059825951940e+00
1.021721554432532031e+01 -3.091353613948841339e+00
1.029766606042237065e+01 -3.093737062581479069e+00
