0.000000000000000000e+00 -1.549019599857431873e-01
8.045051609704977069e-02 -2.047770668569357799e-01
1.609010321940995414e-01 -5.357054141940201797e-01
2.413515482911492982e-01 -1.594041650198002813e+00
3.218020643881990828e-01 -2.200218446902932445e+00
4.022525804852488118e-01 -1.916853671553905292e+00
4.827030965822985964e-01 -1.952494663735683256e+00
5.631536126793483810e-01 -2.078215379001553398e+00
6.436041287763981655e-01 -2.380252556240557649e+00
7.240546448734478391e-01 -2.548458815640416653e+00
8.045051609704976237e-01 -2.810012939606741256e+00
8.849556770675472972e-01 -2.968078472354207964e+00
9.654061931645971928e-01 -3.035311430818995238e+00
1.045856709261647088e+00 -3.105861246473165860e+00
1.126307225358696762e+00 -3.160388248121556831e+00
1.206757741455746435e+00 -3.133913174315454242e+00
1.287208257552796331e+00 -3.076386910903142535e+00
1.367658773649846005e+00 -3.067155988793466737e+00
1.448109289746895678e+00 -3.078571330138975881e+00
1.528559805843945352e+00 -3.038738459637304601e+00
1.609010321940995247e+00 -2.982481069064018442e+00
1.689460838038045143e+00 -2.932753684437618968e+00
1.769911354135094594e+00 -2.897830583592187370e+00
1.850361870232144490e+00 -2.910180285948016365e+00
1.930812386329194386e+00 -2.856473210457008971e+00
2.011262902426244281e+00 -2.736507558672731211e+00
2.091713418523294177e+00 -2.625481660722755795e+00
2.172163934620343628e+00 -2.621193005315254343e+00
2.252614450717393524e+00 -2.659193270341399629e+00
2.333064966814443419e+00 -2.694487906291485935e+00
2.413515482911492871e+00 -2.751563147059298942e+00
2.493965999008542767e+00 -2.787627736316108606e+00
2.574416515105592662e+00 -2.799152168891299919e+00
2.654867031202642558e+00 -2.790395643747828558e+00
2.735317547299692009e+00 -2.836365777892384532e+00
2.815768063396741905e+00 -2.914163715726510340e+00
2.896218579493791356e+00 -2.946851803759566568e+00
2.976669095590841252e+00 -2.910506709744215215e+00
3.057119611687890703e+00 -2.929665286862078943e+00
3.137570127784940599e+00 -2.963949633094375535e+00
3.218020643881990495e+00 -2.954300658862077711e+00
3.298471159979039946e+00 -2.943084390252582061e+00
3.378921676076090286e+00 -2.950605556311233446e+00
3.459372192173139737e+00 -2.945513219297842156e+00
3.539822708270189189e+00 -2.935561216180778477e+00
3.620273224367239528e+00 -2.958833081851750535e+00
3.700723740464288980e+00 -2.993862952809922540e+00
3.781174256561339320e+00 -2.982128819848075985e+00
3.861624772658388771e+00 -2.975859420818763645e+00
3.942075288755438223e+00 -2.982212678302125664e+00
4.022525804852488562e+00 -3.009041504135842260e+00
4.102976320949538014e+00 -3.032346746494527512e+00
4.183426837046588354e+00 -3.055745986341850351e+00
4.263877353143637805e+00 -3.076901638209026846e+00
4.344327869240687257e+00 -3.064672191246202715e+00
4.424778385337737596e+00 -3.028709893999762759e+00
4.505228901434787048e+00 -2.995102551142616587e+00
4.585679417531836499e+00 -3.007072694326790252e+00
4.666129933628886839e+00 -3.022370584722990472e+00
4.746580449725936290e+00 -3.000244004201621184e+00
4.827030965822985742e+00 -2.967236904202804837e+00
4.907481481920036082e+00 -2.972076947611953290e+00
4.987931998017085533e+00 -2.981812392503169207e+00
5.068382514114135873e+00 -2.981693852097781150e+00
5.148833030211185324e+00 -2.984631877136261213e+00
5.229283546308234776e+00 -2.998362725989695665e+00
5.309734062405285115e+00 -3.033539426524020310e+00
5.390184578502334567e+00 -3.025908505287073336e+00
5.470635094599384018e+00 -3.021283231154876514e+00
5.551085610696433470e+00 -3.012802438391701809e+00
5.631536126793483810e+00 -3.025430471584393377e+00
5.711986642890533261e+00 -3.022697453874800377e+00
5.792437158987582713e+00 -2.996411917750417153e+00
5.872887675084633052e+00 -2.978296063839793284e+00
5.953338191181682504e+00 -2.985384175068139800e+00
6.033788707278731955e+00 -3.019003874052544223e+00
6.114239223375781407e+00 -3.037857597008430943e+00
6.194689739472831747e+00 -3.041210170409091251e+00
6.275140255569881198e+00 -3.018340735628287863e+00
6.355590771666931538e+00 -2.985071056009349633e+00
6.436041287763980989e+00 -2.989941607418483027e+00
6.516491803861030441e+00 -3.010134534087386182e+00
6.596942319958079892e+00 -3.021296379818580125e+00
6.677392836055131120e+00 -3.029983851730568389e+00
6.757843352152180572e+00 -3.030200206882973646e+00
6.838293868249230023e+00 -3.030553259219387563e+00
6.918744384346279475e+00 -3.021227062967083654e+00
6.999194900443328926e+00 -3.030111452202851385e+00
7.079645416540378378e+00 -3.044532387791262451e+00
7.160095932637429605e+00 -3.046361824132541418e+00
7.240546448734479057e+00 -3.052444607357196915e+00
7.320996964831528508e+00 -3.076490281578600161e+00
7.401447480928577960e+00 -3.092872389486230666e+00
7.481897997025627411e+00 -3.080052394224515488e+00
7.562348513122678639e+00 -3.061304822244449220e+00
7.642799029219728091e+00 -3.050384308030913871e+00
7.723249545316777542e+00 -3.048400840412790025e+00
7.803700061413826994e+00 -3.052523398263498500e+00
7.884150577510876445e+00 -3.064190368507194506e+00
7.964601093607927673e+00 -3.069054934684981806e+00
8.045051609704977125e+00 -3.065542643446752091e+00
8.125502125802025688e+00 -3.053165836372863318e+00
8.205952641899076028e+00 -3.044440751125439437e+00
8.286403157996124591e+00 -3.043935085622058612e+00
8.366853674093176707e+00 -3.037123883788526157e+00
8.447304190190225270e+00 -3.028068609396487254e+00
8.527754706287275610e+00 -3.032204911951916770e+00
8.608205222384324173e+00 -3.025941737742634974e+00
8.688655738481374513e+00 -3.023770565214324968e+00
8.769106254578423076e+00 -3.050241456438720355e+00
8.849556770675475192e+00 -3.064936038251179440e+00
8.930007286772523756e+00 -3.072828761578944690e+00
9.010457802869574095e+00 -3.095207818815029377e+00
9.090908318966622659e+00 -3.092228971376749236e+00
9.171358835063672998e+00 -3.081914410768920476e+00
9.251809351160723338e+00 -3.087666686192240384e+00
9.332259867257773678e+00 -3.115809486271476469e+00
9.412710383354822241e+00 -3.130858951456354955e+00
9.493160899451872581e+00 -3.118075734879309557e+00
9.573611415548921144e+00 -3.108054220796088618e+00
9.654061931645971484e+00 -3.100524328631511395e+00
9.734512447743021823e+00 -3.080465360871655012e+00
9.814962963840072163e+00 -3.062794030372730791e+00
9.895413479937120727e+00 -3.071243014729382104e+00
9.975863996034171066e+00 -3.099303648424178714e+00
1.005631451213121963e+01 -3.123825774787256204e+00
1.013676502822827175e+01 -3.137641480578744702e+00
1.021721554432532031e+01 -3.124748531692869147e+00
1.029766606042237065e+01 -3.108057337200909931e+00
