0.000000000000000000e+00 -1.549019599857431873e-01
8.045051609704977069e-02 -1.996098773096317280e-01
1.609010321940995414e-01 -5.707153289777409100e-01
2.413515482911492982e-01 -1.884184836082780201e+00
3.218020643881990828e-01 -2.135727908066747727e+00
4.022525804852488118e-01 -1.852164112505459981e+00
4.827030965822985964e-01 -1.924580214405609446e+00
5.631536126793483810e-01 -2.222434677614050447e+00
6.436041287763981655e-01 -2.557665329728326054e+00
7.240546448734478391e-01 -2.668412122827913624e+00
8.045051609704976237e-01 -2.771583905656332281e+00
8.849556770675472972e-01 -2.906906436022518303e+00
9.654061931645971928e-01 -3.015276801242038562e+00
1.045856709261647088e+00 -3.112722100016734217e+00
1.126307225358696762e+00 -3.215903011450071070e+00
1.206757741455746435e+00 -3.191025955596328068e+00
1.287208257552796331e+00 -3.139642933759041465e+00
1.367658773649846005e+00 -3.141388844092541710e+00
1.448109289746895678e+00 -3.133197684718796783e+00
1.528559805843945352e+00 -3.057954250754894243e+00
1.609010321940995247e+00 -3.022007100153263792e+00
1.689460838038045143e+00 -3.007377962876202293e+00
1.769911354135094594e+00 -2.927163569269126242e+00
1.850361870232144490e+00 -2.858292074665536919e+00
1.930812386329194386e+00 -2.754158594980185892e+00
2.011262902426244281e+00 -2.665258746603337503e+00
2.091713418523294177e+00 -2.631841731541554985e+00
2.172163934620343628e+00 -2.625275502012036632e+00
2.252614450717393524e+00 -2.639699696060696432e+00
2.333064966814443419e+00 -2.689566359262009154e+00
2.413515482911492871e+00 -2.730435156064370705e+00
2.493965999008542767e+00 -2.749632886775171592e+00
2.574416515105592662e+00 -2.771202486580285118e+00
2.654867031202642558e+00 -2.808029514254969161e+00
2.735317547299692009e+00 -2.868682790206662503e+00
2.815768063396741905e+00 -2.901931791102645875e+00
2.896218579493791356e+00 -2.879181944336380194e+00
2.976669095590841252e+00 -2.849578834246329517e+00
3.057119611687890703e+00 -2.872278802829178357e+00
3.137570127784940599e+00 -2.914990155769344060e+00
3.218020643881990495e+00 -2.901193900232617917e+00
3.298471159979039946e+00 -2.905179482895825949e+00
3.378921676076090286e+00 -2.964900387210529953e+00
3.459372192173139737e+00 -3.024079604918913589e+00
3.539822708270189189e+00 -2.975205988175252614e+00
3.620273224367239528e+00 -2.922500993932810598e+00
3.700723740464288980e+00 -2.908485019202855959e+00
3.781174256561339320e+00 -2.927728607406419492e+00
3.861624772658388771e+00 -2.919282935354234443e+00
3.942075288755438223e+00 -2.888574472791829439e+00
4.022525804852488562e+00 -2.868327284641726038e+00
4.102976320949538014e+00 -2.908164280557397063e+00
4.183426837046588354e+00 -2.945157890806323842e+00
4.263877353143637805e+00 -2.948157147262790101e+00
4.344327869240687257e+00 -2.946586032802352761e+00
4.424778385337737596e+00 -2.972251648347409958e+00
4.505228901434787048e+00 -2.971792283336919027e+00
4.585679417531836499e+00 -2.924864446284741959e+00
4.666129933628886839e+00 -2.920236681883006558e+00
4.746580449725936290e+00 -2.954326164971590618e+00
4.827030965822985742e+00 -3.005460699604571850e+00
4.907481481920036082e+00 -2.988347009717775560e+00
4.987931998017085533e+00 -2.937565538012432143e+00
5.068382514114135873e+00 -2.921202878739374231e+00
5.148833030211185324e+00 -2.937804966019001984e+00
5.229283546308234776e+00 -2.949582894850184989e+00
5.309734062405285115e+00 -2.961184099232455402e+00
5.390184578502334567e+00 -2.962759665696993228e+00
5.470635094599384018e+00 -2.967485308209770523e+00
5.551085610696433470e+00 -2.968439762439190943e+00
5.631536126793483810e+00 -2.974680915602871067e+00
5.711986642890533261e+00 -2.991670058676915378e+00
5.792437158987582713e+00 -3.002974717189862641e+00
5.872887675084633052e+00 -2.992890877019598328e+00
5.953338191181682504e+00 -2.971007791007574728e+00
6.033788707278731955e+00 -2.982337478501850825e+00
6.114239223375781407e+00 -2.998471576555643558e+00
6.194689739472831747e+00 -2.999800177971405635e+00
6.275140255569881198e+00 -3.001866095005950363e+00
6.355590771666931538e+00 -2.991818485381797288e+00
6.436041287763980989e+00 -3.007087873947685619e+00
6.516491803861030441e+00 -3.033949113194782665e+00
6.596942319958079892e+00 -3.041310020900458433e+00
6.677392836055131120e+00 -3.054253778952097598e+00
6.757843352152180572e+00 -3.042168398356679404e+00
6.838293868249230023e+00 -3.023397327182018923e+00
6.918744384346279475e+00 -3.015490016428806097e+00
6.999194900443328926e+00 -3.032772256769654451e+00
7.079645416540378378e+00 -3.025115769079789185e+00
7.160095932637429605e+00 -3.006148509454838358e+00
7.240546448734479057e+00 -3.001862938683926618e+00
7.320996964831528508e+00 -3.017910844964494466e+00
7.401447480928577960e+00 -3.026572027754959482e+00
7.481897997025627411e+00 -3.052375366653155009e+00
7.562348513122678639e+00 -3.043593112429864078e+00
7.642799029219728091e+00 -3.016474192996013048e+00
7.723249545316777542e+00 -3.014402431282255268e+00
7.803700061413826994e+00 -3.022658430741127056e+00
7.884150577510876445e+00 -3.028048828449656504e+00
7.964601093607927673e+00 -3.015336031463642374e+00
8.045051609704977125e+00 -2.997387550437168979e+00
8.125502125802025688e+00 -3.005873610171968746e+00
8.205952641899076028e+00 -3.027565550232071079e+00
8.286403157996124591e+00 -3.029949849728804434e+00
8.366853674093176707e+00 -3.040709205525418568e+00
8.447304190190225270e+00 -3.052634816660673156e+00
8.527754706287275610e+00 -3.077298293295390952e+00
8.608205222384324173e+00 -3.085188809103990515e+00
8.688655738481374513e+00 -3.082302655864558094e+00
8.769106254578423076e+00 -3.064236639850284938e+00
8.849556770675475192e+00 -3.033468992397763575e+00
8.930007286772523756e+00 -3.032911168551198244e+00
9.010457802869574095e+00 -3.042728190893627005e+00
9.090908318966622659e+00 -3.063922566673000780e+00
9.171358835063672998e+00 -3.074192016809844219e+00
9.251809351160723338e+00 -3.064290115837554840e+00
9.332259867257773678e+00 -3.063364718058211977e+00
9.412710383354822241e+00 -3.068726846299342004e+00
9.493160899451872581e+00 -3.071776958636841304e+00
9.573611415548921144e+00 -3.065110562442548314e+00
9.654061931645971484e+00 -3.073865634580442041e+00
9.734512447743021823e+00 -3.075594078724780189e+00
9.814962963840072163e+00 -3.076631550444403729e+00
9.895413479937120727e+00 -3.086058290263813397e+00
9.975863996034171066e+00 -3.112507630946407922e+00
1.005631451213121963e+01 -3.126454047404075176e+00
1.013676502822827175e+01 -3.127729330438344224e+00
1.021721554432532031e+01 -3.117040109161882455e+00
1.029766606042237065e+01 -3.105254561864040141e+00
